Well,Plane,Timepoint,Cell Selected - Number of Objects,Cell Selected - Total Spot Area - Mean per Well,Cell Selected - Number of Spots - Mean per Well,Cell Selected - Relative Spot Intensity - Mean per Well,Cell Selected - Number of Spots per Area of Cytoplasm - Mean per Well,Cell Selected - Intensity Cytoplasm Mean - Mean per Well,Spots Selected - Number of Objects,Spots Selected - Relative Spot  Intensity - Mean per Well,Spots Selected - Corrected Spot  Intensity - Mean per Well,Spots Selected - Spot Area [px²] - Mean per Well,Spots Selected - Intensity Spot Mean - Mean per Well,Number of Analyzed Fields,Height [µm],Time [s],Compound,Concentration,Cell Type,Cell Count,
A01,1,0,2146,11.6770736253,0.393289841566,0.00370299079727,0.000410282173178,1010.44973265,927,0.127602856365,307.8719323,29.7745415318,1957.07023978,4,0,0,,,,,
A02,1,0,2195,39.2596810934,1.50706150342,0.00890557725934,0.00165180959362,1070.77140108,3643,0.118168524352,223.251764799,26.2311281911,1750.77676936,4,0,0,,,,,
A03,1,0,2239,21.0750334971,0.802143814203,0.00526328227929,0.000856029351487,1061.9555672,1960,0.118919377428,256.100045594,26.3428571429,1910.46003121,4,0,0,,,,,
A04,1,0,2257,15.0509525919,0.473637571998,0.00377039412807,0.000494644450002,1019.46245379,1192,0.123208297704,250.784540676,32.2726510067,1776.50048186,4,0,0,,,,,
A05,1,0,2187,14.3754000914,0.48056698674,0.00503670812596,0.000561796452423,1042.98876843,1161,0.128905870157,317.754116099,30.0887166236,2051.41149037,4,0,0,,,,,
A06,1,0,1987,122.533467539,5.09260191243,0.0410758010424,0.00619498023812,1748.19511332,11182,0.140248641945,462.178597609,24.3225719907,3029.77360947,4,0,0,,,,,
A07,1,0,2163,55.5307443366,2.06888580675,0.0142873358302,0.00233955785439,1243.34269338,4923,0.124827327199,290.773668623,26.9138736543,2135.87499915,4,0,0,,,,,
A08,1,0,2328,9.90034364261,0.310137457045,0.00286381363157,0.000360373956262,1047.60881912,800,0.124412218141,263.4750332,32.25375,1871.10105516,4,0,0,,,,,
A09,1,0,2205,9.03628117914,0.277097505669,0.00297898494798,0.000300548484994,1116.10715377,686,0.131634662212,358.7006123,33.4416909621,2297.66968483,4,0,0,,,,,
A10,1,0,2147,10.8723800652,0.342338146251,0.00389682387835,0.000364570890397,1101.14920713,817,0.136280974038,376.768264325,32.5299877601,2418.26841015,4,0,0,,,,,
A11,1,0,2157,8.77607788595,0.257301808067,0.00342130562288,0.000294491668798,1077.22525598,616,0.133051864692,376.910773923,34.1623376623,2275.18030896,4,0,0,,,,,
A12,1,0,1789,187.062045836,5.89044158748,0.089705647753,0.00735694709302,3476.97603946,11547,0.155102692472,1056.19233825,31.9669178142,6434.61343892,4,0,0,,,,,
A13,1,0,2441,154.031954117,5.28062269562,0.0589572510938,0.00667217221917,3238.43153993,14197,0.140325646945,716.46241117,29.499401282,4837.24710268,4,0,0,,,,,
A14,1,0,2238,38.8775692583,1.32082216265,0.00966153383691,0.00149437412004,1335.9960253,3232,0.118118510128,272.942082491,29.5631188119,2149.4247294,4,0,0,,,,,
A15,1,0,2349,13.2694763729,0.416347381865,0.00388802321672,0.000465711590995,1255.91170541,1061,0.122448300533,314.92421902,32.1065032988,2257.86290145,4,0,0,,,,,
A16,1,0,2273,13.0453145623,0.459304883414,0.00362964583936,0.000491973292659,1196.00290709,1148,0.12212430037,296.725081816,29.2351916376,2141.30015856,4,0,0,,,,,
A17,1,0,2093,11.2140468227,0.322503583373,0.00325843817486,0.000350633905093,1128.89036163,758,0.125284153162,289.230826161,35.2968337731,1988.09983802,4,0,0,,,,,
A18,1,0,2169,169.290917473,6.31904103273,0.0656329779324,0.00758081347487,2699.50515889,14970,0.143564585859,704.357999754,27.071008684,4660.53139279,4,0,0,,,,,
A19,1,0,2268,151.068342152,5.27557319224,0.050269820819,0.00601045178447,2012.5714331,13011,0.136562229056,489.764352558,28.7950964568,3401.4214099,4,0,0,,,,,
A20,1,0,2136,108.709737828,4.16338951311,0.0318237346068,0.00482757491577,1506.44326569,9754,0.128895942607,355.308580257,26.335042034,2572.10764514,4,0,0,,,,,
A21,1,0,2263,40.4158197084,1.45647370747,0.010498173964,0.00158008374837,1205.17446237,3535,0.125490185962,319.36518985,28.1601131542,2212.5685995,4,0,0,,,,,
A22,1,0,2078,12.8811357074,0.47978825794,0.00324461713541,0.000530650530069,980.731349852,1070,0.121093450164,223.613897799,27.3551401869,1650.06325234,4,0,0,,,,,
A23,1,0,2098,11.8784556721,0.430886558627,0.00292186864722,0.000475014437142,975.138724011,981,0.118271600995,207.12087037,27.878695209,1576.85189018,4,0,0,,,,,
A24,1,0,2077,13.3875782378,0.486759749639,0.00402163113362,0.000513585109743,917.204669911,1126,0.124203092671,249.464210916,27.6936056838,1706.84405467,4,0,0,,,,,
B01,1,0,2338,12.2660393499,0.557313943541,0.00371821905416,0.000642731425744,938.507492262,1454,0.120896320623,219.764676267,22.1623108666,1596.05404507,4,0,0,,,,,
B02,1,0,2299,12.0956937799,0.475424097434,0.00376699223787,0.000523478781926,919.697167103,1203,0.125865621132,256.09014112,25.7132169576,1775.40226832,4,0,0,,,,,
B03,1,0,2260,12.753539823,0.487610619469,0.00370834900377,0.000526754482779,951.879762292,1222,0.125772678569,254.073620465,26.3649754501,1754.02305926,4,0,0,,,,,
B04,1,0,2304,11.0776909722,0.3515625,0.00304299582703,0.000361456771914,955.401860918,934,0.123882380114,247.592888484,31.4218415418,1709.23907976,4,0,0,,,,,
B05,1,0,2415,9.92215320911,0.373913043478,0.00304365609755,0.00041487056631,977.342508427,1002,0.128025104221,270.272980556,26.7654690619,1801.6351561,4,0,0,,,,,
B06,1,0,2317,9.32239965473,0.280103582218,0.00294901156354,0.000302052951224,966.995966753,725,0.130763633781,296.775206414,33.3393103448,1992.05145093,4,0,0,,,,,
B07,1,0,2323,9.2832544124,0.265174343521,0.00289184174215,0.000292049502724,988.11399076,687,0.12573123182,261.349120761,34.8631732169,1807.34610076,4,0,0,,,,,
B08,1,0,2256,10.0651595745,0.340425531915,0.00319079332469,0.000363721996502,1060.60880902,842,0.125587832196,287.47917685,29.6817102138,1952.45206441,4,0,0,,,,,
B09,1,0,2247,10.2581219404,0.367156208278,0.00271915489125,0.000389210227075,1025.04567151,908,0.126023860699,278.502092884,28.7279735683,1905.80934457,4,0,0,,,,,
B10,1,0,2311,10.5452185201,0.373864128083,0.00336169251571,0.000388271742477,1037.8316956,947,0.13008798479,316.3936431,29.1024287223,2090.08199155,4,0,0,,,,,
B11,1,0,2366,9.14919695689,0.296703296703,0.00322291547993,0.000324746678815,1036.17020368,777,0.136785351377,314.439062404,31.2290862291,1964.42599387,4,0,0,,,,,
B12,1,0,2290,10.2135371179,0.357641921397,0.00294367402684,0.000376862623357,1054.9896473,917,0.12742120914,315.760237352,29.2290076336,2145.29513112,4,0,0,,,,,
B13,1,0,2253,8.59742565468,0.284509542832,0.00211823138084,0.000302621313265,1020.38026108,692,0.121355548268,253.46373041,30.460982659,1806.83752114,4,0,0,,,,,
B14,1,0,2166,8.7728531856,0.267313019391,0.00230721476794,0.000277854831471,997.748062454,620,0.125432125867,271.613352618,33.4016129032,1847.98070512,4,0,0,,,,,
B15,1,0,2232,9.83288530466,0.296146953405,0.00279789845298,0.000304125314971,1012.59145963,727,0.129571938212,284.803921453,34.1911966988,1881.89928497,4,0,0,,,,,
B16,1,0,2218,12.4089269612,0.364292155095,0.00388770004389,0.000377955887242,1065.87505102,913,0.130380746663,320.134430338,34.6188389923,2067.89909324,4,0,0,,,,,
B17,1,0,2088,13.0689655172,0.384099616858,0.00314811251399,0.000403041264606,1013.75758818,897,0.124801052964,261.891470309,34.3132664437,1832.32485846,4,0,0,,,,,
B18,1,0,2232,14.3216845878,0.420250896057,0.00482136879971,0.00043680373804,1020.30010078,1008,0.132275374092,343.385140511,34.0823412698,2100.67412681,4,0,0,,,,,
B19,1,0,2166,10.4344413666,0.352262234534,0.00236462038167,0.000353881459732,959.602424787,856,0.122509518741,221.932069876,30.2488317757,1585.02339552,4,0,0,,,,,
B20,1,0,2145,12.2512820513,0.376223776224,0.00319146956829,0.000390337876524,951.793304033,912,0.126789021212,256.391411175,32.9649122807,1723.84582394,4,0,0,,,,,
B21,1,0,2194,13.5916134913,0.456244302644,0.00362976518192,0.000475708714386,950.208333281,1099,0.123173324865,255.173409701,29.9927206551,1753.44102078,4,0,0,,,,,
B22,1,0,2105,12.7961995249,0.405700712589,0.00326500710202,0.000419651415603,901.93714165,925,0.123453140856,229.212881144,32.3513513514,1611.86692741,4,0,0,,,,,
B23,1,0,2049,12.8091752074,0.466081015129,0.0040718815088,0.000488784705407,886.167401544,1067,0.126711867592,257.841498194,27.8903467666,1676.65836099,4,0,0,,,,,
B24,1,0,2175,8.58022988506,0.351264367816,0.00228434730106,0.00038147803026,987.599735691,833,0.119330464465,218.079805459,24.7190876351,1616.32842457,4,0,0,,,,,
C01,1,0,2129,13.1855331141,0.580084546736,0.00349139203811,0.000605941806785,859.481017913,1362,0.119305436829,218.045051491,22.8399412628,1577.36591607,4,0,0,,,,,
C02,1,0,2170,10.8437788018,0.366359447005,0.00299213493332,0.000389788241215,955.261424941,887,0.125395710494,242.702673358,29.6538895152,1694.51114311,4,0,0,,,,,
C03,1,0,2152,11.7462825279,0.428903345725,0.00293208432295,0.000463299152316,938.869915544,1002,0.11978794785,220.896365053,27.6656686627,1643.23523265,4,0,0,,,,,
C04,1,0,2241,11.8888888889,0.376617581437,0.00294686234042,0.000361575294281,993.760941305,931,0.127832080873,266.437799738,31.8227712137,1784.07327369,4,0,0,,,,,
C05,1,0,2272,9.33230633803,0.30985915493,0.00318998668477,0.00034644781788,981.668843102,781,0.126711051143,295.630220469,31.2215108835,1943.9027069,4,0,0,,,,,
C06,1,0,2334,10.3671808055,0.362039417309,0.00290465404096,0.000376613248835,1023.07613725,942,0.122591275201,268.906175149,28.474522293,1901.86966972,4,0,0,,,,,
C07,1,0,2188,9.05347349177,0.276508226691,0.00258243846639,0.000286163822861,1006.55739798,661,0.127531990126,277.312156568,32.8381240545,1865.36135256,4,0,0,,,,,
C08,1,0,2186,9.62442817932,0.306038426349,0.00297698735595,0.000320496387794,1027.67473566,730,0.128393024247,294.031759179,31.498630137,1979.32689181,4,0,0,,,,,
C09,1,0,2173,9.36355269213,0.323515876668,0.00305376458232,0.0003350698406,1029.89117982,771,0.1360825885,324.583608548,29.7600518807,2031.69589524,4,0,0,,,,,
C10,1,0,2212,10.76039783,0.415009041591,0.00313202166193,0.000437710572326,1057.92026921,990,0.129886228405,297.25380407,25.802020202,2020.83680445,4,0,0,,,,,
C11,1,0,2071,9.92081120232,0.329309512313,0.00311253700852,0.000328327578697,1061.75963364,750,0.130858049199,329.261547861,30.0546666667,2158.92574979,4,0,0,,,,,
C12,1,0,2206,6.52810516772,0.214415231188,0.00159851861456,0.000228939646567,1022.74830744,545,0.120015485281,243.518781314,31.1412844037,1819.56365772,4,0,0,,,,,
C13,1,0,2099,10.0867079562,0.38923296808,0.00280787266671,0.000405571612047,1058.02348049,902,0.123975077515,266.686703687,26.0720620843,1863.71955093,4,0,0,,,,,
C14,1,0,2184,10.2371794872,0.364468864469,0.00375446879459,0.000374923895935,1043.75104816,865,0.132073767194,354.30914051,28.3202312139,2217.78291775,4,0,0,,,,,
C15,1,0,2043,9.13117963779,0.249632892805,0.00222928249318,0.000264207263497,982.615737896,565,0.119474076418,236.577194709,36.6796460177,1721.91297346,4,0,0,,,,,
C16,1,0,2147,9.97205402888,0.362831858407,0.00319480632779,0.000366751108262,1020.92933495,864,0.135316955483,326.571730259,27.7777777778,2021.69728675,4,0,0,,,,,
C17,1,0,2152,10.2973977695,0.313197026022,0.00326715178539,0.000331197662177,1026.21882641,738,0.128509683835,318.473316209,33.2574525745,2077.20984694,4,0,0,,,,,
C18,1,0,2208,11.8125,0.385416666667,0.00430790256381,0.000390269457003,1023.23854263,936,0.138371047187,422.295896611,30.6794871795,2512.18611326,4,0,0,,,,,
C19,1,0,2149,10.8669148441,0.300604932527,0.00321970725491,0.000303511196861,947.0017796,707,0.1314434435,281.652734374,36.7340876945,1802.6913278,4,0,0,,,,,
C20,1,0,2215,9.83792325056,0.326862302483,0.00279559382435,0.000350733886594,933.668790421,809,0.127085955452,245.710030599,30.4882571075,1661.57884832,4,0,0,,,,,
C21,1,0,2146,10.3182665424,0.346691519105,0.00285352650354,0.000344308756842,932.325857479,824,0.121226405897,250.35027567,30.1953883495,1718.11710812,4,0,0,,,,,
C22,1,0,2221,11.3962179199,0.399369653309,0.00290845626622,0.000411016148727,939.92144463,970,0.123561191037,230.53309163,28.8701030928,1603.23533768,4,0,0,,,,,
C23,1,0,2154,11.651810585,0.455431754875,0.00308726503342,0.000473773892222,935.595100531,1073,0.122142257648,233.628519617,25.852749301,1646.86151381,4,0,0,,,,,
C24,1,0,2200,12.4063636364,0.533181818182,0.00357603383116,0.000573576469732,904.365591237,1296,0.122755319125,217.899388061,23.5138888889,1543.36859551,4,0,0,,,,,
D01,1,0,2042,158.91136141,6.97551420176,0.0582735366433,0.00819072330901,1880.56573374,15335,0.149944575421,537.425630548,22.9188783828,3302.89097295,4,0,0,,,,,
D02,1,0,2177,11.5507579237,0.396876435462,0.00307274214136,0.000410344618122,946.076038029,949,0.1235507788,277.457282209,29.3140147524,1916.95904154,4,0,0,,,,,
D03,1,0,2193,12.2348381213,0.478340173279,0.00298204647521,0.000496065273568,915.712968921,1159,0.121655413808,214.45576607,25.7230371009,1576.59077918,4,0,0,,,,,
D04,1,0,2042,11.1238981391,0.323702252693,0.00272333794218,0.000331322415264,968.920554885,735,0.123581350694,244.553851869,34.7265306122,1728.91945294,4,0,0,,,,,
D05,1,0,2229,9.98205473306,0.370121130552,0.00261608229285,0.00040094084869,966.314561415,942,0.124877283264,244.308663304,27.3779193206,1730.02316239,4,0,0,,,,,
D06,1,0,2199,9.3838108231,0.296043656207,0.00238674289738,0.000304407159053,1019.15765468,710,0.124713061828,250.662962066,31.7690140845,1756.8288896,4,0,0,,,,,
D07,1,0,2142,11.4957983193,0.408963585434,0.00327892356531,0.000447379975986,1054.22402261,982,0.12446586246,291.675758331,28.7861507128,1986.98976097,4,0,0,,,,,
D08,1,0,2232,9.56317204301,0.35394265233,0.00311631195618,0.000372538980962,1023.8485887,867,0.130865690754,316.652593172,27.5201845444,2024.85160672,4,0,0,,,,,
D09,1,0,2214,9.33604336043,0.323848238482,0.00261763461671,0.000340784037774,1014.44970333,800,0.126384087184,275.944122895,29.3625,1910.0266428,4,0,0,,,,,
D10,1,0,2148,9.65130353818,0.287243947858,0.00232866096789,0.000310714832602,1008.78118588,679,0.121471940087,244.636066939,33.8954344624,1733.19802507,4,0,0,,,,,
D11,1,0,2165,10.4771362587,0.331639722864,0.00270644832264,0.000325747447033,1005.09486002,813,0.125537204182,270.159719299,31.9901599016,1822.63859442,4,0,0,,,,,
D12,1,0,2158,8.19925857275,0.300741427247,0.00241095687475,0.00031328911584,1045.99996865,714,0.124606567404,268.969062341,27.7240896359,1843.57127021,4,0,0,,,,,
D13,1,0,2153,10.3019043196,0.367394333488,0.00269994183783,0.000370839453508,1029.01089093,873,0.12335293631,266.54855704,28.3069873998,1851.36878093,4,0,0,,,,,
D14,1,0,2156,9.48933209647,0.312615955473,0.00187916130427,0.00030867064922,994.575487844,734,0.116662337564,213.341726838,30.4564032698,1655.01678796,4,0,0,,,,,
D15,1,0,2182,10.9592117324,0.285976168653,0.00286233942903,0.000286466536893,1052.70860514,694,0.130540740365,316.664958859,38.1887608069,2074.6005308,4,0,0,,,,,
D16,1,0,2201,10.100863244,0.304407087687,0.0032368398087,0.000304662958925,1053.74758989,743,0.132029395397,345.212536187,33.5464333782,2159.14182331,4,0,0,,,,,
D17,1,0,2121,11.6251768034,0.330975954738,0.00360545185081,0.000327957580271,1045.09709753,770,0.135549041562,344.215212273,35.512987013,2135.94952596,4,0,0,,,,,
D18,1,0,2399,15.7148812005,0.407669862443,0.00397302595514,0.000403385165713,1260.24345309,1049,0.132307000056,439.061783812,38.3765490944,2843.4265598,4,0,0,,,,,
D19,1,0,2061,10.9781659389,0.335274138768,0.00318972683883,0.000351608059147,979.92695268,761,0.130377487309,275.405177122,32.8409986859,1823.77425982,4,0,0,,,,,
D20,1,0,2135,11.8107728337,0.392037470726,0.00309953326408,0.000399280187608,950.465182183,924,0.125846595228,258.628373786,30.132034632,1737.70637471,4,0,0,,,,,
D21,1,0,2277,10.0210803689,0.348704435661,0.00249025715635,0.000358177074971,947.613668968,856,0.120148115669,234.995361873,29.3376168224,1670.7714761,4,0,0,,,,,
D22,1,0,2183,12.4791571232,0.480073293633,0.00328773241001,0.00050788088001,927.489880272,1131,0.12369372278,240.03767829,26.0212201592,1680.61774358,4,0,0,,,,,
D23,1,0,2129,12.2085486144,0.393142320338,0.00329519011309,0.000424428183565,942.197061539,922,0.120939343688,249.742207399,31.0227765727,1819.09362287,4,0,0,,,,,
D24,1,0,2033,161.677816035,7.7988194786,0.0597130745276,0.00924289471469,2016.51995666,17265,0.150625385775,576.684625037,20.8977121344,3582.17680186,4,0,0,,,,,
E01,1,0,2093,150.408504539,7.43239369326,0.0547334785202,0.00915475677083,1771.89022741,16940,0.147903208977,501.257716905,20.5296340024,3153.40830538,4,0,0,,,,,
E02,1,0,2041,12.5453209211,0.401763841254,0.00307798560754,0.000416924813745,898.302350477,901,0.122371799768,240.715950674,31.5316315205,1695.57310381,4,0,0,,,,,
E03,1,0,2258,13.8799822852,0.473870682019,0.0042697786713,0.000476868163346,958.784054771,1182,0.128771483178,291.055864164,29.0888324873,1907.84088784,4,0,0,,,,,
E04,1,0,2023,9.95106277805,0.311418685121,0.00239253053161,0.000319344265917,938.76213391,688,0.120167872761,234.901561201,32.4854651163,1666.82020254,4,0,0,,,,,
E05,1,0,2351,9.65376435559,0.29646958741,0.00314526848335,0.000312892183554,945.423806641,768,0.131598694332,304.553329097,33.2278645833,1921.44682003,4,0,0,,,,,
E06,1,0,2015,9.84516129032,0.318114143921,0.00271542590613,0.000314547606743,997.513174247,715,0.128256742936,284.198784094,30.9104895105,1869.70487666,4,0,0,,,,,
E07,1,0,2248,9.50711743772,0.335409252669,0.00236832666283,0.000334327139856,982.723794282,838,0.12334160513,249.960090268,28.9880668258,1735.11550478,4,0,0,,,,,
E08,1,0,2231,11.3922008068,0.306588973554,0.00344066571107,0.000310467751659,1057.59614082,744,0.130585773245,341.5300677,37.1532258065,2141.52751452,4,0,0,,,,,
E09,1,0,2051,10.6791808874,0.314480741102,0.00321010898335,0.000315532579879,1019.81912715,702,0.128827567391,286.327846827,34.1011396011,1900.59578884,4,0,0,,,,,
E10,1,0,2163,9.11511789182,0.302357836338,0.00236730129549,0.00029950868198,1042.81765488,713,0.130128221074,277.46952084,30.7826086957,1874.91519539,4,0,0,,,,,
E11,1,0,2080,9.78125,0.330769230769,0.00290401970404,0.000372633043799,1029.32429055,751,0.125124463364,267.586344375,29.6817576565,1902.86144505,4,0,0,,,,,
E12,1,0,2113,9.17463322291,0.28821580691,0.00289585287202,0.000306383182857,1005.63819096,678,0.131072305633,283.787065748,32.0663716814,1868.84785206,4,0,0,,,,,
E13,1,0,2304,9.16579861111,0.236979166667,0.00292497827791,0.000253212540103,1048.95641207,600,0.142753234407,388.296417785,38.8283333333,2374.3300668,4,0,0,,,,,
E14,1,0,2122,9.76814326107,0.302544769086,0.0028473549637,0.000317931451183,1047.28583143,737,0.130710492542,315.415343205,33.7449118046,2071.97352208,4,0,0,,,,,
E15,1,0,2120,10.7051886792,0.346226415094,0.00313888347631,0.000355868228308,1047.97267507,812,0.132764904727,341.318872177,31.5899014778,2157.32527387,4,0,0,,,,,
E16,1,0,2058,10.5077745384,0.267735665695,0.00312260329564,0.000287102007635,1027.13937713,605,0.133145438396,310.712799274,39.7090909091,1996.5509222,4,0,0,,,,,
E17,1,0,2050,12.8292682927,0.380487804878,0.00405270876013,0.00038385425275,1041.78650277,848,0.131959554159,340.192732207,33.9693396226,2195.23205727,4,0,0,,,,,
E18,1,0,2172,9.57872928177,0.293738489871,0.00291911881417,0.000316814418487,990.161501713,717,0.130285570732,304.974158664,32.9316596932,1985.52321934,4,0,0,,,,,
E19,1,0,2206,11.1917497733,0.339981867634,0.00422003422687,0.000352661966641,975.617968015,816,0.137027860789,360.330369976,33.243872549,2124.41587621,4,0,0,,,,,
E20,1,0,2165,12.2337182448,0.398152424942,0.00427949113058,0.000426754148501,964.384893485,951,0.130658580599,314.036171639,31.3196635121,1998.9757287,4,0,0,,,,,
E21,1,0,2115,11.475177305,0.348463356974,0.00301221571011,0.000349648002396,902.940192166,819,0.124648839886,236.12478129,33.3601953602,1643.96305974,4,0,0,,,,,
E22,1,0,2265,13.8445916115,0.470198675497,0.00411917236605,0.00054281959619,916.277553246,1173,0.128539893806,261.292556211,29.6726342711,1721.7275971,4,0,0,,,,,
E23,1,0,2035,14.9022113022,0.533660933661,0.00342204616989,0.000528926406904,879.221836601,1213,0.120940464188,211.906349316,28.4550700742,1501.36492912,4,0,0,,,,,
E24,1,0,2091,159.256336681,7.78527020564,0.0585848998861,0.00939309878302,1899.1557823,17897,0.149112468184,529.941344948,20.6111638822,3320.65576041,4,0,0,,,,,
F01,1,0,2328,11.8870274914,0.517182130584,0.00320108269383,0.00056462699548,848.961508745,1321,0.122512280961,209.472149826,23.0931112793,1479.80232933,4,0,0,,,,,
F02,1,0,2260,151.981858407,5.58628318584,0.0581574976265,0.00708161395417,2193.7203571,13708,0.147511418438,576.264544531,27.2738546834,3633.70746909,4,0,0,,,,,
F03,1,0,2219,9.40243352862,0.319062640829,0.00248639837264,0.000345076241628,912.338447485,780,0.120904522755,242.007286114,29.5179487179,1666.81433515,4,0,0,,,,,
F04,1,0,2201,12.9395729214,0.395274875057,0.00402380921528,0.000404571251465,961.648551532,951,0.133731241599,301.908424165,32.7949526814,1917.81843076,4,0,0,,,,,
F05,1,0,2383,9.39362148552,0.313050776332,0.00303788500436,0.000324657038627,967.684874624,821,0.130312701341,279.14933334,29.9866017052,1829.50009502,4,0,0,,,,,
F06,1,0,2273,14.7778266608,0.486141663,0.00330750653272,0.000501731486112,984.708931954,1193,0.121301658071,239.671687184,30.5465213747,1740.73815784,4,0,0,,,,,
F07,1,0,2138,11.8442469598,0.383536014967,0.00363513300011,0.000380386593419,1037.96401504,904,0.131304543241,344.325233848,30.9900442478,2199.33899136,4,0,0,,,,,
F08,1,0,2128,10.079887218,0.350093984962,0.00283172535835,0.000354694647887,1015.00538731,828,0.125162721736,277.940919924,28.9504830918,1872.96736731,4,0,0,,,,,
F09,1,0,2102,11.648905804,0.388201712655,0.00401988144008,0.000412417086276,1050.71142034,930,0.134504940452,363.181761161,30.6784946237,2279.96529608,4,0,0,,,,,
F10,1,0,2131,9.65603003285,0.290473955889,0.00324420266105,0.000297115275407,1083.03402927,672,0.136192027631,361.535030895,33.65625,2232.23884969,4,0,0,,,,,
F11,1,0,2291,9.30248799651,0.292448712353,0.00301740345939,0.000298645981243,1050.72108297,752,0.134339514551,389.139841595,32.3390957447,2468.8992301,4,0,0,,,,,
F12,1,0,2273,9.84337879454,0.312802463704,0.00332918628623,0.000327797594385,1065.68567163,783,0.135516143986,354.361684658,31.4252873563,2186.57113243,4,0,0,,,,,
F13,1,0,2274,9.40457343887,0.302990325418,0.00303988940555,0.000313859669891,1060.56131788,742,0.129799728561,349.648166506,31.1253369272,2304.12855889,4,0,0,,,,,
F14,1,0,2247,8.37739207833,0.280373831776,0.00238768076242,0.000296148395475,1013.93863264,693,0.127655835328,278.832232109,30.3852813853,1872.11149474,4,0,0,,,,,
F15,1,0,2100,11.0566666667,0.357142857143,0.00344833811128,0.000362144758467,1014.61272025,825,0.128483416451,299.535513801,31.023030303,1955.03248484,4,0,0,,,,,
F16,1,0,2180,12.5931192661,0.348623853211,0.00324142671944,0.000358928279147,1015.53006614,836,0.126535467363,272.09859484,36.5753588517,1889.78228606,4,0,0,,,,,
F17,1,0,2046,11.6143695015,0.331867057674,0.00334039725207,0.000324933005163,1006.44387597,776,0.130297598414,291.07667608,35.5476804124,1870.05605476,4,0,0,,,,,
F18,1,0,2120,12.520754717,0.391509433962,0.00334901742046,0.000381868876098,1005.61023747,901,0.128072285635,278.36072238,32.4039955605,1836.89752886,4,0,0,,,,,
F19,1,0,2145,10.9543123543,0.341724941725,0.00265647461765,0.000332969160558,954.207383467,821,0.121647478617,242.656278685,32.6723507917,1670.89935945,4,0,0,,,,,
F20,1,0,2193,10.4208846329,0.318741450068,0.00247850133389,0.000318900585258,950.731491918,770,0.122632025063,239.385728435,33.0142857143,1677.68633269,4,0,0,,,,,
F21,1,0,2082,11.8165225744,0.359750240154,0.00351529764701,0.000359014584172,914.280405938,823,0.128051851206,269.262275936,32.8590522479,1777.04711459,4,0,0,,,,,
F22,1,0,2257,12.1674789544,0.374833850244,0.00326066236178,0.000392134267883,901.199902648,918,0.124912928318,225.727486495,32.3289760349,1554.11560796,4,0,0,,,,,
F23,1,0,1077,170.873723305,7.4382544104,0.0692551273828,0.00901393704747,2278.53793309,8844,0.153297308914,662.718803073,23.1982134781,4056.43112161,3,0,0,,,,,
F24,1,0,1991,13.2812656956,0.557006529382,0.00275151415026,0.00054372239793,844.691887571,1226,0.116341424312,177.496844977,23.9518760196,1374.38190967,4,0,0,,,,,
G01,1,0,2123,13.0113047574,0.552048987282,0.00292145124136,0.000549118902294,862.763156008,1295,0.115635268008,193.430782635,23.4988416988,1511.00637663,4,0,0,,,,,
G02,1,0,1778,145.61136108,5.92238470191,0.0524654563352,0.00726528552649,1851.26167973,11749,0.145853623132,509.729155659,24.7887479786,3250.24112442,4,0,0,,,,,
G03,1,0,2203,9.68542896051,0.336359509759,0.00263852284302,0.00035223444777,915.973619955,825,0.122070798929,242.435771331,29.1721212121,1753.51263392,4,0,0,,,,,
G04,1,0,2224,10.128147482,0.305305755396,0.00297099088846,0.000313782256529,944.077655838,745,0.126456325948,267.833744974,33.3087248322,1760.88019852,4,0,0,,,,,
G05,1,0,2203,10.1171130277,0.347253744893,0.00310519868689,0.000350164798634,974.732665825,839,0.131593593982,304.774110281,29.1930870083,1951.50616529,4,0,0,,,,,
G06,1,0,2230,8.73632286996,0.27264573991,0.0026174331041,0.000296888876599,988.32243983,689,0.127285503052,275.543356429,31.7721335269,1817.30780547,4,0,0,,,,,
G07,1,0,2269,7.80828558836,0.234464521816,0.00263093490589,0.000239875153076,1044.22953374,600,0.130637687015,357.03438089,33.745,2139.72706992,4,0,0,,,,,
G08,1,0,2270,9.27753303965,0.362114537445,0.00306915191552,0.000378452048912,1069.66769008,912,0.129017544602,326.271076855,25.9342105263,2085.61166579,4,0,0,,,,,
G09,1,0,2170,8.63548387097,0.333179723502,0.00242013626922,0.000339707515729,1001.43417096,809,0.123057814067,270.900619333,26.4536464771,1821.34515848,4,0,0,,,,,
G10,1,0,2214,8.77145438121,0.285004516712,0.00339058739895,0.00031293433404,1063.53152895,688,0.138759565886,377.445904381,30.7979651163,2318.29411265,4,0,0,,,,,
G11,1,0,2215,9.430248307,0.288036117381,0.00329279288919,0.000282827391106,1053.02984588,711,0.135198391478,413.934272476,32.9985935302,2481.89145721,4,0,0,,,,,
G12,1,0,2132,9.94512195122,0.353658536585,0.00275242875201,0.000366539120487,1024.41037619,831,0.123275572957,287.37029135,28.1010830325,2000.39366573,4,0,0,,,,,
G13,1,0,2262,10.2206012378,0.334217506631,0.00274432599469,0.000325048383788,1045.12565189,838,0.13148520499,304.975475525,30.7267303103,1957.9683301,4,0,0,,,,,
G14,1,0,2127,10.5881523272,0.430183356841,0.00284627611712,0.000425632131897,1024.67077776,997,0.125444783642,264.111639348,24.5997993982,1830.62192962,4,0,0,,,,,
G15,1,0,2181,9.12746446584,0.381476386978,0.00285014978307,0.000376352667731,1116.04190118,926,0.130845363014,348.451417687,24.156587473,2259.30369002,4,0,0,,,,,
G16,1,0,2306,8.81179531657,0.27406764961,0.00292290312893,0.00031907188553,1013.83782916,694,0.131921867801,284.074221818,32.3314121037,1897.84670489,4,0,0,,,,,
G17,1,0,2052,10.0331384016,0.292884990253,0.00328624313054,0.000293034694183,1001.18770029,680,0.136835915405,360.030845374,34.7764705882,2209.39143162,4,0,0,,,,,
G18,1,0,2074,10.6190935391,0.320636451302,0.00321284146491,0.000325615446054,1035.68883807,719,0.13010281124,322.666491698,33.4673157163,2117.1809723,4,0,0,,,,,
G19,1,0,2082,12.3554274736,0.398655139289,0.00348868077551,0.000406790928233,959.325970127,909,0.12942431002,280.823469545,31.2112211221,1820.40186955,4,0,0,,,,,
G20,1,0,2130,10.7882629108,0.32441314554,0.00311582980124,0.000320421247043,923.873353644,754,0.127025290916,260.648989825,33.2042440318,1706.81625939,4,0,0,,,,,
G21,1,0,2207,10.7068418668,0.367014046217,0.00331445333083,0.000392637761265,907.667933675,915,0.126648308089,252.276934637,29.5825136612,1669.40083387,4,0,0,,,,,
G22,1,0,2217,11.8836265223,0.33198015336,0.00352148712072,0.000354619676168,895.668235134,800,0.126236546819,263.827065924,35.705,1764.6325374,4,0,0,,,,,
G23,1,0,1830,130.187431694,4.7087431694,0.042427683147,0.00560935678433,2325.48631494,9308,0.139515006393,591.693475634,27.8876235496,3931.66473847,4,0,0,,,,,
G24,1,0,210,26.319047619,0.833333333333,0.00544277460883,0.000652110201909,1100.22280188,257,0.134708532938,371.722098832,34.3229571984,2487.72060979,4,0,0,,,,,
H01,1,0,2213,10.5404428378,0.508811568007,0.00256129310113,0.000541808260937,876.303768769,1266,0.116406866401,189.740834875,20.855450237,1465.78687007,4,0,0,,,,,
H02,1,0,2229,12.1763122476,0.428443248093,0.00340490029541,0.000451108035257,907.191034233,1075,0.123908792655,243.652771765,28.391627907,1677.66426824,4,0,0,,,,,
H03,1,0,2185,9.99542334096,0.378489702517,0.00286465634098,0.000392845688038,917.635523286,928,0.124497470804,276.22330651,27.2349137931,1898.65861236,4,0,0,,,,,
H04,1,0,2205,11.398185941,0.338321995465,0.00314768676896,0.000352156648808,938.180706368,813,0.123769317852,240.18382246,33.3407134071,1677.12582363,4,0,0,,,,,
H05,1,0,2221,9.85231877533,0.302566411526,0.00325888934242,0.000333588276198,944.524520251,737,0.131051793266,282.977187246,32.7530529172,1785.88536962,4,0,0,,,,,
H06,1,0,2180,10.3247706422,0.403211009174,0.00323209675589,0.000430397289851,988.002803874,994,0.125704562321,274.951742361,25.7193158954,1858.91534713,4,0,0,,,,,
H07,1,0,2426,17.0325638912,0.487221764221,0.00460291696938,0.000502886298986,1149.87914548,1301,0.13308018648,351.838818639,34.3405073021,2292.61287161,4,0,0,,,,,
H08,1,0,2245,9.81514476615,0.36570155902,0.00293704432503,0.000380602414413,1021.26249473,925,0.126292112725,283.305392814,26.96,1888.2662942,4,0,0,,,,,
H09,1,0,2187,9.75400091449,0.372199359854,0.00295904608269,0.00036683007138,1043.21332676,894,0.12835269272,316.14750011,26.615212528,2080.21114997,4,0,0,,,,,
H10,1,0,2201,9.17855520218,0.24488868696,0.00322529695493,0.00026978500662,1089.39745879,582,0.137237226519,372.105213029,37.4862542955,2248.71069115,4,0,0,,,,,
H11,1,0,2177,9.26320624713,0.344510794672,0.00253841475575,0.000355947830026,1024.95799652,840,0.124346177763,257.898142389,27.0464285714,1798.54031235,4,0,0,,,,,
H12,1,0,2175,8.84735632184,0.248275862069,0.0031945575702,0.000259588479613,1084.68165361,599,0.138513970987,397.37168706,35.8080133556,2389.35962744,4,0,0,,,,,
H13,1,0,2326,8.635855546,0.276010318143,0.00303358485913,0.000308482458537,1054.61173521,716,0.132942352526,356.943342091,31.5642458101,2280.72270089,4,0,0,,,,,
H14,1,0,2076,9.95905587669,0.314547206166,0.00327834117322,0.000307349439665,1052.7322924,712,0.130864674389,346.593853649,31.6558988764,2083.11942557,4,0,0,,,,,
H15,1,0,2141,8.6417561887,0.269967304998,0.00236751255725,0.000268378276196,1039.67126237,630,0.129305985912,351.769734136,32.5476190476,2273.32011773,4,0,0,,,,,
H16,1,0,2135,9.42903981265,0.296018735363,0.002733273605,0.000295549319116,1009.25039232,707,0.130275813776,292.954603616,31.8189533239,1924.98322559,4,0,0,,,,,
H17,1,0,2228,9.10906642729,0.286355475763,0.00294751117312,0.000304085515708,998.973423414,708,0.130806150372,295.816224896,32.6652542373,1920.18874897,4,0,0,,,,,
H18,1,0,2203,8.47435315479,0.285973672265,0.00273111105162,0.000298915956635,991.901719073,686,0.130232045038,299.49881475,29.8250728863,1882.77864773,4,0,0,,,,,
H19,1,0,2128,10.0808270677,0.294642857143,0.00329837741735,0.000308283526241,965.002916835,692,0.131917863584,333.41292314,34.7080924855,2048.29508918,4,0,0,,,,,
H20,1,0,2076,12.8964354528,0.458574181118,0.0039727344529,0.000442595352988,960.464197038,1054,0.133146430193,336.489630733,28.3358633776,2106.26002932,4,0,0,,,,,
H21,1,0,2223,11.5964912281,0.40350877193,0.0032227115306,0.00043118380871,926.318147563,997,0.123156661406,241.347883631,29.1424272818,1688.65757147,4,0,0,,,,,
H22,1,0,2121,12.9589816124,0.467232437529,0.00359034408379,0.000480094137516,913.795759579,1090,0.127010003072,236.40368174,28.280733945,1613.80138998,4,0,0,,,,,
H23,1,0,2151,11.2278010228,0.41329614133,0.00278223752098,0.000431430447985,891.830572489,992,0.122581916565,224.702203211,27.9405241935,1578.30631491,4,0,0,,,,,
H24,1,0,2128,11.5422932331,0.468515037594,0.00318029498039,0.000495904384451,847.133474417,1139,0.120328288391,210.61676902,24.804214223,1476.41351928,4,0,0,,,,,
I01,1,0,2034,11.2404129794,0.420353982301,0.0025669025611,0.00042461666567,877.314534841,933,0.118878313308,205.4312841,26.9399785638,1527.16184606,4,0,0,,,,,
I02,1,0,2025,12.5832098765,0.386172839506,0.00344476867661,0.000391589682883,891.037610425,897,0.128054894532,249.70062722,32.4358974359,1687.86051099,4,0,0,,,,,
I03,1,0,2013,10.1400894188,0.390461997019,0.00322143553578,0.000413529836415,935.825680239,885,0.126286256677,266.303120194,25.8576271186,1728.26986576,4,0,0,,,,,
I04,1,0,2163,15.4960702728,0.404993065187,0.0037643427037,0.000394103562688,918.630192859,975,0.123428002829,240.74721394,38.1835897436,1655.09342694,4,0,0,,,,,
I05,1,0,2190,10.8853881279,0.343835616438,0.00296706104568,0.000344796072358,945.546274226,857,0.126880898894,263.18422049,31.9778296383,1751.30347488,4,0,0,,,,,
I06,1,0,2176,9.84420955882,0.416360294118,0.00279069018289,0.000439343561324,986.629546513,1019,0.125946022957,290.583418784,23.6918547596,1944.12775636,4,0,0,,,,,
I07,1,0,2185,9.68787185355,0.297482837529,0.00302524573724,0.000307811659267,999.76202754,716,0.131211255964,320.485677126,32.9148044693,1979.58715643,4,0,0,,,,,
I08,1,0,2015,12.2039702233,0.4158808933,0.00385265784297,0.000405460301459,1020.70212712,940,0.129025233606,322.829817285,29.5617021277,2045.09919861,4,0,0,,,,,
I09,1,0,2061,11.4318292091,0.372149442018,0.00312743966631,0.000365333055501,1034.69280667,848,0.129341168755,302.152749031,30.7983490566,1986.06130842,4,0,0,,,,,
I10,1,0,2038,7.94111874387,0.253680078508,0.00187400223522,0.000249250176203,1034.71226516,565,0.122756598078,243.19703498,31.9238938053,1763.51812751,4,0,0,,,,,
I11,1,0,2118,10.4971671388,0.317752596789,0.00318125076498,0.000322020198965,1074.58242431,722,0.132124849783,328.951630461,33.4819944598,2140.69463778,4,0,0,,,,,
I12,1,0,2033,9.75848499754,0.306443679292,0.00264811630618,0.000303931428032,1022.11329417,670,0.124328181938,282.586060079,31.8701492537,1942.89358342,4,0,0,,,,,
I13,1,0,2107,8.39012814428,0.252017085904,0.00275362227527,0.000268288243552,1091.59726153,579,0.132220341238,327.424142137,33.9775474957,2058.50222898,4,0,0,,,,,
I14,1,0,2234,9.18800358102,0.333482542525,0.00290050200098,0.000335292103704,1023.49595477,818,0.130325401213,297.603617196,27.9254278729,1933.36953207,4,0,0,,,,,
I15,1,0,1977,9.58320687911,0.332827516439,0.00280092246556,0.000331449582615,1030.08642828,747,0.129507972584,321.437990007,29.0910307898,2006.39655728,4,0,0,,,,,
I16,1,0,2013,11.8415300546,0.328862394436,0.00368617280292,0.000341148448239,1021.82417579,734,0.134459693185,341.178880349,36.159400545,2092.9868173,4,0,0,,,,,
I17,1,0,2001,11.5487256372,0.36331834083,0.00314395546273,0.000361693801649,997.868516533,807,0.12884157137,296.285135071,32.5588599752,1930.15656401,4,0,0,,,,,
I18,1,0,2010,11.4009950249,0.360696517413,0.00301863215745,0.000373460810755,992.052538164,794,0.13023113538,265.911195725,32.234256927,1779.37589372,4,0,0,,,,,
I19,1,0,2102,9.02188392008,0.260228353949,0.00277435332103,0.00025749485741400003,960.345579782,600,0.134618729,304.467597738,34.7983333333,1891.62467288,4,0,0,,,,,
I20,1,0,2107,11.3554817276,0.40246796393,0.00332739435667,0.000406801076287,949.864106101,930,0.129671409702,276.306248437,28.6462365591,1784.77102597,4,0,0,,,,,
I21,1,0,2048,10.1899414063,0.2763671875,0.00306220146758,0.000276504362675,907.207015022,638,0.130976380586,272.703260543,37.4310344828,1738.07607851,4,0,0,,,,,
I22,1,0,2082,14.881364073,0.527377521614,0.00412790420839,0.000515590234977,900.431452732,1187,0.129010568591,250.280894754,28.4380791912,1685.01987509,4,0,0,,,,,
I23,1,0,2153,12.8132837901,0.455643288435,0.0032590942963,0.00048236748492,884.223400461,1055,0.1216138713,216.09711569,28.2180094787,1539.57726919,4,0,0,,,,,
I24,1,0,2067,12.5012094823,0.492985002419,0.00320852711928,0.000509918420374,852.425158067,1123,0.124119207295,217.843964325,25.874443455,1509.61935066,4,0,0,,,,,
J01,1,0,2188,11.5850091408,0.338208409506,0.00346037803794,0.00035188149878,876.611845043,821,0.127775296538,261.78388401,34.2862362972,1718.31340948,4,0,0,,,,,
J02,1,0,2153,11.9354389224,0.38179284719,0.00313393553513,0.000394680373556,899.091525695,896,0.127058305554,252.787855015,31.3928571429,1695.85570466,4,0,0,,,,,
J03,1,0,2208,11.0149456522,0.373641304348,0.00317851217861,0.000390670721506,914.994738768,915,0.129561693442,252.234370206,29.3540983607,1690.55974437,4,0,0,,,,,
J04,1,0,2173,13.3768982973,0.405890473999,0.00361997951866,0.000424836001122,935.063281394,984,0.1244612795,249.08197962,33.1443089431,1689.20448168,4,0,0,,,,,
J05,1,0,2202,15.4250681199,0.47366030881,0.00475843552862,0.000517554497275,1021.82312425,1201,0.130124060725,318.765446191,32.4388009992,2059.33666956,4,0,0,,,,,
J06,1,0,2132,9.79596622889,0.323170731707,0.00267721506536,0.000339202228833,981.151851061,784,0.128012786623,277.160257814,30.4795918367,1822.90107161,4,0,0,,,,,
J07,1,0,2101,10.3536411233,0.334126606378,0.00328979116131,0.000345425911748,1019.84662232,798,0.135726710433,318.905075161,31.454887218,1990.43585714,4,0,0,,,,,
J08,1,0,2083,10.7402784446,0.374459913586,0.00343458574383,0.000377925351915,1024.0888956,853,0.132574820226,303.602295225,28.7643610785,1947.32560921,4,0,0,,,,,
J09,1,0,2121,10.2154644036,0.365865157944,0.00307525828623,0.00036642185439,1042.11861977,855,0.129932130987,309.03949864,28.2526315789,2017.95166286,4,0,0,,,,,
J10,1,0,2150,10.1204651163,0.317674418605,0.00309578334624,0.000321262368759,1041.23809627,758,0.133454709625,321.011229376,31.8970976253,2032.63655799,4,0,0,,,,,
J11,1,0,2183,10.5799358681,0.370590929913,0.00310543497848,0.000361823050533,1043.90431981,884,0.132291113292,334.173687532,28.4988687783,2201.40144543,4,0,0,,,,,
J12,1,0,2068,9.03239845261,0.233558994197,0.00277688305085,0.000241747779841,1030.20364572,543,0.137392631348,335.571332668,39.3314917127,2053.94079764,4,0,0,,,,,
J13,1,0,2207,10.664703217,0.347983688265,0.00326850845757,0.000367016642299,1029.06170258,837,0.130537637917,299.224816969,30.8172043011,1965.89647986,4,0,0,,,,,
J14,1,0,2108,7.75284629981,0.234345351044,0.00226251340361,0.000237943938385,1021.0133182,562,0.133499079188,285.630092064,33.4217081851,1836.42345338,4,0,0,,,,,
J15,1,0,2004,9.94910179641,0.293912175649,0.00284929081028,0.000299698150445,1003.05077197,645,0.127974698543,295.358954115,34.0852713178,1964.01239209,4,0,0,,,,,
J16,1,0,2094,11.3252148997,0.425978987584,0.0031873532347,0.000448147980696,987.957280944,983,0.125317523462,279.31585722,26.506612411,1902.36444924,4,0,0,,,,,
J17,1,0,2227,14.2209250112,0.465648854962,0.00482842310236,0.000542096130461,1150.67669479,1116,0.134947257105,337.861230386,30.7715053763,2104.37056495,4,0,0,,,,,
J18,1,0,2222,11.4819981998,0.323582358236,0.00304811463435,0.000323143301753,1006.51679254,786,0.12687303287,270.417857664,35.7493638677,1838.07304757,4,0,0,,,,,
J19,1,0,2046,12.5738025415,0.415933528837,0.00339537292587,0.000412785202609,948.053187835,927,0.129510706938,275.279247056,30.4843581446,1813.24786625,4,0,0,,,,,
J20,1,0,2046,10.5635386119,0.324046920821,0.00330110636828,0.000339794923036,935.388994446,734,0.131090244752,281.686046902,32.6839237057,1778.02224604,4,0,0,,,,,
J21,1,0,2090,9.94354066986,0.344497607656,0.00225185275072,0.000365649067267,908.441872213,795,0.118242288982,198.172368086,29.0628930818,1476.48995502,4,0,0,,,,,
J22,1,0,2108,10.5066413662,0.358633776091,0.00305333292583,0.000367999777351,889.802675542,844,0.125364482961,239.881434799,29.8199052133,1582.42234956,4,0,0,,,,,
J23,1,0,2090,11.3980861244,0.376555023923,0.0032509809127,0.000392352534778,873.730628798,881,0.128126397313,249.488046812,30.6311010216,1630.08498425,4,0,0,,,,,
J24,1,0,1950,14.7979487179,0.551794871795,0.00403344384855,0.000579233666368,856.261795545,1201,0.124348876661,219.572655868,27.0383014155,1515.80411175,4,0,0,,,,,
K01,1,0,2034,10.8741396264,0.332350049164,0.00278227277352,0.000352535170314,854.947489783,759,0.122912704045,220.123440697,32.5085638999,1548.35485068,4,0,0,,,,,
K02,1,0,1937,9.73360867321,0.357769747031,0.00229208176387,0.000368332941156,899.66491699,782,0.119533797291,211.71793568,27.3913043478,1588.89778988,4,0,0,,,,,
K03,1,0,1930,10.0352331606,0.411398963731,0.00246116203923,0.00043057476715,948.88600332,885,0.121461364855,223.035218084,24.3242937853,1643.1237609,4,0,0,,,,,
K04,1,0,1985,8.90982367758,0.280100755668,0.00221617968337,0.000287866981551,932.44782222,620,0.121459715701,224.352782472,31.7612903226,1653.88942838,4,0,0,,,,,
K05,1,0,2152,10.2425650558,0.331319702602,0.00289824685066,0.000341756348471,953.273772557,793,0.128595928987,265.44023867,31.1399747793,1743.37280574,4,0,0,,,,,
K06,1,0,1925,11.4888311688,0.408831168831,0.0031546175537,0.000412659166871,1004.10749667,884,0.127954856696,287.534608175,28.1165158371,1859.22670961,4,0,0,,,,,
K07,1,0,2086,9.84563758389,0.301054650048,0.00249829062402,0.00031013248887,1002.04204668,691,0.123744939501,253.863423036,32.7829232996,1737.76379236,4,0,0,,,,,
K08,1,0,1933,9.41127780652,0.321779617175,0.00277145773798,0.000349167499308,1040.4405671,728,0.130423844534,317.055838967,29.9107142857,2142.93689244,4,0,0,,,,,
K09,1,0,2004,7.70109780439,0.265469061876,0.00206124308539,0.000261380225265,1048.83661729,594,0.127679391188,286.514401563,29.7760942761,1946.49385243,4,0,0,,,,,
K10,1,0,1962,8.87971457696,0.302752293578,0.00283352485694,0.000305582179184,1042.79316152,662,0.131095527315,328.610031893,29.3791540785,2098.55623226,4,0,0,,,,,
K11,1,0,1893,8.43159006867,0.278922345483,0.00283226248293,0.000280298746109,1079.54195547,591,0.133700102048,344.492460359,31.0592216582,2144.31668365,4,0,0,,,,,
K12,1,0,2083,7.78396543447,0.210273643783,0.00243336213044,0.000212040605392,1071.20571723,490,0.135936531189,358.446676615,37.7020408163,2250.77854669,4,0,0,,,,,
K13,1,0,1944,9.545781893,0.383230452675,0.00260743278853,0.000392784067668,1019.17552755,840,0.125548450454,264.347561577,25.2964285714,1866.02906098,4,0,0,,,,,
K14,1,0,1801,10.5258189895,0.320377568018,0.00274772288699,0.000317359223698,1021.1167332,649,0.123653068798,287.267815786,32.8798151002,1977.54761916,4,0,0,,,,,
K15,1,0,1949,10.2529502309,0.351462288353,0.00312624294759,0.000354643860427,1028.27203861,761,0.13120161206,309.195243972,29.7542706965,2005.49905486,4,0,0,,,,,
K16,1,0,1877,9.98028769313,0.335641981886,0.00265585573358,0.000350062837552,986.689165252,694,0.12469046548,264.584679049,29.992795389,1760.92423765,4,0,0,,,,,
K17,1,0,1944,9.60699588477,0.299382716049,0.00262095527332,0.000310393169292,957.547079327,655,0.125206346321,240.364671869,32.1511450382,1636.10180454,4,0,0,,,,,
K18,1,0,1914,9.61807732497,0.275862068966,0.00278313650303,0.0002817499369,1012.50796794,598,0.128348918712,305.72492244,34.4230769231,1924.19957534,4,0,0,,,,,
K19,1,0,2041,11.0259676629,0.329740323371,0.00371540304097,0.000343230977483,967.35528175699994,741,0.133601229959,352.486079603,33.3940620783,2130.49469746,4,0,0,,,,,
K20,1,0,1883,10.6558682953,0.335634625597,0.00334325029397,0.000351722510214,950.623989539,688,0.128432024621,285.711425719,32.0930232558,1841.45298066,4,0,0,,,,,
K21,1,0,2046,9.96823069404,0.361681329423,0.00254555260102,0.000380901539084,915.932959902,827,0.123130611201,237.904479746,27.8210399033,1693.52957486,4,0,0,,,,,
K22,1,0,1992,10.6079317269,0.359437751004,0.00324009360833,0.000380454265428,900.513284761,787,0.130304781375,242.147628268,29.9695044473,1595.2585376,4,0,0,,,,,
K23,1,0,1878,11.3849840256,0.390841320554,0.00288645129173,0.000402410071834,891.049408077,817,0.119018374378,212.820468027,29.1591187271,1519.40728232,4,0,0,,,,,
K24,1,0,1994,14.0386158475,0.56369107322,0.00342052333114,0.000572284442591,857.226528392,1221,0.12049022223,212.461567632,25.0049140049,1540.60753281,4,0,0,,,,,
L01,1,0,1796,152.381959911,5.8513363029,0.0505064481501,0.00673492963853,1930.6897452,11492,0.14417522764,530.611783582,26.2811521058,3408.11634385,4,0,0,,,,,
L02,1,0,2235,9.70648769575,0.333333333333,0.00265628492623,0.000366564389672,912.423080789,811,0.121585255723,237.544048929,29.0258939581,1701.73329849,4,0,0,,,,,
L03,1,0,2128,11.6456766917,0.413533834586,0.00338145755645,0.000438991154859,913.124642861,986,0.125966145567,252.436643309,28.1622718053,1723.95267422,4,0,0,,,,,
L04,1,0,2036,11.2190569745,0.326620825147,0.00362680210786,0.000354033204268,944.195303106,749,0.131509545072,292.004106926,34.308411215,1816.25754811,4,0,0,,,,,
L05,1,0,1971,9.89548452562,0.339928970066,0.00305896842762,0.000368272301328,933.855521785,745,0.129211091394,270.210620445,29.1020134228,1740.15163292,4,0,0,,,,,
L06,1,0,2059,12.0733365712,0.354541039339,0.00323074726664,0.000355558127157,995.719011507,810,0.127237983335,306.677802969,33.8765432099,1993.25327272,4,0,0,,,,,
L07,1,0,1930,12.4626943005,0.416580310881,0.00377298115995,0.000435455622783,1010.55986107,894,0.131241763336,299.778693067,30.355704698,1969.01909037,4,0,0,,,,,
L08,1,0,2103,10.1997146933,0.354731336186,0.00296587212824,0.0003518225834,1018.46393974,852,0.133374190699,332.197024535,29.4953051643,2156.83975157,4,0,0,,,,,
L09,1,0,2002,10.9400599401,0.359140859141,0.00243972515466,0.000349896378364,1017.44707221,803,0.124043581542,249.154308521,30.5404732254,1716.30219103,4,0,0,,,,,
L10,1,0,1940,11.1257731959,0.326288659794,0.00275876385027,0.000318537158964,1043.3389134,690,0.12614414892,287.83045614,33.9550724638,1918.71306539,4,0,0,,,,,
L11,1,0,2046,11.6647116325,0.380254154448,0.00284595931009,0.000395101548428,983.099419483,896,0.122840704948,241.415954424,31.0736607143,1720.10909805,4,0,0,,,,,
L12,1,0,1871,9.63548904329,0.277391769107,0.00236688140654,0.000275779675778,1004.87485021,584,0.12532195431,257.003450189,34.7859589041,1777.32044016,4,0,0,,,,,
L13,1,0,1917,9.32185706834,0.297339593114,0.00260480603826,0.000296924719422,1030.98144979,650,0.124808423405,313.759697102,32.1430769231,1994.04559303,4,0,0,,,,,
L14,1,0,1986,8.6218529708,0.256797583082,0.00263212841348,0.000268771570912,1089.31140956,568,0.132103651883,299.916305325,33.7693661972,1916.16583885,4,0,0,,,,,
L15,1,0,1847,10.9794260964,0.361667569031,0.00346022615526,0.000345840376306,1010.42173633,743,0.13435044691,323.426295346,31.1238223419,1982.68141375,4,0,0,,,,,
L16,1,0,1818,9.59405940594,0.320682068207,0.0027300458561,0.000318413483718,993.50372534,672,0.130946866492,283.509542218,30.2738095238,1814.62421298,4,0,0,,,,,
L17,1,0,1780,11.8241573034,0.423033707865,0.00336339618193,0.000416807758016,999.599508678,839,0.129803339004,285.551369694,28.1692491061,1848.91953744,4,0,0,,,,,
L18,1,0,1880,12.6063829787,0.390957446809,0.00359257821134,0.000383160493891,996.958048141,813,0.13156514483,340.845242307,32.9544895449,2193.62264134,4,0,0,,,,,
L19,1,0,1974,10.8080040527,0.336372847011,0.00310769488429,0.000346886150875,968.364139126,727,0.1289758917,280.776072385,32.3920220083,1850.13059364,4,0,0,,,,,
L20,1,0,1899,10.458135861,0.333333333333,0.00283412192249,0.000338005547209,932.848904342,680,0.127734408484,252.789629998,31.7161764706,1692.93111619,4,0,0,,,,,
L21,1,0,1886,11.7603393425,0.466065747614,0.00332746688035,0.000487785494642,923.633316811,958,0.125267552394,226.064131123,25.4509394572,1580.98498953,4,0,0,,,,,
L22,1,0,1980,12.6303030303,0.428282828283,0.0038355378874,0.000450965442255,931.601806447,943,0.126735694034,272.823401279,29.7688229056,1809.82591527,4,0,0,,,,,
L23,1,0,2010,12.0572139303,0.423383084577,0.00298920800912,0.000426858201099,885.193796946,951,0.121259999837,209.347995121,28.7812828601,1487.64703588,4,0,0,,,,,
L24,1,0,1732,147.843533487,7.01616628176,0.0483032916433,0.00795620584757,1756.92043636,13346,0.144606325027,476.927392737,21.298291623,3065.31419346,4,0,0,,,,,
M01,1,0,2025,171.788148148,6.15901234568,0.068065822606,0.00756144432393,2046.47611527,13693,0.152004306168,605.607347742,27.8933031476,3684.74986014,4,0,0,,,,,
M02,1,0,1966,13.3463886063,0.3997965412,0.00459369243059,0.00039326082501,1070.83232989,876,0.142305725278,399.525455798,33.350456621,2379.9016583,4,0,0,,,,,
M03,1,0,2034,10.1248770895,0.308751229105,0.00290252716928,0.000327215834512,935.329896562,706,0.12615830312,272.630336828,33.440509915,1856.52265038,4,0,0,,,,,
M04,1,0,2100,10.2671428571,0.331904761905,0.00304370930856,0.000358180819173,956.49369124,784,0.127315458776,285.457684102,30.3354591837,1902.21726135,4,0,0,,,,,
M05,1,0,2227,8.69241131567,0.254153569825,0.00230690161488,0.00025514662598,947.879821464,652,0.127457732198,250.575795383,33.5061349693,1734.63185932,4,0,0,,,,,
M06,1,0,2075,9.19518072289,0.266024096386,0.0026161519804,0.000258310883192,994.08188555,618,0.12981177426,301.892711227,34.6618122977,1977.36440825,4,0,0,,,,,
M07,1,0,1967,9.07219115404,0.265887137773,0.00249809668435,0.000264224496743,1000.78832706,595,0.129979460244,286.096433907,34.5529411765,1829.18371152,4,0,0,,,,,
M08,1,0,1982,11.6634712412,0.313824419778,0.00281758303006,0.000303807687859,1014.97153233,688,0.128608835366,293.963397203,37.1468023256,1991.20642187,4,0,0,,,,,
M09,1,0,1851,11.7314964884,0.368449486764,0.00342561819934,0.000380769171142,1010.96900587,748,0.132293708179,316.435128661,32.6082887701,1978.45824449,4,0,0,,,,,
M10,1,0,1847,12.3513806172,0.395235517055,0.00341597643293,0.000399213839088,1085.21784741,813,0.129943792836,293.755401262,31.2373923739,1910.47147906,4,0,0,,,,,
M11,1,0,1920,11.5380208333,0.355208333333,0.00286432220459,0.000363914271651,992.55000614,750,0.124171777605,264.589789987,32.7693333333,1851.45764999,4,0,0,,,,,
M12,1,0,2012,9.70377733598,0.267892644135,0.00296622793975,0.000284448836736,1034.59402164,589,0.129055628899,353.810646436,36.533106961,2171.79907942,4,0,0,,,,,
M13,1,0,2066,11.4428848015,0.392545982575,0.00325963939239,0.000410685656945,988.832773828,876,0.129720937247,289.907518213,29.4406392694,1914.09991559,4,0,0,,,,,
M14,1,0,2037,8.75355915562,0.25969563083,0.00210851501036,0.000253719859728,1014.49999432,596,0.125671391717,285.846571148,33.7063758389,1954.10501079,4,0,0,,,,,
M15,1,0,1911,11.2794348509,0.316588173731,0.00302687226496,0.00029384871259,1021.03349931,680,0.129713095035,351.111964951,35.7411764706,2239.92126176,4,0,0,,,,,
M16,1,0,1968,11.3043699187,0.393292682927,0.00365226080036,0.000420403389034,1031.4524691,881,0.12875964125,292.367457679,28.6379114642,1932.90171151,4,0,0,,,,,
M17,1,0,1964,10.9414460285,0.33350305499,0.00321736082515,0.000327885061878,987.071440735,743,0.131094158582,286.497340093,33.1144010767,1855.45764616,4,0,0,,,,,
M18,1,0,1900,12.7715789474,0.364736842105,0.00342206989813,0.000376316470073,1010.26764148,771,0.128095541812,296.233410896,35.5680933852,1958.16098447,4,0,0,,,,,
M19,1,0,1921,13.6949505466,0.459656428943,0.00387533641746,0.000463903449289,977.759402426,979,0.129447613882,288.449121194,29.8324821246,1831.9293765,4,0,0,,,,,
M20,1,0,2009,14.0054753609,0.382777501244,0.00376609197798,0.000373948189362,969.437918591,829,0.128739252103,286.857058918,37.0289505428,1866.82311054,4,0,0,,,,,
M21,1,0,1923,14.2386895476,0.426937077483,0.00405955383239,0.000450471657173,940.304603419,913,0.124200285208,262.306485172,33.8838992333,1747.00592599,4,0,0,,,,,
M22,1,0,2153,17.987459359,0.570366929865,0.00448412878214,0.000616033100776,1000.59284885,1369,0.123693352413,259.694516354,31.9583637692,1830.03632465,4,0,0,,,,,
M23,1,0,1896,14.1561181435,0.457805907173,0.00360151971925,0.000457686698295,893.198098425,948,0.124933230004,243.670045783,31.305907173,1678.16372992,4,0,0,,,,,
M24,1,0,1955,165.249104859,7.46035805627,0.0643908585178,0.00900497689592,2238.93508479,15871,0.150319170183,639.397400604,22.3224749543,3975.85495016,4,0,0,,,,,
N01,1,0,2208,13.6277173913,0.463315217391,0.00403422622876,0.000485587547174,907.186552107,1122,0.12915856809,258.694954972,29.307486631,1749.06822448,4,0,0,,,,,
N02,1,0,2080,162.035096154,6.11346153846,0.065915720238,0.00806364479995,2232.27773299,13877,0.150162103529,642.737693453,26.5938603445,4010.98330519,4,0,0,,,,,
N03,1,0,2202,10.1267029973,0.319255222525,0.00287532462662,0.000334854590492,929.107029519,786,0.127356315295,280.282899036,31.9732824427,1860.86300469,4,0,0,,,,,
N04,1,0,2176,9.23851102941,0.299172794118,0.00228746463946,0.000318802698155,958.705921239,733,0.122927119702,242.627962535,30.6084583902,1733.38529174,4,0,0,,,,,
N05,1,0,2022,11.3818001978,0.334817012859,0.00332009556716,0.00034034072412,974.837038589,751,0.132291028449,349.255619339,34.2836218375,2231.5887345,4,0,0,,,,,
N06,1,0,2030,6.70640394089,0.200985221675,0.00181293512065,0.00020849352906,1224.41312958,439,0.127923536524,333.026404071,33.271070615,2258.4949936,4,0,0,,,,,
N07,1,0,1898,10.5711275026,0.290832455216,0.00316109442512,0.000283878792716,1019.47967339,626,0.132053190149,340.541355762,36.5015974441,2178.15077979,4,0,0,,,,,
N08,1,0,2103,9.38278649548,0.325249643367,0.00251995745512,0.000358819528028,998.18191783,745,0.124615821734,266.740684077,29.0590604027,1841.18902237,4,0,0,,,,,
N09,1,0,2073,9.18282682103,0.305354558611,0.00258340606253,0.000321059825612,1035.32986854,737,0.13058620716,289.792006408,30.5088195387,1961.79593597,4,0,0,,,,,
N10,1,0,2149,11.5542112611,0.350860865519,0.00384116121989,0.000411422587367,1503.1634027,849,0.13300239817,347.835508662,32.9458186101,2301.44017217,4,0,0,,,,,
N11,1,0,2022,11.8496538081,0.362017804154,0.00396632816143,0.000396381158248,1039.02229793,805,0.133368225372,338.993407435,32.6546583851,2085.67486759,4,0,0,,,,,
N12,1,0,2119,11.9089193016,0.344502123643,0.00365135238793,0.000340319500937,1024.8203703,792,0.138306253782,367.376727638,34.8143939394,2258.44508289,4,0,0,,,,,
N13,1,0,2045,15.4958435208,0.41564792176,0.00418673855952,0.000430769547269,1070.50503447,937,0.132137064604,332.78058923,37.7918890075,2206.95756381,4,0,0,,,,,
N14,1,0,2000,10.763,0.352,0.00266767166279,0.000350637676487,982.383783331,788,0.127045565035,263.057710632,30.8147208122,1811.86649873,4,0,0,,,,,
N15,1,0,1995,12.0952380952,0.335839598997,0.00392637576847,0.00034871154518,992.153145544,745,0.135450493166,323.901531478,36.0859060403,1969.25779189,4,0,0,,,,,
N16,1,0,1729,13.5176402545,0.408328513592,0.00371081087752,0.000410346060638,1004.64450025,800,0.126743224168,269.181673914,33.36875,1793.41098304,4,0,0,,,,,
N17,1,0,1877,12.1827384124,0.393713372403,0.00286735052454,0.000380491173019,956.959292828,838,0.122764782324,245.217962627,31.062052506,1744.00071474,4,0,0,,,,,
N18,1,0,1889,12.7670725251,0.398623610376,0.00322439716906,0.000391602438947,974.053510193,829,0.125900968258,268.215140646,32.1411338963,1805.5962653,4,0,0,,,,,
N19,1,0,1761,12.3747870528,0.366837024418,0.00341769372873,0.00037435666188,967.93619575,716,0.128663476886,279.784540433,33.7067039106,1811.16122628,4,0,0,,,,,
N20,1,0,1886,12.1829268293,0.369565217391,0.00337622263711,0.000392985142147,920.03332661699994,779,0.124994706893,260.154741221,33.432605905,1797.0198247,4,0,0,,,,,
N21,1,0,1934,11.9069286453,0.336091003102,0.00378805615733,0.000343269130212,942.88076115,734,0.129157455502,296.992014578,36.3855585831,1824.33887416,4,0,0,,,,,
N22,1,0,1986,12.2155085599,0.449647532729,0.00340787923414,0.000468023308972,912.39666072,1001,0.124847141544,264.00489912,27.0779220779,1797.72407305,4,0,0,,,,,
N23,1,0,1553,170.235672891,6.91564713458,0.0680481525792,0.00847089693432,2212.94827186,11971,0.152652431307,640.414853158,24.9152117618,3911.93251785,4,0,0,,,,,
N24,1,0,1850,14.7086486486,0.56,0.00452345603731,0.000549963105789,875.023231452,1124,0.130473126212,261.307217357,26.5302491103,1687.1846396,4,0,0,,,,,
O01,1,0,1784,11.9461883408,0.387331838565,0.00325429676017,0.000351770486797,1022.32357374,761,0.130594159409,316.808235576,30.7240473062,2041.77839452,4,0,0,,,,,
O02,1,0,1921,147.643414888,5.87766788131,0.0501395740437,0.0070056316545,1852.73677405,12259,0.143072523111,503.916073002,25.3238437067,3255.98334984,4,0,0,,,,,
O03,1,0,2126,10.1128880527,0.31937911571,0.00309332729796,0.000334469771087,942.133185039,746,0.131509626207,279.15336021,31.9222520107,1804.44446831,4,0,0,,,,,
O04,1,0,2051,8.85714285714,0.271574841541,0.00265471552922,0.000276030607132,963.776108928,623,0.128192997209,281.337914436,32.5152487961,1890.18369065,4,0,0,,,,,
O05,1,0,2196,9.87295081967,0.329234972678,0.00274821074927,0.000377449434793,948.771864868,810,0.120700970027,240.042369522,29.9296296296,1748.64618084,4,0,0,,,,,
O06,1,0,2147,8.67722403354,0.306474149977,0.00235209689544,0.000324137030127,958.263296058,721,0.122504862439,237.220792676,28.5395284327,1649.47619365,4,0,0,,,,,
O07,1,0,2173,8.5697192821,0.267372296364,0.00320898391781,0.000286877681199,1094.57307967,637,0.141579089833,426.759936292,32.84144427,2415.49809586,4,0,0,,,,,
O08,1,0,1939,10.9277978339,0.379061371841,0.00383814056102,0.000399078283596,1054.72172817,845,0.136533993371,353.175919278,29.1621301775,2236.48611634,4,0,0,,,,,
O09,1,0,1953,8.67229902714,0.268817204301,0.00271508070256,0.000295357182167,989.866464439,590,0.128754598003,304.396740209,32.2745762712,2019.54936016,4,0,0,,,,,
O10,1,0,2068,8.82108317215,0.306576402321,0.00234920018903,0.000316398189818,991.973640404,724,0.125948152571,274.162567355,29.2375690608,1882.17353895,4,0,0,,,,,
O11,1,0,2052,9.47904483431,0.288499025341,0.00293164218313,0.00030667203832,1031.0461291,667,0.132292512516,341.415915584,33.5127436282,2174.96961182,4,0,0,,,,,
O12,1,0,2120,8.24716981132,0.258018867925,0.00244573161697,0.000281451793149,988.817687051,594,0.131974604438,300.204892984,31.6936026936,1911.01300902,4,0,0,,,,,
O13,1,0,2031,10.4234367307,0.328409650419,0.00370385195347,0.000337534338155,1058.61464195,741,0.137302545403,356.929454863,32.2037786775,2173.79361391,4,0,0,,,,,
O14,1,0,2100,10.01,0.35380952381,0.00277844355831,0.000366293530678,973.620494626,835,0.127202633563,254.622578981,28.4443113772,1732.429033,4,0,0,,,,,
O15,1,0,2142,10.6881419234,0.374883286648,0.00302480091038,0.000382348490119,966.084792905,907,0.124880162666,254.221909378,29.1730981257,1738.3141737,4,0,0,,,,,
O16,1,0,1999,13.3191595798,0.428214107054,0.00411529561146,0.000460069295771,1002.80452942,916,0.132297517974,320.168543934,31.0829694323,2055.86865011,4,0,0,,,,,
O17,1,0,2093,9.87720974677,0.342092689919,0.00237681634386,0.000332277056803,938.739746441,794,0.123259870011,233.112474693,28.7141057935,1639.27859815,4,0,0,,,,,
O18,1,0,1928,11.273340249,0.370850622407,0.00291879878728,0.000386188206059,983.171548327,781,0.124796983672,253.273805539,30.5736235595,1756.63826032,4,0,0,,,,,
O19,1,0,1937,12.5658234383,0.358802271554,0.00368420750776,0.000343946885768,1056.90356027,769,0.132939428596,346.07329785,34.9076723017,2195.22028013,4,0,0,,,,,
O20,1,0,2105,10.5021377672,0.348218527316,0.00282174332298,0.000367048385075,906.729426031,822,0.1264535876,249.19780852,30.9318734793,1653.37238349,4,0,0,,,,,
O21,1,0,2053,11.7345348271,0.367267413541,0.00307989951739,0.000406826979561,912.235779364,832,0.12585378031,228.675376915,32.2067307692,1591.92880248,4,0,0,,,,,
O22,1,0,2076,12.5496146435,0.404142581888,0.00312323137722,0.000417782722692,932.615132794,923,0.12287903887,227.772087663,31.0888407367,1635.58673763,4,0,0,,,,,
O23,1,0,1851,157.03997839,6.75418692599,0.0554693885875,0.00797239098813,1926.53450623,13739,0.145914907219,537.248299235,23.452289104,3415.57878269,4,0,0,,,,,
O24,1,0,2043,13.1287322565,0.461086637298,0.00370467312901,0.000475366747716,892.503516656,1025,0.126506366297,249.701116483,28.5414634146,1718.19354382,4,0,0,,,,,
P01,1,0,1960,9.81836734694,0.296428571429,0.00300658310818,0.000303165284541,1051.96122563,645,0.133042180883,319.285440237,33.4201550388,2040.38686027,4,0,0,,,,,
P02,1,0,2209,12.2105024898,0.427342689,0.00406184629721,0.000439556035999,980.997982721,1050,0.133340120754,325.026436779,28.739047619,2047.13664941,4,0,0,,,,,
P03,1,0,2178,10.6115702479,0.375573921028,0.00321981955765,0.000418935536954,932.827447432,897,0.124898411202,273.281196303,28.4871794872,1899.78137707,4,0,0,,,,,
P04,1,0,2286,10.3888888889,0.32895888014,0.00278932545433,0.000348276914721,940.75941702,834,0.12529725369,241.725994437,31.3585131894,1685.28751751,4,0,0,,,,,
P05,1,0,2159,9.81519221862,0.301065308013,0.00286926365947,0.000318834994511,938.741617831,734,0.129179743615,264.154895433,32.970027248,1784.48669963,4,0,0,,,,,
P06,1,0,2069,9.55679072015,0.309811503142,0.0025752420563,0.000318910412286,948.9645731,698,0.126504002234,253.1330227,30.9828080229,1733.02847363,4,0,0,,,,,
P07,1,0,2245,9.44855233853,0.336748329621,0.00303015449839,0.000361531304511,973.453076314,831,0.124981735911,278.288417169,28.0493381468,1872.75302558,4,0,0,,,,,
P08,1,0,2182,9.46471127406,0.308432630614,0.0030011925691,0.000331123244971,965.900967703,758,0.131966692517,295.392885764,30.9709762533,1928.50191201,4,0,0,,,,,
P09,1,0,2219,9.17305092384,0.309598918432,0.00289936940709,0.000337194369205,981.607836465,754,0.12885495799,268.063124282,29.9814323607,1811.32272812,4,0,0,,,,,
P10,1,0,1982,10.4369323915,0.321392532795,0.00339619725755,0.000338695030142,967.253846281,694,0.130154123464,323.465601492,32.8371757925,2072.50348233,4,0,0,,,,,
P11,1,0,2151,8.87029288703,0.271966527197,0.00277718638415,0.000289563497117,957.644475059,644,0.127762446786,284.362722737,32.4782608696,1873.89311842,4,0,0,,,,,
P12,1,0,2095,9.37136038186,0.317899761337,0.00293171318132,0.000344564169511,996.934430758,743,0.129605679155,301.686386399,29.5423956931,1969.06123664,4,0,0,,,,,
P13,1,0,1992,10.8644578313,0.414658634538,0.00315528309782,0.00042497826233,965.205139693,910,0.129313058367,263.10075019,26.3582417582,1750.73719929,4,0,0,,,,,
P14,1,0,2028,10.7578895464,0.402366863905,0.00342889624838,0.000429833912384,940.481853265,896,0.131587462063,283.04335439,27.171875,1827.23055039,4,0,0,,,,,
P15,1,0,1984,11.7293346774,0.349798387097,0.00398466471483,0.000392642971998,1003.18034696,759,0.133849026227,319.958714202,34.2213438735,2020.90783329,4,0,0,,,,,
P16,1,0,2003,9.48377433849,0.282076884673,0.0032947152854000002,0.000298296230514,1059.68861439,635,0.136033927067,366.225443195,34.011023622,2288.64732883,4,0,0,,,,,
P17,1,0,2054,10.5107108082,0.321324245375,0.00258645051225,0.000318367068756,913.51645233,727,0.123679326978,227.516226083,32.6932599725,1608.24831645,4,0,0,,,,,
P18,1,0,2193,10.9708162335,0.418148654811,0.00304923891112,0.000431843650514,944.366727061,1018,0.124930183278,247.424524271,26.510805501,1734.16998691,4,0,0,,,,,
P19,1,0,2093,9.29288103201,0.323936932633,0.00239379946738,0.000333863592071,916.875499299,743,0.122746327194,217.477458557,29.0807537012,1522.51106475,4,0,0,,,,,
P20,1,0,2136,11.0112359551,0.307584269663,0.00302094138594,0.000315152701919,905.185283057,734,0.129388462054,255.258882581,35.9400544959,1670.78186643,4,0,0,,,,,
P21,1,0,2237,10.652212785,0.329459097005,0.00299437196179,0.000347587300879,905.430773507,805,0.126140538978,236.351892941,32.4447204969,1605.58458621,4,0,0,,,,,
P22,1,0,2009,11.5933300149,0.326530612245,0.00274831359973,0.000327459165792,879.85904094,728,0.120925445273,200.501899131,35.7692307692,1451.65014686,4,0,0,,,,,
P23,1,0,2277,10.9797979798,0.390865173474,0.00334239047563,0.000413135825378,889.55030508,989,0.128783625616,240.429080053,28.4812942366,1595.35025225,4,0,0,,,,,
P24,1,0,1952,12.3509221311,0.482069672131,0.0036258146506,0.000510968833346,915.760916434,1016,0.125240358529,237.345021849,25.8385826772,1626.50981406,4,0,0,,,,,
