Database Name	Phenix ODA 2
Database Location	http://opera2.dyn.scilifelab.se/ODA/OdaService.asmx
Evaluation Signature	0eb0de99-36b7-4b2f-af6f-40f9f5f5bae2
Plate Name	P102918
Measurement	Measurement 1
Evaluation	Evaluation1

[Data]
Row	Column	Plane	Timepoint	Cell Selected - Number of Objects	Cell Selected - Total Spot Area - Mean per Well	Cell Selected - Number of Spots - Mean per Well	Cell Selected - Relative Spot Intensity - Mean per Well	Cell Selected - Number of Spots per Area of Cytoplasm - Mean per Well	Cell Selected - Intensity Cytoplasm Mean - Mean per Well	Spots Selected - Number of Objects	Spots Selected - Relative Spot  Intensity - Mean per Well	Spots Selected - Corrected Spot  Intensity - Mean per Well	Spots Selected - Spot Area [px²] - Mean per Well	Spots Selected - Intensity Spot Mean - Mean per Well	Number of Analyzed Fields	Height [µm]	Time [s]	Compound	Concentration	Cell Type	Cell Count	
1	1	1	0	1831	106.887493173	4.44401966139	0.0432725265883	0.00634269271185	1776.00400592	8828	0.144883869956	496.623039726	24.3608971454	3166.48640285	4	0	0					
1	2	1	0	1950	8.76256410256	0.284615384615	0.00333277098453	0.000362005641728	948.544257075	613	0.127359008795	327.45259537	31.1337683524	2114.81627953	4	0	0					
1	3	1	0	2239	7.641357749	0.225993747209	0.0028759338568	0.000306159114593	958.306045229	560	0.124797057277	284.839386932	34.3	1934.60753461	4	0	0					
1	4	1	0	2149	20.795718939	0.75197766403	0.00579242689638	0.000861500834205	1030.29481203	1732	0.122144018088	259.733094361	28.1581986143	1900.7393174	4	0	0					
1	5	1	0	1968	9.03404471545	0.218495934959	0.00354005055203	0.000286636470545	1054.64000078	471	0.131466063437	377.743123731	42.3503184713	2302.12063713	4	0	0					
1	6	1	0	2125	8.15105882353	0.242352941176	0.00333377404381	0.00031423076494	1250.62528274	554	0.123795391679	336.311586485	34.1714801444	2184.74651715	4	0	0					
1	7	1	0	2231	6.77095472882	0.180188256387	0.00270683303305	0.000233565469251	1048.94386473	439	0.127049920253	339.781542798	37.6013667426	2122.46483252	4	0	0					
1	8	1	0	2049	9.39921913128	0.283064909712	0.00323964145296	0.000354401561588	1045.08911614	635	0.126708211278	308.529896754	33.7511811024	2117.19564113	4	0	0					
1	9	1	0	2352	8.11139455782	0.232142857143	0.00275033227643	0.000287378952189	1081.49741401	587	0.12966386282	336.482436836	35.3730834753	2197.85440374	4	0	0					
1	10	1	0	900	15.2455555556	0.255555555556	0.00514059662791	0.000216559127309	1020.11462565	274	0.17654749658	545.896086798	60.0255474453	2573.7483411	4	0	0					
1	11	1	0	1942	10.3939237899	0.288877445932	0.00402802621564	0.000368642666826	1081.11483477	610	0.125996478037	361.529963471	36.3475409836	2306.50476764	4	0	0					
1	12	1	0	1197	18.2706766917	0.490392648287	0.00768891473423	0.000596654225331	1041.38320443	647	0.134811039602	363.684079585	37.1885625966	2272.69315582	4	0	0					
1	13	1	0	1932	9.36387163561	0.254140786749	0.00371875943535	0.000311549626608	985.360406596	537	0.132417974392	395.415621951	37.1731843575	2288.43803756	4	0	0					
1	14	1	0	1978	7.7406471183	0.212841253792	0.00274350182835	0.000273805072091	1102.07992977	451	0.126863941748	347.348203899	37.7028824834	2168.54859771	4	0	0					
1	15	1	0	2011	9.69666832422	0.291894579811	0.00324895259563	0.000375780783824	1013.95963104	631	0.122767085702	272.037588417	33.5103011094	1899.48751381	4	0	0					
1	16	1	0	1211	16.9157720892	0.367464905037	0.00632413123252	0.000404837121223	984.470952796	500	0.140843537145	387.177285265	47.588	2242.90468027	4	0	0					
1	17	1	0	2357	26.3343232923	0.926601612219	0.00810534238642	0.00120993817624	1098.76882237	2310	0.124209095597	279.720546389	28.8714285714	2055.76321292	4	0	0					
1	18	1	0	1578	62.6134347275	2.15589353612	0.0279071850283	0.00429004480772	1484.93935122	3585	0.130603073094	350.61339928	29.3076708508	2518.80869682	4	0	0					
1	19	1	0	2046	8.21847507331	0.210654936461	0.00302931976351	0.000309369918681	1077.9739876	466	0.12601705082	308.656758098	38.9120171674	2032.73170354	4	0	0					
1	20	1	0	919	14.5310119695	0.275299238303	0.00691069146025	0.000308905877196	900.728240268	288	0.176790649911	537.335991389	53.2569444444	2648.26931495	4	0	0					
1	21	1	0	2093	8.72479694219	0.24558050645	0.00276099404509	0.000318084213996	943.123802264	561	0.122252612148	290.767532982	35.9215686275	2081.38247671	4	0	0					
1	22	1	0	1038	22.7408477842	0.429672447013	0.00685290625687	0.000407463993498	934.986346467	479	0.145025171154	345.222880354	53.1189979123	1979.38541326	4	0	0					
1	23	1	0	1799	127.630350195	5.1439688716	0.0563413417236	0.00724342155451	1767.45821318	10113	0.152335758057	523.491086406	25.1802630278	3178.09479985	4	0	0					
1	24	1	0	2132	10.8667917448	0.291744840525	0.00459712327816	0.000365125921653	1002.46937035	679	0.136827518659	450.097547642	37.2680412371	2555.8444115	4	0	0					
2	1	1	0	2166	100.485226223	4.38457987073	0.0398524213214	0.00610374560441	1395.84612848	10240	0.145363506634	396.855497468	23.0775390625	2532.19270012	4	0	0					
2	2	1	0	2224	8.81699640288	0.247751798561	0.00318882619172	0.000311863981431	981.285537337	602	0.126558458844	329.518197487	35.9335548173	2162.46011253	4	0	0					
2	3	1	0	2065	6.23486682809	0.193220338983	0.00246781406657	0.000246318787453	931.029135793	431	0.128118420371	319.583580228	32.2621809745	2060.91601629	4	0	0					
2	4	1	0	996	17.2489959839	0.401606425703	0.00636591728594	0.000427408272239	977.034318392	430	0.145845995719	398.719576575	44.7465116279	2233.08616687	4	0	0					
2	5	1	0	1198	107.70951586	3.3898163606	0.0677890526774	0.00567144502329	1822.71820583	4454	0.153940797052	608.62451287	32.0482712169	3675.87119623	4	0	0					
2	6	1	0	1403	8.93014967926	0.230220955096	0.00375591326805	0.000231379567886	971.81427527	359	0.150423252045	450.741305573	40.1559888579	2379.9146673	4	0	0					
2	7	1	0	2249	7.64384170743	0.218763895064	0.00250372450381	0.000278023511239	1030.91923209	539	0.124802501877	312.061002396	38.3376623377	2091.18455298	4	0	0					
2	8	1	0	1776	9.61599099099	0.271959459459	0.00330303953634	0.000359112413666	1044.4641409	516	0.123290724681	325.039070272	35.2945736434	2289.82505472	4	0	0					
2	9	1	0	2088	8.34099616858	0.236111111111	0.00347168593831	0.000291703104459	1049.03237967	536	0.132507475469	398.516589812	35.6100746269	2407.29010223	4	0	0					
2	10	1	0	2020	12.3475247525	0.372772277228	0.00447543022569	0.000499893660775	1030.74630968	811	0.124967252395	303.636095869	32.9519112207	2029.24736126	4	0	0					
2	11	1	0	2122	9.5	0.23656927427	0.00304059471918	0.000290356542395	1038.15599942	538	0.128956931895	387.227869384	40.3197026022	2477.48942892	4	0	0					
2	12	1	0	2209	8.22498868266	0.251244907198	0.00276136501786	0.000330381667855	1010.4594284	606	0.125872475661	314.268900046	33.4356435644	2088.11093418	4	0	0					
2	13	1	0	2080	10.1278846154	0.294230769231	0.00341412223039	0.000353454916303	1059.23609306	658	0.129405575577	441.043980596	34.6626139818	2663.1134802	4	0	0					
2	14	1	0	1876	6.55117270789	0.179637526652	0.00224458055165	0.000184382310565	986.490316837	364	0.141108890201	460.871486595	36.7692307692	2682.33752559	4	0	0					
2	15	1	0	1823	11.7103675261	0.439934174438	0.00418172810827	0.000544146650683	1098.63873995	896	0.126822318659	371.099382985	27.1707589286	2365.71150555	4	0	0					
2	16	1	0	2052	8.83040935673	0.280214424951	0.00309151227144	0.000349076192853	1028.67406347	629	0.125975885986	324.609034077	31.7106518283	2164.99257524	4	0	0					
2	17	1	0	2068	12.1910058027	0.411025145068	0.00423559549024	0.000520212239762	1023.42654177	919	0.125240389805	311.580206695	30.1251360174	2083.58974619	4	0	0					
2	18	1	0	2158	9.25208526413	0.260889712697	0.00323046192727	0.000330423332471	1032.68682367	611	0.125783270002	338.870149168	35.4484451718	2217.26578875	4	0	0					
2	19	1	0	2094	10.041069723	0.247851002865	0.00324518286551	0.000315701438716	1014.24899749	553	0.125160821369	314.5634378	40.5515370705	2046.9734537	4	0	0					
2	20	1	0	1740	24.1425287356	0.496551724138	0.0064870347861	0.000610161098386	994.046282012	963	0.124041952714	256.12221572	49.2180685358	1841.19771513	4	0	0					
2	21	1	0	2083	10.0244839174	0.294287085934	0.00389963312815	0.000394335108181	1037.78520727	665	0.127703307612	357.566660267	34.7503759398	2237.95130387	4	0	0					
2	22	1	0	1734	86.3967704729	3.53517877739	0.0210742355983	0.00351715831874	1084.05221124	6720	0.133108472987	272.481476236	24.6754464286	1887.1822462	4	0	0					
2	23	1	0	1747	117.176874642	4.88723526045	0.0477092362821	0.00663200276216	1506.67846325	9339	0.148965632186	437.473023147	24.3665274655	2723.11024139	4	0	0					
2	24	1	0	1899	9.89046866772	0.259083728278	0.00349303151456	0.00030637144925	1028.79823933	540	0.13344559399	413.928735549	38.6462962963	2404.89306574	4	0	0					
3	1	1	0	1643	147.824710895	5.77115033475	0.0821977124186	0.00948796264263	2187.16435126	10237	0.160362885362	669.590600578	25.9352349321	3899.25286594	4	0	0					
3	2	1	0	1875	10.5610666667	0.2976	0.0036099005004	0.000382602971435	980.443561585	597	0.12818622857	360.845481649	35.9346733668	2243.39564553	4	0	0					
3	3	1	0	1967	11.2038637519	0.399084900864	0.00325362580086	0.000497017566414	954.359405812	852	0.121939750776	248.026135639	28.3685446009	1805.80245218	4	0	0					
3	4	1	0	2010	8.33233830846	0.237810945274	0.00343184413863	0.000291598528413	952.651342688	525	0.135267812614	364.727820401	35.3047619048	2192.50180027	4	0	0					
3	5	1	0	2308	11.6382149047	0.293327556326	0.00419165195947	0.000407769470662	1001.8359195	724	0.120562136387	280.384707972	39.0317679558	1981.64090378	4	0	0					
3	6	1	0	2025	9.26864197531	0.254814814815	0.00297810315072	0.000318651592911	1018.38726035	557	0.127861358841	320.819613261	37.1921005386	2026.03290607	4	0	0					
3	7	1	0	1205	13.3742738589	0.299585062241	0.0041515136302	0.00035717792891	1369.26103017	404	0.136662478006	426.565967098	44.8044554455	2750.86990034	4	0	0					
3	8	1	0	1438	30.0883171071	0.578581363004	0.0087039329753	0.00065676784507	1051.31441752	939	0.128149194617	310.860250401	52.1437699681	2052.97470965	4	0	0					
3	9	1	0	2040	8.67352941176	0.201470588235	0.00340994530851	0.000282295750994	1117.17856577	436	0.128471926378	390.081074753	43.4059633028	2434.92225453	4	0	0					
3	10	1	0	107	109.485981308	3.60747663551	0.056473040871	0.00504517551871	1606.79587691	510	0.161101501601	623.68339382	31.868627451	3523.80914697	4	0	0					
3	11	1	0	1792	7.43080357143	0.21875	0.0025112868488	0.000270442364849	1079.59605724	447	0.132349325589	414.120686382	35.062639821	2508.36192591	4	0	0					
3	12	1	0	2103	10.5920114123	0.296718972896	0.00350516704656	0.000372133079997	1012.36028458	669	0.123923696461	295.267363086	35.7100149477	2036.58501835	4	0	0					
3	13	1	0	2171	7.04514048825	0.202671579917	0.00253477248665	0.000260763132005	1014.05847378	476	0.130981288649	347.122476966	35.7226890756	2184.65697221	4	0	0					
3	14	1	0	2000	8.101	0.2155	0.00258509878823	0.00028150995422	1077.50094533	479	0.124560481142	295.878623822	38.2985386221	2016.6591051	4	0	0					
3	15	1	0	1955	8.49002557545	0.223017902813	0.00344507486114	0.000320346224809	1092.38173276	467	0.132036793563	390.988227234	38.5246252677	2328.29559412	4	0	0					
3	16	1	0	2098	10.3174451859	0.310295519542	0.003637498428	0.000366904638313	1064.04113123	705	0.127989942807	350.909409579	33.7418439716	2306.25865157	4	0	0					
3	17	1	0	2028	10.5073964497	0.288954635108	0.00268817962994	0.000344928603933	1010.7666266	627	0.116992832666	257.40174541	36.5964912281	1936.06848568	4	0	0					
3	18	1	0	2136	8.49625468165	0.200842696629	0.0032677510803	0.000274337804056	1059.34639951	456	0.130343383877	361.738402799	42.1469298246	2230.86969762	4	0	0					
3	19	1	0	2197	9.24487938097	0.251706873009	0.00275608404967	0.000325478997595	998.787273454	576	0.121270032334	259.84394626	37.0902777778	1867.92808652	4	0	0					
3	20	1	0	2097	9.96471149261	0.28803051979	0.00358002241297	0.000363487022356	950.79897792	648	0.125419868829	317.072595381	35.3101851852	2035.29541908	4	0	0					
3	21	1	0	843	39.0676156584	1.35349940688	0.0069366746837	0.00124626455246	1008.83265265	1261	0.117503681589	193.314079311	28.7771609833	1518.32361481	4	0	0					
3	22	1	0	2137	12.4885353299	0.34066448292	0.00313668583898	0.000385119166758	947.65038227	816	0.12214188063	251.105277991	36.9901960784	1728.46228254	4	0	0					
3	23	1	0	2026	94.0345508391	3.89733464956	0.0337032480471	0.0051624918738	1359.91101087	8608	0.14137089706	369.307727878	24.4194934944	2407.85973806	4	0	0					
3	24	1	0	2039	9.11721432075	0.290828837666	0.00432764180875	0.000353510679154	1016.21986006	655	0.137999188231	459.133371123	31.7908396947	2584.89295236	4	0	0					
4	1	1	0	1857	134.562735595	5.74690360797	0.0829154737891	0.00853746016207	2575.40379257	11624	0.164675862879	941.488116632	23.6840158293	5362.24343557	4	0	0					
4	2	1	0	1920	133.461458333	5.2375	0.0568333103038	0.00699819655369	1602.85206777	10954	0.153823320032	488.004317567	25.6888807741	2935.19778308	4	0	0					
4	3	1	0	1951	8.48334187596	0.296770886725	0.00324527745704	0.000353584897797	920.251165613	651	0.126691739346	300.122050407	28.3917050691	1893.37289949	4	0	0					
4	4	1	0	2227	9.77009429726	0.26088908846	0.00304570223906	0.000307985838589	976.409249523	624	0.122434000462	281.79201497	37.9278846154	1938.96964522	4	0	0					
4	5	1	0	1530	4.15424836601	0.106535947712	0.00221345856801	0.000132465204993	908.760967952	194	0.156424662634	436.553455911	40.2680412371	2293.18659638	4	0	0					
4	6	1	0	1927	11.3684483653	0.334717176959	0.00383665213974	0.000434303788796	990.406143998	701	0.125105233422	299.684367442	34.6219686163	2052.10960864	4	0	0					
4	7	1	0	1935	50.1555555556	1.80206718346	0.0181137712873	0.0026139758594	1303.58039032	3790	0.132423276721	361.224725404	28.0084432718	2509.1408367	4	0	0					
4	8	1	0	1873	9.86171916711	0.292578750667	0.00282415107876	0.00032405006429	1010.30779247	627	0.127510239259	291.654230937	36.0972886762	1968.11222288	4	0	0					
4	9	1	0	1875	7.7024	0.1712	0.00274418990754	0.000275464668412	1049.9884137	337	0.127861921452	314.907069416	44.5964391691	2131.9545269	4	0	0					
4	10	1	0	1703	9.44803288315	0.262477980035	0.00314704951075	0.000278527485582	1034.20117787	487	0.128887651346	328.557014981	37.0595482546	2123.16894397	4	0	0					
4	11	1	0	1646	7.9659781288	0.241190765492	0.00320435827566	0.000322599854971	1029.5071494	435	0.129224697484	371.834946238	33.4252873563	2387.4207615	4	0	0					
4	12	1	0	2089	6.21876495931	0.185256103399	0.00198917214603	0.00024591826785	1007.07217101	421	0.120793675336	296.224481488	33.6152019002	2071.3332627	4	0	0					
4	13	1	0	2118	10.3068932956	0.247403210576	0.00420085474204	0.000314306319748	1177.16511537	574	0.133225765299	510.910676008	41.9947735192	3048.12287657	4	0	0					
4	14	1	0	1843	11.4302767227	0.332609875203	0.00301507737154	0.0004283657796	1043.73329343	650	0.116331759504	240.365271342	34.3861538462	1836.51464906	4	0	0					
4	15	1	0	1861	8.90381515314	0.243954862977	0.00330952941585	0.000317747499535	1017.41369591	495	0.131965854085	343.520415191	36.8565656566	2166.60286921	4	0	0					
4	16	1	0	739	14.0838971583	0.338294993234	0.00494834047722	0.000357830010665	1047.10869963	290	0.141191330774	359.573139747	41.5482758621	2129.25309227	4	0	0					
4	17	1	0	2071	8.54659584742	0.238532110092	0.00297901812327	0.000308163955081	1015.50726167	525	0.127274970205	303.258471969	35.8419047619	1998.71693334	4	0	0					
4	18	1	0	729	90.792866941	3.27846364883	0.0371881440669	0.0045724937046	1348.39123785	2594	0.14211826557	393.964366737	27.8781804163	2571.46224578	4	0	0					
4	19	1	0	1401	10.3847251963	0.250535331906	0.00467604938138	0.000290108394183	932.369071649	379	0.145438949635	557.253314218	41.327176781	3079.83368879	4	0	0					
4	20	1	0	1971	7.19178082192	0.201927955353	0.00205736415866	0.000255226241004	955.07474454	424	0.11861022617	242.52930104	35.9103773585	1723.90836276	4	0	0					
4	21	1	0	2000	8.2285	0.2585	0.00285726612931	0.000330274711169	923.601109509	549	0.126209593188	282.689755626	32.0036429872	1892.17981722	4	0	0					
4	22	1	0	1910	9.88376963351	0.286387434555	0.00299651276877	0.000364309358679	943.758920787	600	0.119866825007	267.44869274	34.3216666667	1914.32556736	4	0	0					
4	23	1	0	1692	100.563238771	4.29255319149	0.0386018397625	0.00556287979322	1442.89150642	8014	0.142991258652	418.305165379	23.6418767157	2726.63645639	4	0	0					
4	24	1	0	1877	113.860948322	4.58177943527	0.0485123701949	0.00644692161704	1627.16619038	9316	0.147640676418	461.467068567	25.0823314727	2894.92994708	4	0	0					
5	1	1	0	1839	71.6780859163	2.50244698206	0.0246722333401	0.00327859205474	1237.52169107	4948	0.128192989268	318.30419218	29.0080840744	2329.42135683	4	0	0					
5	2	1	0	1700	106.332941176	4.56411764706	0.040793242979	0.00607041925071	1351.83095474	8292	0.146401727499	390.713908041	23.5060299083	2488.10937428	4	0	0					
5	3	1	0	1844	10.0477223427	0.302060737527	0.00413768514013	0.000372412070742	1055.76003546	604	0.13084701459	387.867100436	33.4420529801	2480.68696105	4	0	0					
5	4	1	0	2046	12.0151515152	0.338220918866	0.00379024637332	0.000409618066416	1000.28576666	773	0.12516040265	303.163687299	35.5058214748	2099.80517358	4	0	0					
5	5	1	0	2068	8.20261121857	0.245647969052	0.00281242680183	0.000317502048066	1040.57220313	551	0.12937115161	304.931230127	33.4537205082	2055.05690312	4	0	0					
5	6	1	0	257	32.3929961089	0.548638132296	0.0122752429331	0.000655454025397	1033.35009905	143	0.152633698988	443.527262183	59.7972027972	2494.87285763	4	0	0					
5	7	1	0	2236	10.5031305903	0.328264758497	0.00399677492185	0.000399968715244	1059.32549534	790	0.126470931587	488.127762579	32.7151898734	2888.16757054	4	0	0					
5	8	1	0	2141	11.2349369454	0.320411022887	0.00345802431079	0.00038326824291	1052.91431473	726	0.123298124329	309.184422271	35.5661157025	2098.79045154	4	0	0					
5	9	1	0	1910	8.24921465969	0.18167539267	0.00356615812257	0.000239516857758	1045.15740901	377	0.142027300494	438.097511301	45.1352785146	2431.34397446	4	0	0					
5	10	1	0	1575	4.91555555556	0.134603174603	0.00147721105062	0.000141975770146	1005.41873029	245	0.135490869085	355.501391454	37.2489795918	2221.6282593	4	0	0					
5	11	1	0	1223	97.7007358953	3.88225674571	0.0512387702	0.00564341631399	1624.58818791	5181	0.151596646072	550.84012257	25.269060027	3369.54290794	4	0	0					
5	12	1	0	1966	7.96337741607	0.238046795524	0.00380128465248	0.000332265643382	1095.05118052	508	0.135315568339	618.780487898	33.8011811024	3688.51962165	4	0	0					
5	13	1	0	1811	8.34124792932	0.172832689122	0.00337193981792	0.000239634169387	1019.111467	342	0.140116045134	424.401862348	48.1169590643	2539.84416861	4	0	0					
5	14	1	0	2001	6.98150924538	0.212893553223	0.00218064286832	0.000271291075153	1048.27585615	468	0.120862913265	290.139292483	33.4145299145	2050.86346767	4	0	0					
5	15	1	0	1931	21.9523562921	0.750388399793	0.00751010383085	0.00107101732833	1107.74273264	1538	0.123059192483	292.905577078	29.6339401821	2120.42254791	4	0	0					
5	16	1	0	2144	8.20242537313	0.236473880597	0.00277691171	0.000290474452386	1010.50549395	562	0.130840225208	355.493071416	34.78113879	2193.49460065	4	0	0					
5	17	1	0	2235	6.59597315436	0.176733780761	0.0030924323392	0.000235935337199	998.565653728	438	0.141168574623	461.458704627	38.3310502283	2615.96668	4	0	0					
5	18	1	0	2149	13.4308980921	0.415542112611	0.00387168301704	0.000513279974959	959.728539724	961	0.117963111876	241.007818235	32.4724245578	1757.76972522	4	0	0					
5	19	1	0	1923	10.0530421217	0.326053042122	0.00403746364761	0.000442120155661	1006.99418754	693	0.124457218445	365.839910489	31.1774891775	2244.896605	4	0	0					
5	20	1	0	1860	7.77150537634	0.205913978495	0.00299120550742	0.000250428354313	929.641134491	439	0.132265010267	383.276460224	38.3872437358	2235.32144072	4	0	0					
5	21	1	0	2143	8.43070461969	0.259449370042	0.0027718832789	0.000324106316842	924.458520681	593	0.124111378424	274.849751217	33.0016863406	1846.34225888	4	0	0					
5	22	1	0	2038	9.39793915604	0.276741903827	0.00346361643858	0.000372082954637	900.327930251	625	0.12350952718	279.774557841	33.7072	1842.4330048	4	0	0					
5	23	1	0	1770	56.1293785311	2.10508474576	0.0169637443136	0.00261441583518	1196.11910999	4073	0.123940734336	294.623093589	26.9796219003	2212.113317	4	0	0					
5	24	1	0	1750	113.479428571	4.36114285714	0.0442766144189	0.00595145675281	1939.02200092	8299	0.144259377419	536.836873254	26.2719604772	3473.38419196	4	0	0					
6	1	1	0	2369	8.617982271	0.25875897003	0.0027471411673	0.000320490723076	935.836621858	662	0.123179824259	256.809559197	34.1012084592	1777.33461991	4	0	0					
6	2	1	0	2165	145.765819861	5.35565819861	0.081243421603	0.0085419179099	2243.62956442	12456	0.161367627592	700.156787667	27.4589755941	4054.95004317	4	0	0					
6	3	1	0	2089	10.0564863571	0.308760172331	0.00369408536889	0.000376727883275	985.139473424	719	0.126572969829	366.613344067	32.9624478442	2363.29589355	4	0	0					
6	4	1	0	2240	8.61116071429	0.235714285714	0.00302293544476	0.000299377661487	986.687066135	575	0.123706230206	307.871600833	37.0730434783	2074.79388252	4	0	0					
6	5	1	0	2167	9.39916935856	0.30041532072	0.0031491615953	0.000363695235461	997.411685366	706	0.12712526366	322.790048632	31.1898016997	2107.35453295	4	0	0					
6	6	1	0	2302	8.84969591659	0.261946133797	0.00300337594177	0.000333591771246	989.188181688	636	0.121224117103	280.359297665	34.0597484277	1974.01308425	4	0	0					
6	7	1	0	697	87.6757532281	2.36154949785	0.0246140689354	0.00197665381627	1214.93467671	1816	0.146003378988	426.762508431	37.6305066079	2514.09074386	4	0	0					
6	8	1	0	2374	9.19292333614	0.209772535805	0.00335049969729	0.000257262390063	1114.59915597	538	0.130936884356	415.296269189	43.9479553903	2530.35693526	4	0	0					
6	9	1	0	2294	9.26852659111	0.29904097646	0.00266264933252	0.000375141619669	1060.90799767	734	0.119758464766	266.657830258	31.5476839237	1984.43723893	4	0	0					
6	10	1	0	1954	15.8316274309	0.547594677584	0.00566871482884	0.000690746718571	1037.53121031	1152	0.124499178369	322.404744507	29.3012152778	2139.24814089	4	0	0					
6	11	1	0	2302	7.86142484796	0.245004344049	0.00247596105424	0.000324381109081	1007.1779254	611	0.118646974525	284.313419738	32.5924713584	2013.58154701	4	0	0					
6	12	1	0	1162	25.6583476764	0.847676419966	0.00897076303727	0.000986469781437	1072.36769831	1057	0.131336806991	331.195510284	30.5752128666	2147.26648864	4	0	0					
6	13	1	0	2281	13.3700131521	0.340201665936	0.00537778467056	0.000447451702348	1104.11177044	847	0.131187651323	407.525847443	39.9976387249	2477.95331326	4	0	0					
6	14	1	0	2078	12.6713185756	0.380173243503	0.00429810902703	0.000481830595911	1082.80693384	866	0.123452111133	330.238642641	33.7806004619	2241.89425391	4	0	0					
6	15	1	0	2122	6.15504241282	0.19698397738	0.00223241203644	0.00026340260494	955.710828994	444	0.122181455415	287.631721838	31.6036036036	1952.67895252	4	0	0					
6	16	1	0	2192	9.26003649635	0.290602189781	0.0027727079209	0.000362346802895	1005.83249608	677	0.121907028657	280.986343852	32.4756277696	2000.27520139	4	0	0					
6	17	1	0	2009	9.65256346441	0.29218516675	0.00414764425761	0.000397157079184	1052.96758536	629	0.134346815311	444.207426424	33.1351351351	2677.3358511	4	0	0					
6	18	1	0	1596	110.65037594	4.52568922306	0.0560226182935	0.00735978453909	1691.33786716	7811	0.148017412708	490.129976297	24.6639354756	3108.65166104	4	0	0					
6	19	1	0	2130	9.00704225352	0.260563380282	0.00311126735068	0.000326714718888	978.135311745	598	0.126076278842	332.280286589	34.8494983278	2083.05469798	4	0	0					
6	20	1	0	992	11.1401209677	0.186491935484	0.00502021701301	0.000284284619606	895.904672566	206	0.155514555399	377.070331326	59.9902912621	2005.51953127	4	0	0					
6	21	1	0	2061	11.4958757885	0.362930616206	0.00376721364272	0.00048827960211	896.591991824	815	0.118618067773	225.10026986	31.6748466258	1672.19431766	4	0	0					
6	22	1	0	1359	7.47461368653	0.168506254599	0.00262929683314	0.000202731132045	878.859429205	252	0.13504520528	319.394483826	44.8333333333	1927.2664676	4	0	0					
6	23	1	0	1987	9.93256165073	0.281328636135	0.00309138117975	0.000348055149521	900.273443504	616	0.120880129817	248.264841756	35.5551948052	1791.45765923	4	0	0					
6	24	1	0	1890	79.4783068783	3.18095238095	0.0256710725036	0.004114918084	1653.26574148	6574	0.135015876301	421.022133257	25.0999391542	2888.95745387	4	0	0					
7	1	1	0	1897	10.004217185	0.25672113864	0.00334172900629	0.00031385201353	948.335364406	530	0.128143568057	311.467894014	39.3886792453	2051.51240262	4	0	0					
7	2	1	0	1549	139.483537766	4.90639122014	0.0815976983117	0.00704566004648	2361.56123386	8131	0.163843189853	896.123561461	28.5590948223	5114.34918317	4	0	0					
7	3	1	0	2032	7.68799212598	0.23375984252	0.00272177852612	0.000303892116326	966.067978034	517	0.127298669521	337.632333514	33.3036750484	2323.18732889	4	0	0					
7	4	1	0	1506	16.1155378486	0.447543160691	0.00486406757112	0.000528185880216	1003.5918286	766	0.137665656435	481.905068904	41.9765013055	2826.23090007	4	0	0					
7	5	1	0	1847	9.84407146724	0.348673524635	0.0034354812385	0.000406145123014	1014.44558887	709	0.128995756594	356.030160311	28.4203102962	2199.60359506	4	0	0					
7	6	1	0	2171	8.97881160755	0.277752187932	0.00281474658664	0.000346105680361	983.769733469	662	0.125223334497	283.454633118	32.8761329305	1972.60574081	4	0	0					
7	7	1	0	2011	9.23122824465	0.298856290403	0.00413427701909	0.000399670139274	1112.10947185	658	0.131233607399	456.699718571	31.4392097264	2836.88491605	4	0	0					
7	8	1	0	2017	9.39464551314	0.243926623699	0.00316210399848	0.000305757484894	1021.65266685	536	0.128712191041	320.349840232	38.8376865672	2074.90956056	4	0	0					
7	9	1	0	1941	10.7733127254	0.327150953117	0.00404761878287	0.000406055498127	1066.38893814	695	0.127668239082	414.191723688	32.9482014388	2639.94444752	4	0	0					
7	10	1	0	2044	8.41829745597	0.260763209393	0.00353100749705	0.000337044115924	1031.36263346	583	0.134086485284	441.383331618	33.0394511149	2656.67563492	4	0	0					
7	11	1	0	2081	23.3613647285	0.830370014416	0.00745723131062	0.00112875738264	1126.982177	1856	0.121353620792	278.771012717	28.6002155172	2116.37278524	4	0	0					
7	12	1	0	1952	9.30788934426	0.294569672131	0.00342609489646	0.000394944165207	1044.96739053	610	0.124076333233	324.059118881	31.7885245902	2259.77733614	4	0	0					
7	13	1	0	1936	9.34917355372	0.278925619835	0.00407248624767	0.000345221810518	1120.0701609	595	0.136960828538	466.616237556	33.6302521008	2672.82215851	4	0	0					
7	14	1	0	2106	9.28822412156	0.274928774929	0.00342573836382	0.000328486012837	1082.92093957	619	0.130304071399	373.591930758	33.9111470113	2271.16957135	4	0	0					
7	15	1	0	1035	36.3555555556	0.846376811594	0.0109215911037	0.000970764223598	1104.15529315	943	0.132492012796	360.54798455	43.2513255567	2360.67210994	4	0	0					
7	16	1	0	2061	10.3347889374	0.348859776807	0.00442021649199	0.000472062779342	1051.99831291	788	0.128220815063	382.283014818	29.7055837563	2521.63663113	4	0	0					
7	17	1	0	2044	9.73727984344	0.328767123288	0.00383435870477	0.000407306904217	1024.5762382999999	726	0.130265406127	373.753145244	30.0812672176	2325.85545395	4	0	0					
7	18	1	0	2190	26.4484018265	0.962100456621	0.00829591997842	0.00131708591202	1030.92277276	2267	0.122093864529	243.592274986	27.7309219232	1826.89058846	4	0	0					
7	19	1	0	1700	7.21529411765	0.176470588235	0.00310274986371	0.00027972871262	916.472057768	315	0.134898567482	348.933938623	40.7428571429	2132.68115832	4	0	0					
7	20	1	0	2158	9.53104726599	0.318350324374	0.00320609158186	0.000436245456169	941.511284295	755	0.12048837175	268.359455337	30.8715231788	1864.84667945	4	0	0					
7	21	1	0	2124	11.9209039548	0.40065913371	0.00354907653207	0.00043977643939	986.072450016	920	0.126733226964	319.623689007	29.6032608696	2197.14231877	4	0	0					
7	22	1	0	882	13.7403628118	0.265306122449	0.00538215693266	0.000378787906605	877.296638026	269	0.142956740432	322.905746768	53.2007434944	1862.53378156	4	0	0					
7	23	1	0	1951	7.0825217837	0.210661199385	0.00259423934625	0.000264400613767	1138.28792966	450	0.129122001805	377.163721776	34.0666666667	2443.17130477	4	0	0					
7	24	1	0	1965	105.623918575	4.73333333333	0.0440906943569	0.00638457876657	1633.12984876	10159	0.146626621945	496.027072458	22.5907077468	3162.8088526	4	0	0					
8	1	1	0	1971	10.3622526636	0.328767123288	0.0031997213907	0.000386570733516	927.178051094	702	0.126463791714	260.796345325	31.6823361823	1796.91515278	4	0	0					
8	2	1	0	2234	43.7524619517	1.42076991943	0.0138627107827	0.00190263102782	1173.61888278	3423	0.122820354434	286.140892451	31.1229915279	2088.10208667	4	0	0					
8	3	1	0	2045	48.4405867971	1.83227383863	0.0153713002396	0.00243976220674	1156.90806398	4026	0.128292977826	280.056769072	26.9274714357	2021.30232332	4	0	0					
8	4	1	0	1974	10.8439716312	0.384498480243	0.00425790481567	0.000508307697792	1032.84833085	827	0.12795726008	338.464372453	28.7194679565	2192.0496399	4	0	0					
8	5	1	0	1557	13.411046885	0.402697495183	0.00438305953248	0.000440752249096	1064.10300678	673	0.12598612554	301.595725584	32.9895988113	1991.64845934	4	0	0					
8	6	1	0	2005	16.1321695761	0.53566084788	0.00583901116275	0.000694212931071	1074.19472887	1194	0.125413676084	328.605494146	30.6407035176	2244.79507872	4	0	0					
8	7	1	0	2032	9.69832677165	0.331692913386	0.00390263501388	0.000412335297197	1112.37525911	727	0.130916103853	396.001601093	29.3961485557	2510.68853096	4	0	0					
8	8	1	0	1885	9.24986737401	0.290185676393	0.00313191367458	0.000354749886307	1043.51821063	590	0.124764094891	336.712993425	31.7796610169	2281.78146894	4	0	0					
8	9	1	0	1919	10.2589890568	0.29702970297	0.00386873688812	0.000365062724794	1076.04769932	617	0.131881914122	401.143103387	34.7147487844	2515.76126349	4	0	0					
8	10	1	0	2112	12.1709280303	0.412878787879	0.00425158034013	0.00052666090075	1045.19848003	942	0.123521992453	300.558001753	29.7473460722	2047.96197066	4	0	0					
8	11	1	0	2106	11.2027540361	0.387464387464	0.00415128512933	0.000531432849792	1033.48191687	889	0.122193809693	287.510999977	29.0427446569	1988.73625253	4	0	0					
8	12	1	0	1850	8.92054054054	0.27027027027	0.00336496717192	0.000338792201829	1028.81345019	526	0.126123537801	375.154904224	33.2927756654	2446.05011678	4	0	0					
8	13	1	0	1920	11.6401041667	0.392708333333	0.00356365119844	0.000509605862059	1029.08961138	821	0.119240478174	249.628485068	29.8574908648	1869.14565647	4	0	0					
8	14	1	0	1955	10.4189258312	0.370332480818	0.00310707632792	0.000459491478263	1038.97715685	796	0.119883633566	255.64951967	28.506281407	1915.67976053	4	0	0					
8	15	1	0	201	41.2189054726	0.621890547264	0.0122922787796	0.000624275352923	1043.73855456	136	0.151592504301	396.231754352	67	2367.70701597	3	0	0					
8	16	1	0	1817	13.1926252064	0.383599339571	0.00521465521516	0.000516724565357	1196.90392979	765	0.130252362486	410.47185354	35.0026143791	2650.61595704	4	0	0					
8	17	1	0	1414	11.8585572843	0.377652050919	0.00490349848349	0.000486825235512	1020.13830551	574	0.13363493676	356.716772098	32.0348432056	2169.49382693	4	0	0					
8	18	1	0	1380	9.94855072464	0.219565217391	0.00479495646484	0.000302183531576	972.681086645	326	0.148210479326	428.510727261	45.4110429448	2292.04145179	4	0	0					
8	19	1	0	1924	15.3544698545	0.492723492723	0.00488041256818	0.000616616514444	1007.38476177	1013	0.118488173804	275.454337734	31.3692003949	1960.2012281	4	0	0					
8	20	1	0	1420	141.699295775	5.07746478873	0.0820718159012	0.00839550230303	3094.37061647	7706	0.1555510941	976.985647042	28.0423046976	5904.38416649	4	0	0					
8	21	1	0	1902	10.7429022082	0.308622502629	0.00391170808104	0.00038467315851	923.383395257	647	0.127155308507	318.792422948	35.1514683153	2055.79468279	4	0	0					
8	22	1	0	101	37.2574257426	0.455445544554	0.0150565733882	0.000697471083852	1067.10946117	50	0.142424612807	399.315778936	79.5	2024.7177352	4	0	0					
8	23	1	0	2134	9.23851921275	0.266635426429	0.00314675109615	0.000348403345913	926.555155956	614	0.122016818249	274.134700595	34.845276873	1878.82457844	4	0	0					
8	24	1	0	1947	40.7904468413	1.47149460709	0.0113286823349	0.00188788311316	1120.3634554	3110	0.120144926384	252.844276089	28.0871382637	1971.61143455	4	0	0					
9	1	1	0	1749	79.2921669525	3.22755860492	0.0263151066646	0.00426910090234	1359.12802917	6185	0.136846036457	329.611425376	24.5786580437	2262.60212848	4	0	0					
9	2	1	0	1660	8.3578313253	0.23313253012	0.0026607180659	0.000298841270618	958.422471834	433	0.125055856856	272.431684092	35.519630485	1822.48652394	4	0	0					
9	3	1	0	1856	9.97844827586	0.252693965517	0.00324714322908	0.000306703073614	961.648915411	527	0.124973765809	321.707680028	39.2087286528	2204.96022621	4	0	0					
9	4	1	0	1679	9.14294222752	0.270399047052	0.00335626375102	0.000315152243459	943.121027966	497	0.126337724176	298.56581847	33.3158953722	1963.6457711	4	0	0					
9	5	1	0	1504	12.4674202128	0.310505319149	0.00422051276008	0.000330780165536	1132.2854413	532	0.137150680297	493.316150272	40.507518797	2972.48926264	4	0	0					
9	6	1	0	1953	7.77214541731	0.258576548899	0.00278895603421	0.000306506440507	998.943496227	565	0.130252765345	308.876345172	29.9663716814	2002.23346315	4	0	0					
9	7	1	0	2023	6.96292634701	0.203163618389	0.00249520401182	0.000264499702689	1103.47728156	461	0.124177828858	355.114366903	34.2971800434	2264.81700669	4	0	0					
9	8	1	0	355	18.6563380282	0.301408450704	0.00732098120051	0.000328171414526	1088.97546116	133	0.160320626164	540.827572976	62.2105263158	2861.50823178	4	0	0					
9	9	1	0	1934	7.9632885212	0.239400206825	0.002408737686	0.000301137484326	1067.54352442	497	0.120139828509	317.038866344	33.6599597586	2325.29797359	4	0	0					
9	10	1	0	1873	6.79711692472	0.207154297918	0.00281586732912	0.000285754051555	1017.59309701	416	0.127411179423	363.782940648	33.0480769231	2267.41469901	4	0	0					
9	11	1	0	800	98.20875	3.44625	0.0270052113017	0.00399830182996	1376.48515221	3068	0.129755055181	317.289533649	29.091916558	2306.82481995	4	0	0					
9	12	1	0	1998	8.02752752753	0.243243243243	0.00309880360276	0.000310670910606	1046.51401119	528	0.127812467788	383.189575783	33.259469697	2480.75343984	4	0	0					
9	13	1	0	2000	8.4395	0.24	0.00270773744155	0.000288967764602	1024.51479169	518	0.126527927979	309.431388701	35.8146718147	2050.59314593	4	0	0					
9	14	1	0	835	40.7281437126	1.05628742515	0.0111046649968	0.000933300517186	1068.45532807	970	0.13893997783	348.933525279	39.0278350515	2155.90754874	4	0	0					
9	15	1	0	2260	9.34247787611	0.319911504425	0.00304436409467	0.000416143267388	1055.61240396	797	0.124569100206	326.599911431	29.4441656211	2201.14181162	4	0	0					
9	16	1	0	11	77.1818181818	0.909090909091	0.0252074306527	0.000846270315709	2157.04521531	20	0.18101765986	640.547250553	55	3097.39797186	4	0	0					
9	17	1	0	2058	9.67832847425	0.295432458698	0.00318615418291	0.000371479631886	1088.77592541	648	0.122520048126	320.915665596	32.5262345679	2243.56699544	4	0	0					
9	18	1	0	2190	8.92739726027	0.266666666667	0.00312293006698	0.000345349876842	1080.32928224	654	0.127474482194	358.073205527	33.5321100917	2353.49638003	4	0	0					
9	19	1	0	2130	8.10938967136	0.249295774648	0.00371686484174	0.000400700975246	984.918668914	572	0.128001942003	329.821277839	32.9440559441	2125.71546301	4	0	0					
9	20	1	0	2045	8.35012224939	0.282640586797	0.00318924716699	0.000403116937862	962.773958521	640	0.124257049741	380.397897203	29.5453125	2305.27750965	4	0	0					
9	21	1	0	1914	9.19070010449	0.264890282132	0.00362804266657	0.000366222763159	925.713962772	554	0.125400881066	304.3083124	34.4368231047	2007.51468379	4	0	0					
9	22	1	0	2026	8.75863770977	0.26850937808500003	0.00277168178309	0.000329418752691	890.272912454	593	0.122422262303	271.613274989	33.0607082631	1839.85810612	4	0	0					
9	23	1	0	1918	114.988529718	4.88790406674	0.0491330341567	0.00682242281904	1381.10517336	10224	0.150044955617	408.548221974	23.6797730829	2534.00906727	4	0	0					
9	24	1	0	1928	7.92842323651	0.226141078838	0.00225195724321	0.000285701548966	1031.26575849	470	0.122113202504	297.660350002	35.514893617	2032.48024382	4	0	0					
10	1	1	0	1950	87.0887179487	3.6758974359	0.0315298769545	0.0051809698923	1341.1560266	7695	0.139790592497	353.814045566	23.9680311891	2363.37554937	4	0	0					
10	2	1	0	2276	7.53031634446	0.217486818981	0.0024505994112	0.000286979829409	934.677854941	543	0.118653395419	254.09399816	34.5837937385	1786.78964811	4	0	0					
10	3	1	0	2136	11.4058988764	0.392790262172	0.00337772251054	0.000492887936601	927.514397203	908	0.121443881435	230.019536285	29.25	1718.56103268	4	0	0					
10	4	1	0	1712	12.6396028037	0.366822429907	0.00411739189926	0.000476997790947	949.450961276	690	0.117131935581	240.588711872	34.2942028986	1754.1006096	4	0	0					
10	5	1	0	2120	9.07216981132	0.291037735849	0.00308705226941	0.000370196511317	1050.01446411	678	0.130152271678	327.308771045	31.4144542773	2097.09076987	4	0	0					
10	6	1	0	2264	6.89443462898	0.220406360424	0.00242601612334	0.0002743417754	1048.32691082	535	0.127136096889	355.462695572	31.9102803738	2297.23806466	4	0	0					
10	7	1	0	2179	37.7021569527	1.37310692978	0.0111460479717	0.00175563967156	1111.88736552	3263	0.122758469674	269.857222357	27.5663499847	2042.23517868	4	0	0					
10	8	1	0	1632	7.74325980392	0.208946078431	0.00321689549206	0.000258119306725	948.784195767	365	0.139734905245	345.308301068	36.8465753425	1995.79677852	4	0	0					
10	9	1	0	2241	9.29138777332	0.298081213744	0.00304312356156	0.000388068810548	1023.00443883	734	0.122219413413	294.016727872	31.3514986376	2052.75472682	4	0	0					
10	10	1	0	2029	13.4238541153	0.389354361755	0.00434315579596	0.00050122891024	1159.32533342	859	0.124345652384	337.985558894	34.7741559953	2226.59497645	4	0	0					
10	11	1	0	2032	8.87303149606	0.276082677165	0.0034955161262	0.000368952988882	1039.80286481	627	0.128526053703	353.748612842	32.4322169059	2235.12025434	4	0	0					
10	12	1	0	2019	8.98811292719	0.268449727588	0.00318626625389	0.000347439472749	1039.28188476	587	0.127001266409	340.138974245	34.1856899489	2250.47903873	4	0	0					
10	13	1	0	2052	7.32212475634	0.21783625731	0.00259087089977	0.000270725107733	1092.10105466	478	0.127746023729	356.714405664	34.320083682	2298.88308562	4	0	0					
10	14	1	0	1070	121.188785047	4.35887850467	0.0885684691607	0.00892961489851	3021.08512902	5027	0.161828881095	975.045399314	27.8490153173	5663.67006578	4	0	0					
10	15	1	0	1731	107.775852109	4.95782784518	0.0495728505262	0.00671234222831	1692.16267917	9273	0.150301755276	556.684805531	21.8009274237	3438.84834922	4	0	0					
10	16	1	0	2032	11.1594488189	0.336122047244	0.00400502274894	0.000418108568251	1045.64800093	748	0.129670840946	335.006517448	33.9264705882	2136.05735728	4	0	0					
10	17	1	0	2139	9.48574100047	0.281439925199	0.0029052451866	0.000388729034663	989.80968937	653	0.119079834127	241.268763241	33.8560490046	1830.37952338	4	0	0					
10	18	1	0	2256	6.84042553191	0.219414893617	0.0023916147765	0.000304801494258	980.247590657	537	0.126503490022	289.461884746	31.4748603352	1996.52721998	4	0	0					
10	19	1	0	1420	101.959859155	3.76901408451	0.0551213150392	0.00634196314704	1508.47246795	5814	0.150304654882	461.232010435	27.1855865153	2847.54720447	4	0	0					
10	20	1	0	1952	6.66700819672	0.22131147541	0.00270318448595	0.000299675069132	919.415302836	477	0.129214660419	332.96046652	30.2222222222	2175.93455484	4	0	0					
10	21	1	0	1942	18.438208033	0.588053553038	0.00520003284694	0.000777023418129	884.19494028	1248	0.119395161079	199.659095643	32.1650641026	1541.48538558	4	0	0					
10	22	1	0	2181	8.4181568088	0.256304447501	0.00286767597741	0.00032049466241	919.431906606	588	0.123197346345	294.887290977	32.9268707483	1989.31472567	4	0	0					
10	23	1	0	2000	122.9745	5.322	0.0562601355703	0.00756621154089	1506.25574706	11711	0.154828283363	463.856270725	23.3855349671	2798.98638899	4	0	0					
10	24	1	0	2004	7.37874251497	0.22255489022	0.00242542556622	0.000286260546869	1013.33763175	475	0.124278202788	303.415925792	33.9010526316	2017.44193582	4	0	0					
11	1	1	0	1693	136.619610159	5.46072061429	0.0680368546706	0.00814055864067	1868.79527269	9993	0.157910844495	580.438123978	25.2553787651	3402.98258654	4	0	0					
11	2	1	0	1593	9.02197112367	0.252981795355	0.00261176014495	0.000304299798632	916.961174473	452	0.123076789281	247.385591478	35.6194690265	1762.87247873	4	0	0					
11	3	1	0	1565	8.30223642173	0.242811501597	0.00253189433322	0.000310730565705	881.876845307	431	0.120071915443	238.741939747	33.9187935035	1721.49037725	4	0	0					
11	4	1	0	2068	11.3128626692	0.309477756286	0.00386202733732	0.000379621759199	974.720899169	688	0.122400096847	299.541202113	36.1569767442	2105.06656864	4	0	0					
11	5	1	0	1653	5.17422867514	0.13611615245	0.00230868161284	0.000174153045937	912.659589681	244	0.141278400827	365.717310902	38.5778688525	2093.88166514	4	0	0					
11	6	1	0	1838	8.13438520131	0.226877040261	0.00312117534712	0.000294980700225	990.613433909	464	0.129287797503	356.887139853	35.1831896552	2333.84729789	4	0	0					
11	7	1	0	1914	9.43625914316	0.295715778474	0.0036895775952	0.000384261442343	1019.92994156	614	0.131591144072	372.742215306	31.9315960912	2292.83366666	4	0	0					
11	8	1	0	1009	12.14271556	0.373637264618	0.00357399609458	0.000320461061663	964.348717854	436	0.13213057829	325.639547653	33.1674311927	1981.06330232	4	0	0					
11	9	1	0	1613	8.89150650961	0.200867947923	0.00400384300695	0.000339390640493	1042.08263308	352	0.131108781698	395.395771011	43.84375	2417.55247541	4	0	0					
11	10	1	0	1876	9.32036247335	0.277718550107	0.00349411647559	0.00036985213575	1015.54208925	576	0.127003817387	339.721105801	33.7534722222	2189.35058707	4	0	0					
11	11	1	0	1943	8.73494595986	0.270715388574	0.00333933287199	0.000340631111738	1086.21570343	561	0.132047525666	387.433255922	32.3475935829	2419.19857328	4	0	0					
11	12	1	0	1896	11.7273206751	0.351265822785	0.00400101234491	0.00051602620034	1070.44068415	721	0.121509017194	275.519692853	33.6546463245	1955.73685734	4	0	0					
11	13	1	0	447	29.3579418345	0.527964205817	0.0122440151729	0.00068252715303	1129.2709044	246	0.156480814885	458.882534801	55.3577235772	2510.73042234	4	0	0					
11	14	1	0	1880	13.7015957447	0.401595744681	0.00376853255859	0.000440036330962	1025.27143067	810	0.12036988735	272.848295481	34.424691358	1903.7138937	4	0	0					
11	15	1	0	1959	125.078611536	4.16743236345	0.0593250616363	0.00592130579982	1826.69188717	8865	0.152180941763	567.561866061	30.2561759729	3490.51506905	4	0	0					
11	16	1	0	1948	7.52926078029	0.224845995893	0.00298068005135	0.000333836576227	963.319579162	464	0.126234350267	284.173595862	33.838362069	1934.24945375	4	0	0					
11	17	1	0	2139	15.3197755961	0.558204768583	0.00435529944427	0.000644179725287	989.549345084	1303	0.122454800382	257.579846434	27.7505755948	1812.44218206	4	0	0					
11	18	1	0	1072	13.6856343284	0.325559701493	0.0050184246474	0.000379059752959	960.98897946	375	0.145220060381	374.568672346	42.296	2112.60888993	4	0	0					
11	19	1	0	1147	202.653879686	7.38012205754	0.0792121579896	0.0066636909455	2058.5427746	9303	0.16278526093	736.957419469	27.6862302483	4130.64230923	4	0	0					
11	20	1	0	1929	9.20736132711	0.275272161742	0.00286659223926	0.000342208064134	961.642995968	587	0.120134423192	263.09907291	33.8347529813	1880.85009659	4	0	0					
11	21	1	0	1446	10.9246196404	0.340940525588	0.00347926825452	0.000357247563465	890.421928234	541	0.135256674931	288.927013207	32.4103512015	1856.62054913	4	0	0					
11	22	1	0	1760	15.6147727273	0.500568181818	0.00457383498084	0.000561052632954	904.551591455	974	0.129366249599	300.148566995	31.0800821355	1916.61124159	4	0	0					
11	23	1	0	2125	85.7355294118	3.64847058824	0.030883497019	0.0050181434581	1207.61319978	8356	0.140107504162	322.061480595	23.819770225	2143.30578523	4	0	0					
11	24	1	0	2058	8.17978620019	0.227891156463	0.00269624128689	0.000283160260852	897.274247779	501	0.124950132906	290.088638274	36.2674650699	1868.08929199	4	0	0					
12	1	1	0	1971	106.61897514	4.09639776763	0.047137416037	0.00588375712949	1740.70056273	8790	0.148901442455	533.289817616	26.0732650739	3338.6780359	4	0	0					
12	2	1	0	1988	114.1222334	4.84708249497	0.0521568100248	0.00703274009381	1496.92782706	10394	0.154644653735	467.84483191	23.7930536848	2808.65368122	4	0	0					
12	3	1	0	2016	9.55555555556	0.3125	0.00283189385074	0.000381766250289	913.769902847	679	0.120891999091	242.459684905	30.9101620029	1761.22724998	4	0	0					
12	4	1	0	993	156.67673716	4.12688821752	0.0540704009285	0.00552927666205	1614.94558453	4375	0.137397882859	401.216756558	38.4605714286	2790.81618261	4	0	0					
12	5	1	0	1756	9.96070615034	0.26423690205	0.0041067585541	0.000374969086688	1035.59995674	514	0.126882922824	415.658847294	37.7023346304	2626.84454287	4	0	0					
12	6	1	0	2053	7.85046273746	0.225523623965	0.00267002880987	0.000286036282189	962.745061429	512	0.128271434581	322.954322858	34.990234375	2157.39937268	4	0	0					
12	7	1	0	2048	7.1982421875	0.20849609375	0.00249105812413	0.000264165950497	971.520405842	448	0.122570112555	281.400666798	34.5089285714	1940.06117409	4	0	0					
12	8	1	0	2102	9.18125594672	0.261179828735	0.00353895743104	0.000333358291712	1048.3526621	591	0.126150786196	340.310638906	35.6209813875	2220.62510361	4	0	0					
12	9	1	0	2004	8.52644710579	0.222055888224	0.00338495181927	0.000293275649096	1031.42186088	474	0.12785293199	436.692073536	39.2004219409	2556.36907011	4	0	0					
12	10	1	0	1991	9.25966850829	0.268709191361	0.00282173217243	0.00032720614726	1083.55986687	583	0.121378756422	324.539274215	35.1132075472	2232.02574675	4	0	0					
12	11	1	0	1458	4.88751714678	0.128257887517	0.00203301060911	0.000180753844336	976.8732386	207	0.13116369099	467.076917367	38.8357487923	2971.88515789	4	0	0					
12	12	1	0	1978	7.61425682508	0.221941354904	0.0027182137139	0.000285417792855	1033.61828999	493	0.125225342234	363.767252564	34.4888438134	2345.63578227	4	0	0					
12	13	1	0	1820	7.71428571429	0.21043956044	0.0020906949269	0.000248135772555	1064.14373083	416	0.121355178976	260.913976767	36.6153846154	1932.46083116	4	0	0					
12	14	1	0	1971	8.51293759513	0.256722475901	0.00289925714204	0.000342493213747	1040.09058598	557	0.126248189101	339.250621697	33.8527827648	2253.26765545	4	0	0					
12	15	1	0	1450	117.590344828	4.85172413793	0.0669143116898	0.00722737057829	1875.72580069	7672	0.158948433813	651.235421118	24.3793013556	3776.52955696	4	0	0					
12	16	1	0	1785	10.1887955182	0.270588235294	0.00361308393998	0.00037882523065	977.324790899	519	0.122019353426	310.907342623	38.2524084778	2035.06668212	4	0	0					
12	17	1	0	1836	9.5582788671	0.289215686275	0.0041564314668	0.00038240217485	997.560598686	568	0.136764533509	394.434154712	33.2024647887	2485.16274427	4	0	0					
12	18	1	0	1845	8.04823848238	0.225474254743	0.00233460711652	0.000273557488054	992.685151395	455	0.125299551799	271.678418414	36.0659340659	1862.57477326	4	0	0					
12	19	1	0	1958	8.33452502554	0.252808988764	0.00286424137239	0.000350609580627	969.384292785	537	0.122513469996	292.107505631	33.7653631285	2035.32682699	4	0	0					
12	20	1	0	1882	22.6078639745	0.816684378321	0.00755563375055	0.00104333199261	1037.87848939	1686	0.123577668169	283.819781099	28.3351126928	1997.53196704	4	0	0					
12	21	1	0	1763	21.5025524674	0.65399886557	0.00639153856049	0.000808200076351	998.353383784	1253	0.124632987428	264.678672633	33.255387071	1875.66762595	4	0	0					
12	22	1	0	1964	11.7515274949	0.390020366599	0.00357042234876	0.000476424622565	916.924567803	829	0.120986841382	252.165100681	30.3884197829	1855.90935829	4	0	0					
12	23	1	0	1718	114.643189756	5.17694994179	0.0522755564212	0.0068686407599	1537.61754521	9625	0.154439778054	519.303064128	22.3715324675	3125.79187245	4	0	0					
12	24	1	0	1871	112.923570283	5.03687867451	0.0470874943891	0.00697738529479	1514.78539125	10180	0.149338603006	446.860620801	22.5367387033	2781.73699505	4	0	0					
13	1	1	0	1748	70.1184210526	2.28032036613	0.0238924254835	0.00300488286584	1286.56035377	4358	0.127183164118	321.989998796	30.918540615	2393.15635666	4	0	0					
13	2	1	0	1741	87.6622630672	3.5318782309	0.0303724161962	0.00460355852273	1370.61816087	6595	0.14053688446	363.804521278	24.966489765	2401.48572809	4	0	0					
13	3	1	0	1870	9.96203208556	0.301604278075	0.00301414166534	0.000373402351537	935.981680936	605	0.123890939758	276.389239166	32.9388429752	1923.13255823	4	0	0					
13	4	1	0	1927	9.45459263103	0.267773741567	0.00333984891766	0.000342997678857	1033.13723705	553	0.123841519674	412.19143738	35.2459312839	2648.55938294	4	0	0					
13	5	1	0	908	29.1365638767	0.625550660793	0.0123212898636	0.000901552900988	1040.62461737	607	0.140145524163	378.038762404	46.313014827	2261.342287	4	0	0					
13	6	1	0	2048	10.7890625	0.29638671875	0.00446528101615	0.000387278710178	1029.07449276	652	0.131483206194	406.191272134	36.6748466258	2564.25534243	4	0	0					
13	7	1	0	1936	10.4622933884	0.287190082645	0.00343512225371	0.000363165466274	998.347119339	611	0.121169566957	285.596376945	36.6055646481	2000.91166432	4	0	0					
13	8	1	0	1944	9.49382716049	0.23353909465	0.00349171425372	0.000304473311601	1085.98988949	497	0.129573982938	382.555871631	41.0804828974	2390.0806834	4	0	0					
13	9	1	0	1300	18.5369230769	0.527692307692	0.00408361425307	0.000549431467508	966.887403117	755	0.125614666492	271.422083789	35.5920529801	1759.20026231	4	0	0					
13	10	1	0	1737	11.4830166955	0.349453080023	0.00337195656637	0.000393574955784	1013.44315201	668	0.127724498531	358.288625812	33.2829341317	2209.92755635	4	0	0					
13	11	1	0	1806	6.3665559247	0.180509413068	0.00185635934022	0.000226801539245	961.570874728	350	0.119894554711	240.24782326	35.1685714286	1701.8607039	4	0	0					
13	12	1	0	2141	16.4946286782	0.465670247548	0.00556694174393	0.000637791392426	1068.69494486	1076	0.123899209491	319.702290101	35.7146840149	2214.38592212	4	0	0					
13	13	1	0	2107	11.2093023256	0.304698623636	0.00406812687913	0.000425541072667	1110.30031656	689	0.124773379004	361.478552745	36.6777939042	2362.36719975	4	0	0					
13	14	1	0	2219	8.25416854439	0.241550247859	0.0032596656433	0.000306531304325	1056.65369121	588	0.128701765361	418.317633696	34.406462585	2555.3999176	4	0	0					
13	15	1	0	2198	8.63102820746	0.271155595996	0.00349366102657	0.000359994946065	1098.28657833	648	0.131078728887	442.743449159	32.1141975309	2753.07981862	4	0	0					
13	16	1	0	2162	9.06197964847	0.230342275671	0.00305912031373	0.000297085500916	1025.01046385	543	0.126165904548	349.539264587	39.0128913444	2256.9025634	4	0	0					
13	17	1	0	2081	8.70927438731	0.230658337338	0.00297407419305	0.000310821398574	966.601491864	524	0.125332759606	328.005392514	37.6870229008	2114.67753029	4	0	0					
13	18	1	0	1903	8.42406726222	0.252233315817	0.00291605257568	0.000350244326871	947.347356372	533	0.122730334082	294.908699702	34.1669793621	1966.32572954	4	0	0					
13	19	1	0	2022	8.05242334322	0.228981206726	0.0027655297055	0.00030117567252	983.189193869	487	0.123362318619	319.027962765	35.5811088296	2062.75826596	4	0	0					
13	20	1	0	2084	10.4784069098	0.307581573896	0.00372423981833	0.000379326583918	988.696914394	696	0.124309732308	347.082822013	34.625	2230.84451476	4	0	0					
13	21	1	0	2191	9.36513007759	0.277042446372	0.00309878415367	0.000349398522845	963.538561465	662	0.122718301656	289.479415065	33.7311178248	1952.56246857	4	0	0					
13	22	1	0	2009	10.6595321055	0.304131408661	0.00334120975869	0.000384667211247	949.114897699	659	0.120422826861	276.657501868	35.1972685888	1919.29343102	4	0	0					
13	23	1	0	2044	55.3992172211	1.90215264188	0.017272955305	0.00252644727741	1182.22324425	4212	0.122593068716	273.425316817	29.5536562203	2103.96889214	4	0	0					
13	24	1	0	2080	108.021634615	4.47884615385	0.0424835270394	0.00624359993325	1648.01807143	10053	0.145226397477	462.687281382	24.3941112106	2958.89052231	4	0	0					
14	1	1	0	2119	9.81028787164	0.266635205286	0.00338614399732	0.000331661262215	887.50362714	605	0.126536147153	271.102224617	36.4280991736	1794.16411725	4	0	0					
14	2	1	0	1839	147.319195215	5.06742794997	0.0786427288983	0.00808126125299	2149.85619296	10067	0.159298244111	658.60006191	29.0927783848	3836.47052959	4	0	0					
14	3	1	0	818	36.6638141809	1.07457212714	0.00774876214749	0.00106383785491	1077.27973968	968	0.12044936438	246.740602258	34.6559917355	1711.37241026	4	0	0					
14	4	1	0	2054	16.0778967868	0.39970788705	0.00454744729403	0.000500368503733	991.683344937	890	0.121041921541	302.098372779	40.2449438202	2091.11979248	4	0	0					
14	5	1	0	1801	10.9056079956	0.288728484175	0.00461490659227	0.000338633213548	997.167383188	550	0.136699600526	459.189418391	37.4	2657.47211309	4	0	0					
14	6	1	0	2021	7.9213260762	0.206333498268	0.00327994571566	0.000268389264571	986.71577645	473	0.13619449102	415.565299974	37.8858350951	2513.22717507	4	0	0					
14	7	1	0	1864	9.05364806867	0.257510729614	0.00314217862958	0.000302191390182	1038.69375707	518	0.132163309488	361.922757724	35.1505791506	2367.08708559	4	0	0					
14	8	1	0	1708	13.0790398126	0.40925058548	0.0039882251193	0.000525882213156	997.858987402	755	0.124340808619	274.94327445	32.0834437086	1886.28273669	4	0	0					
14	9	1	0	1922	10.3928199792	0.325182101977	0.00331613557103	0.000398318256715	975.499466022	680	0.127755491286	283.815780167	31.6794117647	1897.34124018	4	0	0					
14	10	1	0	1952	9.84170081967	0.30993852459	0.00297712381723	0.000372551263219	997.395821311	654	0.1218413729	271.432005409	32.0305810398	1919.75040096	4	0	0					
14	11	1	0	2015	8.03126550868	0.224317617866	0.00317725890756	0.000309835229111	1007.86754836	497	0.133477713429	370.048993125	36.6136820926	2280.65050836	4	0	0					
14	12	1	0	2088	7.88649425287	0.212164750958	0.0028501452422	0.000271366210083	1063.95029266	487	0.129874509471	332.624874475	37.2176591376	2150.15322499	4	0	0					
14	13	1	0	1692	4.89598108747	0.147754137116	0.00120106875501	0.000143715898793	1004.5175129	275	0.12061927714	327.200577519	33.0727272727	2097.93548212	4	0	0					
14	14	1	0	2036	7.38212180747	0.20137524558	0.00264184338252	0.000265893115705	1031.79529827	436	0.129104136343	359.479738961	36.6490825688	2229.8954323	4	0	0					
14	15	1	0	180	20.6555555556	0.294444444444	0.00899187772226	0.00053008043162	1131.88644914	53	0.142010516506	420.276527598	70.1509433962	2356.91888468	4	0	0					
14	16	1	0	2044	8.70156555773	0.254403131115	0.00273543802027	0.000321328624228	973.926559823	564	0.120840638815	275.818640834	33.7039007092	1977.1986858	4	0	0					
14	17	1	0	1924	8.71101871102	0.252079002079	0.0026742477258	0.000308326438622	991.530442533	515	0.126391347639	296.567151705	35.1922330097	2024.69939644	4	0	0					
14	18	1	0	2110	8.44739336493	0.262085308057	0.00334906057206	0.000339818212589	991.816468283	605	0.131935492003	362.134390216	32.6925619835	2209.83966304	4	0	0					
14	19	1	0	1942	6.96910401648	0.193099897013	0.0025680335104	0.000257454116732	1023.10491064	404	0.130412206078	326.407235441	36.1311881188	2050.93047564	4	0	0					
14	20	1	0	2177	9.46440055122	0.264124942582	0.00315233880022	0.000351122445016	941.939206001	606	0.121220831564	277.31381189	35.6534653465	1941.42563787	4	0	0					
14	21	1	0	1682	12.112960761	0.36385255648	0.00415346367283	0.00046538988542	984.469461554	649	0.127957855844	316.890180235	33.4252696456	2056.69950998	3	0	0					
14	22	1	0	2129	12.4894316581	0.413809300141	0.00356507894482	0.000490312401365	944.279231629	952	0.11884647664	238.751983836	30.2930672269	1740.15412058	4	0	0					
14	23	1	0	2142	9.11904761905	0.243230625584	0.00248356312941	0.000320929098331	929.352825093	569	0.119344880933	208.557521017	37.5588752197	1602.16007712	4	0	0					
14	24	1	0	2208	100.12182971	4.44565217391	0.0372280547386	0.00600134316042	1339.97256264	10592	0.144143023954	379.952137355	22.7034554381	2441.42020521	4	0	0					
15	1	1	0	1699	8.12301353737	0.198351971748	0.00247107970633	0.000242390442105	1016.22018412	361	0.122842746531	271.941580728	41.0055401662	1927.88342119	4	0	0					
15	2	1	0	1640	137.779878049	5.63109756098	0.0850912048667	0.00835691100084	2530.49639975	9944	0.16518473461	952.113968586	24.6186645213	5390.32022125	4	0	0					
15	3	1	0	1332	112.939189189	3.48873873874	0.0677996154126	0.00545391443868	1963.45837029	4981	0.151383533651	686.464936423	32.5510941578	4207.1851928	4	0	0					
15	4	1	0	1731	11.849220104	0.288272674754	0.00346040904414	0.000338340662624	1086.13910137	557	0.122053699148	330.540966141	41.0107719928	2376.81845899	4	0	0					
15	5	1	0	1848	12.7813852814	0.320887445887	0.00424626986311	0.000408492491056	1036.09783539	655	0.125952479398	318.320152234	39.3114503817	2091.71956504	4	0	0					
15	6	1	0	2252	13.6505328597	0.402309058615	0.00411970781909	0.000530621521882	1006.9935709	978	0.120719667132	264.254514704	34.3926380368	1909.99596807	4	0	0					
15	7	1	0	1508	117.720822281	4.10145888594	0.0568583218563	0.00612054489219	1743.11938156	6668	0.149952885945	530.222397449	28.8846730654	3314.13348342	4	0	0					
15	8	1	0	1603	10.864628821	0.237679351216	0.00444957148345	0.000326734250991	1023.52670783	422	0.13484044442	434.724832992	46.4549763033	2529.18295476	4	0	0					
15	9	1	0	660	11.9212121212	0.181818181818	0.00400227744502	0.000303738492728	991.847283685	133	0.126215104319	309.184232858	65.1804511278	1941.27158485	4	0	0					
15	10	1	0	1858	8.99677072121	0.241657696448	0.00279921299521	0.000311076363265	989.231727922	477	0.121619433505	292.491481851	38.0104821803	2015.77122332	4	0	0					
15	11	1	0	1940	8.48969072165	0.208762886598	0.00327170094895	0.000277073435754	1037.60507371	426	0.130537432958	373.136572687	40.9976525822	2286.11485122	4	0	0					
15	12	1	0	1926	8.97975077882	0.259086188993	0.00287905501358	0.000296955165961	1072.92767843	553	0.127076930278	375.397076894	34.835443038	2420.16116746	4	0	0					
15	13	1	0	1845	6.05365853659	0.181029810298	0.00223309366061	0.000251021164029	1044.3025075	370	0.125286390283	306.250224411	33.5675675676	2089.55559396	4	0	0					
15	14	1	0	2328	6.95962199313	0.211340206186	0.00223004067673	0.000272707390712	999.274027566	533	0.120966744159	278.728359178	32.8311444653	1981.67961395	4	0	0					
15	15	1	0	2136	7.53604868914	0.226123595506	0.00287076436306	0.000308007334478	997.384073957	509	0.127344725053	321.508306002	33.4616895874	2045.42891872	4	0	0					
15	16	1	0	1680	3.6880952381	0.099404761904799993	0.00165100411111	0.000120298886586	915.05938666	188	0.145043001853	402.088789076	37.1170212766	2195.00702411	4	0	0					
15	17	1	0	1773	9.8432036097	0.276931754089	0.00322551502868	0.000354859663482	987.023095883	522	0.12548706272	274.160778172	35.7969348659	1895.04949667	4	0	0					
15	18	1	0	1996	4.80861723447	0.126753507014	0.00183092451209	0.000162836227051	943.521615733	275	0.135134683431	357.384624185	38.4072727273	2129.66331	4	0	0					
15	19	1	0	1795	11.9832869081	0.360445682451	0.0028630628706	0.000369273550879	1163.52524698	722	0.12148371712	290.518161908	33.5900277008	2053.63426641	4	0	0					
15	20	1	0	1765	9.71614730878	0.28328611898	0.00370951949194	0.000377546138214	997.079948254	537	0.129164187461	361.695702289	34.5716945996	2307.57403022	4	0	0					
15	21	1	0	1156	124.641868512	4.21799307958	0.0385369507531	0.00429748268252	1307.05365994	5421	0.148698001022	386.596891551	30.135214905	2340.58725669	4	0	0					
15	22	1	0	1918	15.1329509906	0.457768508863	0.00517820521142	0.000576314530804	974.469688164	940	0.126346451738	299.933953757	33.485106383	2032.52847572	4	0	0					
15	23	1	0	2064	8.64244186047	0.227228682171	0.00255321461973	0.00027497842146	940.148840263	515	0.123072828912	269.701992054	37.9126213592	1847.35814704	4	0	0					
15	24	1	0	2140	103.836915888	4.03598130841	0.0442010497796	0.00583462541546	1970.27508144	9212	0.143801933272	559.797338784	26.056122449	3637.42470411	4	0	0					
16	1	1	0	2083	7.69563130101	0.202112337974	0.0024371018964	0.000247036676973	1005.17507789	457	0.123572961368	277.62915392	37.761487965	1883.11817082	4	0	0					
16	2	1	0	1961	40.5879653238	1.21723610403	0.0113294476923	0.00162386852624	1157.56128802	2610	0.118692809179	244.839518953	33.4662835249	1945.5910971	4	0	0					
16	3	1	0	1984	13.8755040323	0.428931451613	0.00499896075368	0.000604054562627	947.929017387	913	0.121970760008	250.153495496	32.2026286966	1809.26574714	4	0	0					
16	4	1	0	2080	8.28798076923	0.231730769231	0.00293496261974	0.000292574493687	971.731310331	510	0.125507415944	312.057280371	36.0784313725	2086.90398376	4	0	0					
16	5	1	0	1344	14.552827381	0.401041666667	0.00605808837655	0.00050515724339	969.28569958	572	0.135613040038	346.126748206	36.5786713287	2036.21455319	4	0	0					
16	6	1	0	2163	12.0883032825	0.28941285252	0.00335818421866	0.000363815788221	967.849388304	665	0.119974332335	257.078886752	41.8947368421	1854.76990938	4	0	0					
16	7	1	0	770	10.9506493506	0.222077922078	0.00479965336603	0.000288471024424	993.642342008	187	0.152179294561	451.491185738	49.0320855615	2589.73076254	4	0	0					
16	8	1	0	940	14.1819148936	0.329787234043	0.00415807430805	0.000328308889383	1080.31046941	340	0.127421210553	354.207037379	42.25	2357.97317873	4	0	0					
16	9	1	0	1879	10.7488025546	0.349121873337	0.00326489738354	0.000410867801828	1062.9259002	700	0.126375285028	299.687156897	31.0414285714	2059.3508323	4	0	0					
16	10	1	0	1679	20.6200119119	0.681357951161	0.0070295212603	0.000916859754572	1061.10724952	1200	0.125076522935	300.216833133	30.7616666667	2057.36127985	4	0	0					
16	11	1	0	1468	14.9836512262	0.307901907357	0.00485451518347	0.00046935214837	988.664413804	479	0.127583028361	270.187098898	48.878914405	1837.85206838	4	0	0					
16	12	1	0	1964	6.85030549898	0.19450101833	0.00200933483248	0.000254698349722	1130.71257368	426	0.120039237538	271.524000195	36.0187793427	1967.06010679	4	0	0					
16	13	1	0	1139	5.56101843723	0.136962247586	0.00152273088021	0.000125808573065	943.760469141	168	0.141395941648	313.194023895	41.3035714286	1890.79720033	4	0	0					
16	14	1	0	1724	9.59976798144	0.262180974478	0.00247355275911	0.000273610618564	1044.89560389	498	0.121429847565	285.170713222	36.8112449799	1974.88146609	4	0	0					
16	15	1	0	1953	8.04249871992	0.221198156682	0.00309015515234	0.00029092657271	1033.000387	470	0.13076595368	386.795859558	36.614893617	2339.02990797	4	0	0					
16	16	1	0	1664	10.3353365385	0.245192307692	0.00323551325947	0.000238980283414	1015.25293821	458	0.135185359881	416.790516917	42.7052401747	2416.26159752	4	0	0					
16	17	1	0	1796	8.83630289532	0.246102449889	0.00271171821326	0.000310643931181	1012.38374669	477	0.122886753345	293.604297174	36.2054507338	2009.0122408	4	0	0					
16	18	1	0	2113	10.5726455277	0.265972550876	0.00305024579776	0.000363332324653	932.23616858	608	0.116925332571	227.248464067	40.1167763158	1682.89379186	4	0	0					
16	19	1	0	851	13.4065804935	0.242068155112	0.00467166651784	0.000340413053659	936.295457713	223	0.137385754489	298.832444245	56.1883408072	1804.9216727	4	0	0					
16	20	1	0	2052	8.10233918129	0.237816764133	0.00282810220653	0.000302730282855	965.542342102	521	0.127505176967	328.132716049	34.3435700576	2047.3699121	4	0	0					
16	21	1	0	2168	8.38422509225	0.227398523985	0.00263045920643	0.000300152397207	953.552890048	530	0.122487754005	283.148933888	37.0641509434	1999.1140979	4	0	0					
16	22	1	0	2062	18.9238603298	0.637730358875	0.00542293276313	0.000789185548956	962.520592811	1407	0.120970973609	227.369870057	29.7597725657	1745.41877926	4	0	0					
16	23	1	0	2004	8.96956087824	0.247005988024	0.00255505567238	0.000314514062606	977.672220249	536	0.118458721224	238.098982103	36.3805970149	1757.6116824	4	0	0					
16	24	1	0	1813	35.0353006067	1.09652509653	0.0097375004285	0.00135574973159	1442.58658726	2113	0.11926672883	334.459329932	32.2782773308	2564.48514212	4	0	0					
