Database Name	Phenix ODA 2																				
Database Location	http://opera2.dyn.scilifelab.se/ODA/OdaService.asmx																				
Evaluation Signature	d1f3a05a-6c3e-4ca7-ae38-6be44eaee441																				
Plate Name	P102902																				
Measurement	Measurement 1																				
Evaluation	Evaluation1																				
																					
[Data]																					
Row	Column	Plane	Timepoint	Cell Selected - Number of Objects	Cell Selected - Total Spot Area - Mean per Well	Cell Selected - Number of Spots - Mean per Well	Cell Selected - Relative Spot Intensity - Mean per Well	Cell Selected - Number of Spots per Area of Cytoplasm - Mean per Well	Cell Selected - Intensity Cytoplasm Mean - Mean per Well	Spots Selected - Number of Objects	Spots Selected - Relative Spot  Intensity - Mean per Well	Spots Selected - Corrected Spot  Intensity - Mean per Well	Spots Selected - Spot Area [px²] - Mean per Well	Spots Selected - Intensity Spot Mean - Mean per Well	Number of Analyzed Fields	Height [µm]	Time [s]	Compound	Concentration	Cell Type	Cell Count
1	1	1	0	2001	120.5702149	5.018990505	0.059182039	0.00752788	1907.612656	11037	0.152932889	579.2345724	24.35063876	3496.347737	4	0	0				
1	2	1	0	2288	8.897727273	0.262674825	0.003299097	0.00034068	953.0866221	656	0.124072893	286.3601004	34.06097561	1908.679026	4	0	0				
1	3	1	0	2403	9.697877653	0.39284228	0.003131272	0.000504262	889.6156806	1005	0.120980996	224.2996307	24.84378109	1632.91181	4	0	0				
1	4	1	0	2253	9.423435419	0.306258322	0.003257913	0.000389158	957.2892085	728	0.122611382	261.0058451	30.73763736	1823.906772	4	0	0				
1	5	1	0	2381	9.200335993	0.284334313	0.003342399	0.000361616	974.4287065	718	0.122340721	317.411628	32.47771588	1981.465412	4	0	0				
1	6	1	0	2386	7.785834032	0.225481978	0.002632155	0.000292463	981.9992725	578	0.122990129	282.3223212	35.00519031	1948.970281	4	0	0				
1	7	1	0	2281	3.049101271	0.061814993	0.001372794	7.50E-05	846.6417569	159	0.150362692	394.7867584	49.03144654	2262.383097	4	0	0				
1	8	1	0	2312	7.472318339	0.221020761	0.002607228	0.000297149	1018.997903	540	0.121524725	300.3483182	34.04259259	2058.654395	4	0	0				
1	9	1	0	2204	9.06215971	0.280399274	0.003596966	0.000347925	1006.829981	677	0.127183846	376.6177621	32.64254062	2289.619894	4	0	0				
1	10	1	0	1644	3.706812652	0.089416058	0.001796419	0.000103976	911.5241825	169	0.148614921	484.5093899	41.5739645	2769.822361	4	0	0				
1	11	1	0	340	31.13823529	0.45	0.012625587	0.000501777	1046.496292	159	0.177737433	531.6934351	69.05031447	2641.433259	4	0	0				
1	12	1	0	2285	8.617943107	0.268708972	0.00323772	0.000324378	960.669572	662	0.125776669	319.8905797	32.91993958	2091.524428	4	0	0				
1	13	1	0	2349	7.825031928	0.252873563	0.002475958	0.000311312	1011.598172	642	0.122377135	263.8908141	31.90809969	1870.689407	4	0	0				
1	14	1	0	2199	8.070031833	0.238744884	0.002939779	0.000316407	1029.881	556	0.12607162	298.5405288	34.06654676	1985.001571	4	0	0				
1	15	1	0	2273	7.919049714	0.225692917	0.002946986	0.000287198	1065.357575	548	0.125142082	337.3401841	35.10218978	2144.358444	4	0	0				
1	16	1	0	2318	8.888697153	0.247627265	0.003201966	0.000318641	1044.735081	609	0.127512863	409.2349461	35.88669951	2551.445237	4	0	0				
1	17	1	0	2116	7.842155009	0.246691871	0.002869105	0.000284887	936.1517494	556	0.131273012	357.3159884	31.81115108	2170.794674	4	0	0				
1	18	1	0	2181	9.139844108	0.264557542	0.003337869	0.000340281	998.06173	615	0.122716136	338.9880577	35.12520325	2198.95104	4	0	0				
1	19	1	0	2120	9.382075472	0.290566038	0.003137156	0.000341435	969.5367364	656	0.124173216	293.0946697	32.67378049	1927.210843	4	0	0				
1	20	1	0	2267	8.486546096	0.312748125	0.00313534	0.000388793	901.5425506	748	0.119101361	273.0310106	27.54010695	1868.055766	4	0	0				
1	21	1	0	2168	8.065498155	0.225553506	0.002572921	0.000300776	981.6657156	512	0.119009066	273.0406549	35.99609375	1893.453283	4	0	0				
1	22	1	0	2283	8.893561104	0.300919842	0.003581596	0.000373682	919.7501796	739	0.130476773	358.9503382	30.11366712	2203.800527	4	0	0				
1	23	1	0	2279	114.1588416	5.17419921	0.052569233	0.007556634	1491.354199	12824	0.15180998	457.337945	22.32797879	2779.473462	4	0	0				
1	24	1	0	2093	13.70090779	0.414715719	0.004916051	0.000512631	892.4748466	935	0.129179955	317.6132145	33.78823529	1997.928644	4	0	0				
2	1	1	0	2112	123.0686553	5.232954545	0.062180189	0.00797195	1744.343352	12030	0.155318324	546.5942007	23.75660848	3263.504553	4	0	0				
2	2	1	0	2367	9.778622729	0.324883819	0.003790158	0.000402892	1007.14557	826	0.122457893	346.4445579	30.31961259	2220.550345	4	0	0				
2	3	1	0	2436	8.91091954	0.298850575	0.002881172	0.00039459	950.6701762	778	0.120195428	255.9232541	30.20565553	1798.468137	4	0	0				
2	4	1	0	2323	9.1786483	0.293155402	0.003819645	0.00039676	975.4132023	747	0.12555007	324.5463582	31.41097724	2088.763603	4	0	0				
2	5	1	0	2384	10.50503356	0.354865772	0.003592473	0.000453837	952.372597	909	0.123851014	265.7937038	30.01210121	1847.417208	4	0	0				
2	6	1	0	2234	8.513876455	0.263205013	0.003022159	0.000330878	1020.054588	634	0.127561328	321.853293	32.94479495	2071.365597	4	0	0				
2	7	1	0	2103	8.767475036	0.304327152	0.003022274	0.000377439	991.6739525	708	0.123958282	287.6121061	29.95621469	1989.660455	4	0	0				
2	8	1	0	2134	8.921274602	0.273195876	0.003368008	0.000340092	1058.22005	626	0.124381624	346.6938745	32.50958466	2355.882875	4	0	0				
2	9	1	0	2233	8.674429019	0.288401254	0.003438492	0.000368181	1030.286336	706	0.125883396	318.7204368	30.45750708	2104.130864	4	0	0				
2	10	1	0	1441	9.614156836	0.303261624	0.002810535	0.000248365	1020.167641	494	0.130447765	518.8502794	32.08906883	3238.021822	4	0	0				
2	11	1	0	2231	10.33706858	0.312864186	0.00372121	0.000414071	1100.395995	763	0.124120351	346.9136124	33.42201835	2319.426588	4	0	0				
2	12	1	0	2195	9.182232346	0.30523918	0.00324681	0.000366341	1032.885932	732	0.126827336	328.3295251	30.39344262	2097.843385	4	0	0				
2	13	1	0	1479	9.273157539	0.292765382	0.003639195	0.000242117	1048.056312	484	0.139429011	530.0897174	32.8677686	2976.601821	4	0	0				
2	14	1	0	2210	8.56199095	0.27918552	0.002976151	0.000342658	1009.242205	649	0.125279787	331.8321367	31.10169492	2118.962333	4	0	0				
2	15	1	0	2066	8.291384318	0.281219748	0.003199486	0.000356626	1011.423631	631	0.125300783	324.4231595	29.52773376	2103.051225	4	0	0				
2	16	1	0	2245	27.05523385	1.000445434	0.008515969	0.001314433	1051.127461	2433	0.122461049	260.9862338	27.40156186	1931.312822	4	0	0				
2	17	1	0	2214	7.891598916	0.262872629	0.002728098	0.000331934	1053.563935	630	0.124255881	319.6157885	30.59206349	2156.433191	4	0	0				
2	18	1	0	2235	9.284116331	0.301118568	0.003466333	0.000365697	961.7310463	727	0.12532086	315.601813	30.76753783	2048.096019	4	0	0				
2	19	1	0	2061	8.083454634	0.282872392	0.002290914	0.000330068	926.4214424	620	0.119206411	228.6023059	28.78709677	1688.351981	4	0	0				
2	20	1	0	2065	7.525423729	0.250847458	0.002493922	0.000311568	981.5512824	577	0.119014705	289.2969509	30.16291161	1929.452963	4	0	0				
2	21	1	0	2103	7.612458393	0.242035188	0.002850058	0.000293508	997.9340499	545	0.123754298	315.4065454	32.22752294	2099.781387	4	0	0				
2	22	1	0	2079	10.61856662	0.345839346	0.004183711	0.00040769	982.0014336	777	0.130109941	361.9662711	31.48262548	2140.881797	4	0	0				
2	23	1	0	2113	89.88452437	3.951254141	0.031844023	0.005188674	1271.124714	9024	0.140597682	343.8482744	22.97174202	2260.844481	4	0	0				
2	24	1	0	2007	8.361235675	0.243647235	0.00334722	0.000294631	1229.468711	532	0.131031654	639.2544194	34.72368421	3846.270846	4	0	0				
3	1	1	0	2397	119.6458073	4.287859825	0.052487625	0.006012572	1593.197615	11034	0.149820518	487.9153381	28.18098604	2958.378729	4	0	0				
3	2	1	0	2479	8.473174667	0.269463493	0.002801912	0.000349574	923.0054678	716	0.120294358	249.7721114	31.68435754	1757.049286	4	0	0				
3	3	1	0	2572	10.73911353	0.367029549	0.003372412	0.000482303	931.7193973	1008	0.118958964	232.3802111	29.34821429	1719.715226	4	0	0				
3	4	1	0	2530	10.30079051	0.349011858	0.003474008	0.000457838	949.3429126	948	0.121441067	265.8038922	29.54852321	1823.397924	4	0	0				
3	5	1	0	2342	9.22587532	0.301024765	0.002842703	0.000384893	965.4268229	764	0.120256069	246.1723476	30.68586387	1736.08082	4	0	0				
3	6	1	0	2499	10.33413365	0.31532613	0.003507093	0.00040003	998.9414375	836	0.122523856	280.7805766	32.91267943	1902.728617	4	0	0				
3	7	1	0	2256	9.597517731	0.30141844	0.003585394	0.000373108	1036.400548	748	0.128020163	337.832686	32.43716578	2141.799032	4	0	0				
3	8	1	0	2384	9.710151007	0.317533557	0.003373939	0.000381861	995.8569643	800	0.125031362	306.7915312	30.79125	2000.493395	4	0	0				
3	9	1	0	2295	8.315904139	0.258823529	0.003107246	0.000318525	997.8189759	630	0.126466872	320.5015544	32.66666667	2062.533246	4	0	0				
3	10	1	0	2463	7.429151441	0.229801056	0.002535283	0.000297747	1067.300984	612	0.124571351	337.5816768	33.12091503	2260.905	4	0	0				
3	11	1	0	2443	10.27548097	0.36266885	0.003676807	0.000447354	997.8994471	938	0.126382486	340.7135193	28.20469083	2198.689011	4	0	0				
3	12	1	0	2305	8.568763557	0.29978308	0.002897343	0.000375003	1003.395387	735	0.124984313	284.3617563	28.77823129	1911.789597	4	0	0				
3	13	1	0	2250	9.728	0.280444444	0.003274053	0.000349162	1019.766968	671	0.124232733	310.8753376	35.04918033	2079.119976	4	0	0				
3	14	1	0	2227	11.33542883	0.378985182	0.003783252	0.000457639	1034.31712	909	0.124961704	332.3681834	30.07590759	2170.418331	4	0	0				
3	15	1	0	2296	8.970383275	0.270034843	0.00330008	0.000294963	1056.050697	663	0.129861861	409.6912211	33.55806938	2577.044076	4	0	0				
3	16	1	0	2216	8.025722022	0.261732852	0.002842864	0.000332534	1068.434248	609	0.122407055	326.391364	30.84400657	2281.451085	4	0	0				
3	17	1	0	2291	9.791793976	0.345700567	0.003073503	0.000427996	1007.105223	852	0.120064908	269.132986	28.68075117	1893.774135	4	0	0				
3	18	1	0	2259	8.420540062	0.267374945	0.002794883	0.000315011	1028.367084	643	0.126061875	315.9801959	31.71384137	1989.110422	4	0	0				
3	19	1	0	2323	8.338355575	0.288420146	0.002545168	0.000355685	948.9560656	711	0.118689591	268.4400614	29.27004219	1877.971569	4	0	0				
3	20	1	0	2377	6.159865377	0.183845183	0.00217384	0.0002357	968.6554695	465	0.135167809	341.7432853	33.69892473	2140.560511	4	0	0				
3	21	1	0	2064	11.52180233	0.409399225	0.003497044	0.000497202	923.1407566	922	0.118510302	251.1426698	28.36334056	1782.560511	4	0	0				
3	22	1	0	2147	11.05542618	0.367023754	0.003566754	0.000463302	872.0138065	869	0.12135592	225.1278554	30.33026467	1586.365902	4	0	0				
3	23	1	0	1863	73.34943639	2.944712829	0.02379312	0.003860559	1191.283843	6004	0.133927296	303.9877966	25.10009993	2083.624423	4	0	0				
3	24	1	0	1997	11.85428142	0.394091137	0.004002437	0.000471929	871.7031893	856	0.124671564	285.307131	30.27686916	1804.557324	4	0	0				
4	1	1	0	2448	104.9938725	4.023284314	0.040845977	0.005540732	1498.509911	10589	0.141917274	420.7903607	26.21021815	2740.897257	4	0	0				
4	2	1	0	2338	112.367408	4.470487596	0.046699069	0.006280449	1501.124585	11279	0.148054643	439.7561641	25.37450129	2729.068334	4	0	0				
4	3	1	0	2347	9.780570942	0.290157648	0.003198894	0.000368019	947.1060362	723	0.121278495	247.8528467	34.08852006	1744.381162	4	0	0				
4	4	1	0	2438	10.22067268	0.349056604	0.00308913	0.000432721	963.9152633	920	0.120439564	260.3434514	29.51413043	1823.499022	4	0	0				
4	5	1	0	2202	10.56357856	0.32061762	0.003560778	0.000410106	983.9419884	772	0.121843127	305.6174253	33.07124352	2032.749921	4	0	0				
4	6	1	0	2311	10.25054089	0.329294678	0.003586997	0.000405658	961.7660488	815	0.123070168	282.5009505	31.94355828	1855.920791	4	0	0				
4	7	1	0	2455	9.72790224	0.314460285	0.003297914	0.000380747	1007.887263	817	0.125565276	311.2934618	31.61933905	2019.822103	4	0	0				
4	8	1	0	2378	8.168208579	0.224978974	0.0039282	0.000295727	1050.185533	577	0.137051529	467.6329282	37.02772964	2586.201139	4	0	0				
4	9	1	0	2186	9.582799634	0.297804209	0.003016672	0.00035315	1015.841894	707	0.121387022	301.4389193	32.34229137	2101.508426	4	0	0				
4	10	1	0	2317	11.97194648	0.434613725	0.003871795	0.000541505	1002.783539	1075	0.120557341	276.0831901	27.49395349	1946.027111	4	0	0				
4	11	1	0	2199	95.66803092	4.178262847	0.035801431	0.005446936	1510.737829	9961	0.139938798	430.074543	23.06625841	2829.152216	4	0	0				
4	12	1	0	2281	8.388426129	0.272687418	0.002908076	0.000345423	1123.05776	694	0.125826247	334.2287266	31.83285303	2196.306106	4	0	0				
4	13	1	0	2220	8.806306306	0.261261261	0.003589978	0.000338037	1068.555202	635	0.131600016	383.7836215	34.11181102	2329.078985	4	0	0				
4	14	1	0	2266	9.865842895	0.359223301	0.003376001	0.000437075	985.9362769	866	0.122963692	286.9757603	27.65127021	1950.1489	4	0	0				
4	15	1	0	2300	8.785217391	0.27	0.003699554	0.000337777	1062.707888	667	0.127491847	373.8039935	33.38530735	2351.028553	4	0	0				
4	16	1	0	1663	26.14491882	0.944678292	0.008404694	0.001195287	1118.244492	1681	0.127445151	310.7639371	27.78941106	2166.260895	3	0	0				
4	17	1	0	2284	8.424255692	0.287215412	0.002862754	0.000340599	1019.583806	717	0.125724668	325.0808508	30.0237099	2072.065164	4	0	0				
4	18	1	0	2269	36.18642574	1.226972234	0.010097132	0.001579641	1107.484186	2997	0.118888244	239.9299716	29.88021355	1847.654316	4	0	0				
4	19	1	0	2246	39.59750668	1.631789849	0.012114875	0.002120988	1082.421078	3950	0.123960469	261.6898438	24.49037975	1919.785486	4	0	0				
4	20	1	0	2160	8.90787037	0.308333333	0.00306518	0.00037029	1034.885317	717	0.124535142	320.0774282	29.26778243	2039.78434	4	0	0				
4	21	1	0	2187	9.726566072	0.346593507	0.002923259	0.000417801	926.9235724	819	0.121684779	240.5183083	28.48107448	1704.382404	4	0	0				
4	22	1	0	1954	12.75127943	0.446264074	0.003793534	0.000530782	883.0713524	953	0.118012807	241.900646	28.7838405	1766.46811	4	0	0				
4	23	1	0	1909	92.57359874	3.687270822	0.030905174	0.00476281	1318.92995	7636	0.136172332	346.7116857	25.39798324	2358.726928	4	0	0				
4	24	1	0	1836	117.5669935	4.958605664	0.048474756	0.006510185	1450.939351	9917	0.149984747	426.92846	23.97277402	2619.94662	4	0	0				
5	1	1	0	2333	81.20402915	2.771538791	0.025368333	0.003452869	1288.063097	7156	0.128552879	320.1172998	29.68529905	2322.966036	4	0	0				
5	2	1	0	2163	119.1747573	5.119278779	0.055603667	0.007281756	1588.664173	11911	0.15360764	501.3097322	23.47561078	3004.015963	4	0	0				
5	3	1	0	2466	10.18694242	0.325223033	0.003955832	0.000437606	964.7845176	857	0.123620663	314.841129	31.61960327	2058.854991	4	0	0				
5	4	1	0	2335	10.11520343	0.361884368	0.003355343	0.000472964	932.7906294	909	0.120310284	247.696829	28.61716172	1728.23632	4	0	0				
5	5	1	0	2561	9.317454119	0.335025381	0.00319328	0.000436829	959.1657371	915	0.118274252	254.32693	28.12131148	1837.288098	4	0	0				
5	6	1	0	2425	7.819381443	0.229690722	0.002889588	0.000294706	1028.68087	611	0.125372861	362.586776	34.72340426	2244.670313	4	0	0				
5	7	1	0	2446	11.44603434	0.361815209	0.003830611	0.000463593	995.7427784	942	0.123994982	288.3365513	31.4596603	1972.570814	4	0	0				
5	8	1	0	2356	8.580220713	0.261035654	0.003061714	0.000334815	1047.903231	652	0.122426469	322.3835529	32.78067485	2150.462677	4	0	0				
5	9	1	0	2330	8.593562232	0.263948498	0.003020521	0.000341905	1052.177234	659	0.118051023	308.9788871	32.77086495	2173.640445	4	0	0				
5	10	1	0	2343	7.897994025	0.26845924	0.002691395	0.000320943	1010.039164	665	0.12024578	299.6322484	29.62857143	2002.706173	4	0	0				
5	11	1	0	2411	7.932393198	0.253007051	0.002913842	0.000319589	1088.879666	660	0.126676624	351.0869061	31.93030303	2285.651575	4	0	0				
5	12	1	0	2385	8.755974843	0.308176101	0.003037526	0.000366134	1071.001806	791	0.123476875	357.2090897	28.92793932	2269.268424	4	0	0				
5	13	1	0	2492	18.98354735	0.756019262	0.005343185	0.000978045	1096.171234	1984	0.117247661	239.2914524	25.42641129	1827.359525	4	0	0				
5	14	1	0	2410	12.79543568	0.445643154	0.004267151	0.000568421	1040.142027	1134	0.120415434	267.862953	29.18253968	1916.260868	4	0	0				
5	15	1	0	2384	10.14345638	0.365771812	0.003966902	0.000475515	1071.438198	945	0.126184807	410.7550498	27.97777778	2451.356248	4	0	0				
5	16	1	0	2406	9.061097257	0.320448878	0.003504142	0.000413908	1045.132224	837	0.122882244	341.6780523	28.69772999	2238.418443	4	0	0				
5	17	1	0	2357	8.922358931	0.320746712	0.00333628	0.000404079	1007.810076	821	0.126646158	360.7186705	28.22898904	2296.657428	4	0	0				
5	18	1	0	2268	75.02425044	3.134479718	0.026058328	0.00434525	1269.365899	7709	0.132699069	323.6417083	24.18471916	2245.460284	4	0	0				
5	19	1	0	1902	103.1351209	4.547844374	0.043847411	0.006217936	1389.329502	9236	0.148501672	431.7382404	22.83813339	2663.860722	4	0	0				
5	20	1	0	2307	10.12700477	0.349804941	0.003673296	0.000441781	962.3973068	855	0.120281766	304.5122987	29.64912281	2066.056055	4	0	0				
5	21	1	0	2243	9.283548819	0.341061079	0.003069116	0.000412166	925.5615013	820	0.119871268	262.8288005	27.82195122	1772.542123	4	0	0				
5	22	1	0	2323	12.37537667	0.440809298	0.003630149	0.000537533	911.7855238	1093	0.116900766	222.6651105	28.17383349	1640.305472	4	0	0				
5	23	1	0	2137	58.14833879	2.102012167	0.017925411	0.002724436	1236.220806	4861	0.122571136	288.7092577	27.93128986	2205.184874	4	0	0				
5	24	1	0	2012	76.88667992	3.435387674	0.023983747	0.004273261	1550.818902	7585	0.13440348	394.5762189	22.53684904	2722.865411	4	0	0				
6	1	1	0	2342	10.16567037	0.372758326	0.003049972	0.0004681	863.8451702	965	0.114496176	219.6342218	27.51088083	1617.169886	4	0	0				
6	2	1	0	2486	82.86202735	3.603781175	0.029609103	0.004913859	1258.598857	9814	0.139800936	347.4259389	23.05808029	2279.085671	4	0	0				
6	3	1	0	2398	9.866138449	0.333611343	0.002945032	0.000416538	914.2735363	861	0.118327192	242.1243525	29.78281069	1764.538517	4	0	0				
6	4	1	0	2539	11.44702639	0.404489957	0.003568793	0.000498839	945.2907996	1112	0.118799584	243.5526217	28.72302158	1731.725188	4	0	0				
6	5	1	0	2332	10.23885077	0.347341338	0.003675307	0.000436792	1001.208446	868	0.128675993	339.4898854	29.47926267	2048.936246	4	0	0				
6	6	1	0	2418	9.225392887	0.26344086	0.002809365	0.000338517	996.8194688	679	0.119307734	293.1397389	35.71575847	2041.987731	4	0	0				
6	7	1	0	2354	9.163976211	0.316907392	0.00351242	0.000394189	1031.007175	819	0.125784396	341.6154428	29.4041514	2142.390945	4	0	0				
6	8	1	0	2329	8.824388149	0.290682696	0.003028642	0.000367259	1037.878788	737	0.121928358	304.4126179	30.46947083	2057.895652	4	0	0				
6	9	1	0	2287	9.738522081	0.33187582	0.002600259	0.000386567	1029.326799	804	0.115804178	250.3489788	29.54975124	1905.76592	4	0	0				
6	10	1	0	2389	9.525742989	0.300962746	0.003496573	0.00037189	1058.723993	785	0.12507623	366.5352093	31.57707006	2347.612374	4	0	0				
6	11	1	0	2328	7.189862543	0.240120275	0.002120147	0.000304789	1081.786062	602	0.118622972	268.0894888	29.91860465	1955.878283	4	0	0				
6	12	1	0	2115	8.700236407	0.259574468	0.002993141	0.000309334	1047.547677	597	0.123717029	324.6114837	33.44723618	2195.544352	4	0	0				
6	13	1	0	2420	11.3177686	0.397933884	0.003820189	0.000483542	1062.432714	1041	0.120299171	313.1866336	28.70220941	2169.204524	4	0	0				
6	14	1	0	2263	10.74281927	0.372956253	0.003049035	0.000405626	1076.306786	907	0.119951894	330.1464421	28.86879824	2251.963632	4	0	0				
6	15	1	0	2365	10.87526427	0.389852008	0.003479666	0.000465018	1027.889716	1008	0.119826813	300.7483011	28.53472222	2070.08437	4	0	0				
6	16	1	0	2408	9.745016611	0.339285714	0.003393085	0.000411145	1035.376441	870	0.120622714	324.9297094	28.92758621	2227.093228	4	0	0				
6	17	1	0	2393	11.8040117	0.384872545	0.00376557	0.000502584	1077.250699	994	0.12002064	311.5419838	30.86519115	2186.342786	4	0	0				
6	18	1	0	2274	9.222515391	0.339929639	0.002628561	0.000421231	994.7254834	829	0.116950233	240.2775485	27.10735826	1780.674317	4	0	0				
6	19	1	0	2274	8.038698329	0.275725594	0.00253845	0.000358068	971.2787636	672	0.11764999	258.3511854	29.19196429	1890.358862	4	0	0				
6	20	1	0	2259	10.62815405	0.395307658	0.002829234	0.000433442	953.084791	968	0.114068806	217.7095508	27.04028926	1634.187086	4	0	0				
6	21	1	0	2101	13.36078058	0.461684912	0.004058141	0.000578763	970.4399485	1056	0.119886757	259.9744248	29.19128788	1873.426149	4	0	0				
6	22	1	0	2211	9.634102216	0.353233831	0.002863964	0.000444083	900.221002	851	0.117316896	215.6389145	27.47356052	1611.537802	4	0	0				
6	23	1	0	2016	8.608134921	0.279265873	0.002482462	0.000341598	928.3732547	607	0.116696267	234.2105349	31.12355848	1700.863671	4	0	0				
6	24	1	0	1909	72.05290728	2.974855946	0.022895373	0.003743907	1442.045227	6157	0.134089518	368.6664995	24.45574143	2544.594033	4	0	0				
7	1	1	0	2135	13.53255269	0.403747073	0.005582983	0.000501394	1006.573143	931	0.130688893	406.3098437	33.74113856	2516.233221	4	0	0				
7	2	1	0	2120	143.5396226	5.630188679	0.083468741	0.008156758	2660.5845	12769	0.164434276	947.4357863	25.75980891	5365.051055	4	0	0				
7	3	1	0	2170	15.75852535	0.565898618	0.005028085	0.000719923	910.072978	1314	0.11676923	227.3120584	27.71385084	1677.742412	4	0	0				
7	4	1	0	2409	9.137816521	0.263594853	0.002841783	0.000335256	945.8184153	697	0.120735678	249.683569	34.87804878	1727.916896	4	0	0				
7	5	1	0	2307	10.0827915	0.342436064	0.002959743	0.000426752	927.7762519	861	0.11567968	228.048339	29.45296167	1694.63752	4	0	0				
7	6	1	0	2413	10.04890178	0.305014505	0.003237678	0.000360505	977.753296	785	0.122152117	292.6753641	32.72866242	1979.301642	4	0	0				
7	7	1	0	2353	10.59711007	0.373140671	0.003171695	0.000440932	1000.146862	934	0.118525696	257.5468035	28.26659529	1849.808907	4	0	0				
7	8	1	0	2278	9.982879719	0.366110623	0.003486511	0.000449413	1002.555674	926	0.121583973	297.0061192	27.97300216	1947.189242	4	0	0				
7	9	1	0	1813	115.161059	4.480970767	0.056429703	0.007232751	1800.667491	8809	0.150702549	545.2776177	25.86491089	3301.778679	4	0	0				
7	10	1	0	2257	9.406734603	0.324324324	0.003097022	0.000409111	1007.548683	779	0.121433816	288.0031469	29.11681643	2002.2967	4	0	0				
7	11	1	0	2404	19.14434276	0.677620632	0.005896434	0.000909995	1106.687819	1741	0.116620904	262.908508	28.28546812	1977.540966	4	0	0				
7	12	1	0	2290	11.32358079	0.371179039	0.003847259	0.000420967	1040.616603	915	0.127218514	355.3719064	30.73224044	2335.145539	4	0	0				
7	13	1	0	2328	9.676116838	0.307560137	0.003164278	0.000363481	1088.557358	764	0.123989934	344.3245641	31.80235602	2221.88628	4	0	0				
7	14	1	0	2387	9.865521575	0.33640553	0.003276732	0.000399464	1041.129645	854	0.122181751	318.6675732	29.38641686	2114.4718	4	0	0				
7	15	1	0	2292	9.811954625	0.327661431	0.002902639	0.000370944	986.8863009	812	0.118811679	258.5810881	29.99261084	1839.019854	4	0	0				
7	16	1	0	2314	10.21045808	0.403630078	0.003498492	0.000502171	1033.65821	1004	0.121332701	315.7811992	25.74501992	2122.45158	4	0	0				
7	17	1	0	2276	9.142794376	0.335676626	0.003077055	0.0004187	1020.740989	820	0.123821566	310.8458229	27.35	2023.305103	4	0	0				
7	18	1	0	2360	10.30550847	0.341525424	0.003561508	0.000411658	1007.922888	870	0.124838569	331.8388431	30.55632184	2033.400589	4	0	0				
7	19	1	0	2486	8.473049075	0.282783588	0.002990216	0.000366858	996.8285538	767	0.120943836	303.4697163	30.30247718	2023.194529	4	0	0				
7	20	1	0	2375	8.272842105	0.280842105	0.003097005	0.000348121	924.4706096	728	0.123849595	313.7780522	29.80082418	1981.375425	4	0	0				
7	21	1	0	2061	76.26831635	3.01795245	0.025255257	0.004040432	1213.12628	6733	0.131013923	304.723418	25.44125947	2154.612182	4	0	0				
7	22	1	0	2250	10.944	0.417333333	0.003243576	0.000507747	906.2005637	1000	0.11793147	262.7091853	26.406	1891.96124	4	0	0				
7	23	1	0	1941	9.907779495	0.350334879	0.00342348	0.000451446	921.2025836	732	0.120028047	261.6650636	28.28688525	1780.625363	4	0	0				
7	24	1	0	2245	103.1447661	4.915812918	0.037066387	0.006344014	1293.79911	11795	0.141938826	359.0947184	21.19660873	2351.836119	4	0	0				
8	1	1	0	2423	11.03879488	0.356170037	0.003751185	0.000451382	872.3005	925	0.121779693	259.5635775	31.36216216	1713.456346	4	0	0				
8	2	1	0	2386	44.52808047	1.505029338	0.012723818	0.001954671	1109.578561	3861	0.119815295	253.7884985	29.81740482	1961.978619	4	0	0				
8	3	1	0	2264	11.13206714	0.384275618	0.003418985	0.000479758	954.2120883	913	0.118469971	253.5612303	28.966046	1858.740917	4	0	0				
8	4	1	0	2279	14.28916191	0.533128565	0.005006035	0.000637095	976.4039417	1286	0.126555181	365.3577103	26.93390358	2473.531525	4	0	0				
8	5	1	0	1589	135.2517306	5.135305223	0.073763764	0.007945884	2286.263472	8781	0.159466111	756.3405963	26.38663022	4431.585662	4	0	0				
8	6	1	0	2467	11.4539927	0.41305229	0.004397068	0.000507423	1085.857122	1088	0.125852687	369.5140834	28.03584559	2425.151196	4	0	0				
8	7	1	0	2216	30.36777978	1.234205776	0.009144331	0.001535887	1054.729223	2941	0.121237619	263.576005	24.89153349	1913.26477	4	0	0				
8	8	1	0	2195	11.36264237	0.436446469	0.003946113	0.00052936	1025.129062	1025	0.12157668	318.6363999	26.15121951	2093.257454	4	0	0				
8	9	1	0	2363	8.381718155	0.29581041	0.003304105	0.000374289	1087.629365	751	0.125335079	376.6146336	28.60985353	2418.046209	4	0	0				
8	10	1	0	2295	8.359477124	0.295860566	0.002847313	0.00037256	1053.454932	742	0.119534263	303.6407612	28.58490566	2121.8802	4	0	0				
8	11	1	0	2291	20.21649935	0.867743344	0.005875994	0.001115867	1064.112222	2171	0.118116423	238.2022357	23.25380009	1813.080353	4	0	0				
8	12	1	0	2171	104.2183326	4.350990327	0.040626682	0.005996441	1574.63481	10203	0.140990832	432.3874801	24.11261394	2835.831767	4	0	0				
8	13	1	0	2153	18.43334882	0.667905248	0.005714201	0.000836064	1051.865994	1537	0.118159593	277.25244	27.77423552	1982.761824	4	0	0				
8	14	1	0	2320	10.80517241	0.371551724	0.003533892	0.000475206	1069.53988	934	0.121895559	316.1011598	29.22162741	2173.500548	4	0	0				
8	15	1	0	2365	8.992389006	0.326004228	0.00292206	0.00041602	985.9733307	807	0.121018574	295.4023284	27.88351921	2027.677794	4	0	0				
8	16	1	0	1996	142.1007014	5.961923848	0.092401206	0.009497674	3071.036516	12718	0.165169565	1051.360385	23.96634691	5982.571466	4	0	0				
8	17	1	0	2200	16.74090909	0.669545455	0.004969053	0.00082749	1070.714795	1557	0.116719322	278.0479364	25.16120745	2076.734829	4	0	0				
8	18	1	0	2193	9.669858641	0.352941176	0.003617272	0.000431116	988.9965377	821	0.124088785	328.634115	27.75274056	2044.34447	4	0	0				
8	19	1	0	2202	10.41144414	0.363306085	0.003607577	0.000451869	969.0436066	852	0.121182058	335.1724319	28.88262911	2308.433974	4	0	0				
8	20	1	0	2020	11.86435644	0.413366337	0.003501958	0.000512166	877.865155	896	0.117723132	228.8838717	28.64174107	1654.956849	4	0	0				
8	21	1	0	2132	11.44465291	0.444652908	0.003566625	0.000549016	917.1108566	1024	0.121806171	268.0939965	25.75	1843.340685	4	0	0				
8	22	1	0	2140	8.604205607	0.288785047	0.00267879	0.000340199	850.1462091	684	0.121777018	253.5561158	30.24415205	1700.064024	4	0	0				
8	23	1	0	2138	11.2857811	0.394761459	0.003792799	0.000486363	921.8747468	910	0.124250704	285.1597714	28.78461538	1877.972817	4	0	0				
8	24	1	0	2051	40.42662116	1.555338859	0.011515246	0.001971068	1073.153641	3459	0.119453109	238.316236	26.22260769	1851.530022	4	0	0				
9	1	1	0	2098	117.8531935	4.893231649	0.053364107	0.006789469	1463.182351	11195	0.153427121	467.5325327	24.26887003	2780.649349	4	0	0				
9	2	1	0	2305	10.42603037	0.321475054	0.003255009	0.000409023	943.4219171	796	0.118395851	248.9056665	32.73994975	1778.134682	4	0	0				
9	3	1	0	2498	10.43154524	0.347878303	0.003888921	0.000442225	926.2476961	930	0.120073653	273.1306836	30.2483871	1859.523276	4	0	0				
9	4	1	0	2448	9.680555556	0.337418301	0.003010151	0.000409204	926.0437875	900	0.118725986	236.5352726	28.74555556	1694.589963	4	0	0				
9	5	1	0	2239	40.74586869	1.550245645	0.012109988	0.001984282	1149.391791	3782	0.124398825	286.4604452	26.300899	2118.132775	4	0	0				
9	6	1	0	2185	11.04347826	0.420594966	0.003640777	0.000493	986.6269779	981	0.122391518	287.1978111	26.62895005	1924.289816	4	0	0				
9	7	1	0	2067	11.71843251	0.456216739	0.00392995	0.000607297	951.21107	999	0.11830584	247.4408276	25.68868869	1760.293026	4	0	0				
9	8	1	0	2164	82.99168207	3.540665434	0.027281766	0.00465059	1322.848881	8283	0.13287317	335.9437806	23.60799227	2341.478609	4	0	0				
9	9	1	0	2313	8.162991786	0.324254215	0.002622269	0.00040547	1047.894266	802	0.123275698	306.3314118	25.38154613	2046.404224	4	0	0				
9	10	1	0	2277	13.17786561	0.480895916	0.003733254	0.000614525	991.578087	1186	0.115823958	228.5932456	27.63659359	1748.934719	4	0	0				
9	11	1	0	2406	8.306733167	0.267664173	0.002535896	0.000319282	1033.659219	689	0.120586947	302.9045177	31.32801161	2054.018314	4	0	0				
9	12	1	0	2393	8.663184288	0.27580443	0.00299014	0.000333587	1031.376899	702	0.126306688	319.8977871	31.94729345	2025.812882	4	0	0				
9	13	1	0	2384	36.5113255	1.445469799	0.010198544	0.001861964	1053.168325	3712	0.120799811	231.6132254	25.390625	1791.487854	4	0	0				
9	14	1	0	2196	11.36338798	0.386612022	0.003697072	0.00046982	988.8033626	905	0.119592281	267.6282582	29.55580111	1839.390599	4	0	0				
9	15	1	0	2217	9.663509247	0.331078033	0.003089984	0.00042314	1069.356836	781	0.121216138	310.2259215	29.2765685	2097.239726	4	0	0				
9	16	1	0	2242	22.40990187	0.859946476	0.006577802	0.001097264	1104.952383	2070	0.118338631	260.8070764	26.22222222	1930.250127	4	0	0				
9	17	1	0	2364	10.11632826	0.383671743	0.002954493	0.00046393	949.6241505	976	0.11879399	254.9827838	26.70389344	1745.553461	4	0	0				
9	18	1	0	2242	17.64094558	0.656110616	0.005419156	0.000814095	1061.144571	1598	0.118342435	278.2147471	27.00062578	2049.808715	4	0	0				
9	19	1	0	2238	10.90884719	0.388739946	0.003588064	0.000480642	931.0911585	936	0.119824827	265.5285753	28.10576923	1816.370567	4	0	0				
9	20	1	0	2057	96.7540107	4.148760331	0.037331895	0.005850727	1406.909529	9289	0.139231099	386.2816626	23.37614383	2571.913095	4	0	0				
9	21	1	0	2116	96.82703214	4.206994329	0.040775298	0.005763248	1446.486231	9679	0.147590675	455.4005047	23.13131522	2780.184571	4	0	0				
9	22	1	0	2121	11.96369637	0.476661952	0.003423439	0.000566961	910.9184544	1095	0.120976093	234.9633791	25.72694064	1655.524512	4	0	0				
9	23	1	0	2040	96.29558824	4.403431373	0.035003324	0.005683318	1283.850342	9797	0.142733233	357.1335896	22.00602225	2306.272648	4	0	0				
9	24	1	0	1910	10.51623037	0.352879581	0.002831783	0.000410626	887.1075746	742	0.118608287	226.2675584	30.45956873	1640.434987	4	0	0				
10	1	1	0	2043	130.5883505	4.708272149	0.06256073	0.006683599	1613.97846	10388	0.155631824	511.5181291	28.03648441	3020.346909	4	0	0				
10	2	1	0	2331	9.265122265	0.329472329	0.002745973	0.000411857	922.5542763	826	0.118144596	217.9015242	28.28934625	1625.625402	4	0	0				
10	3	1	0	2230	10.4044843	0.361883408	0.0036608	0.000468352	914.9738276	877	0.124214307	286.8615494	29.1368301	1956.149283	4	0	0				
10	4	1	0	2348	11.40502555	0.402044293	0.003741596	0.000478502	947.3992194	1037	0.124871241	281.1971952	28.30183221	1855.171415	4	0	0				
10	5	1	0	1862	131.6439313	5.10311493	0.064575691	0.007224682	2007.380359	10343	0.156469764	652.4051396	25.95533211	3856.347183	4	0	0				
10	6	1	0	2337	12.09670518	0.505776637	0.004040384	0.000641747	975.5654629	1259	0.119534949	258.0121696	23.94122319	1844.957551	4	0	0				
10	7	1	0	2367	9.889311365	0.366286439	0.002907452	0.000447735	994.7286869	937	0.118364218	239.7424514	26.81963714	1731.425356	4	0	0				
10	8	1	0	2244	8.68627451	0.341354724	0.002540899	0.000413417	1015.661739	837	0.117452228	268.287234	25.40621266	1894.590105	4	0	0				
10	9	1	0	2148	113.2942272	4.925046555	0.046280345	0.006543842	1806.943745	11392	0.142813142	517.3779056	23.16388694	3364.041731	4	0	0				
10	10	1	0	2258	25.03675819	1.012400354	0.007368374	0.001329676	1045.039022	2465	0.120363812	243.2308964	24.7505071	1819.005516	4	0	0				
10	11	1	0	2172	11.22421731	0.390423573	0.003648607	0.000465389	1093.914836	902	0.121185791	288.9007634	29.0210643	2002.275291	4	0	0				
10	12	1	0	2162	9.760407031	0.319611471	0.003331837	0.000377332	1005.695876	752	0.120251999	289.2753027	30.51994681	1927.239437	4	0	0				
10	13	1	0	2368	9.380067568	0.333192568	0.002860394	0.000422703	1061.098556	858	0.117005223	259.4948994	28.74242424	1932.514149	4	0	0				
10	14	1	0	2368	8.709037162	0.290118243	0.003007943	0.000377268	1008.725827	722	0.124662535	294.7872119	30.19529086	1951.500483	4	0	0				
10	15	1	0	2349	9.001277139	0.297147722	0.003137843	0.000375773	988.5641872	754	0.1189812	297.5812019	30.56233422	1992.861371	4	0	0				
10	16	1	0	1931	22.36043501	0.850336613	0.006625902	0.001090833	1095.833318	1768	0.118835237	252.9534867	26.5418552	1879.21808	4	0	0				
10	17	1	0	2231	9.822052891	0.350963693	0.003127856	0.000452193	986.0618964	833	0.117797564	286.9790173	28.46098439	1974.306444	4	0	0				
10	18	1	0	2169	88.94928539	4.217150761	0.031552389	0.005550443	1359.079439	9818	0.139424127	370.3962989	21.23385618	2454.190822	4	0	0				
10	19	1	0	2284	16.54991243	0.700087566	0.004412879	0.000858817	1031.147648	1710	0.117329685	237.1573977	23.7619883	1758.168472	4	0	0				
10	20	1	0	2309	9.782589866	0.333044608	0.003206634	0.000414633	938.5457789	833	0.1215532	262.0641909	29.68427371	1769.971987	4	0	0				
10	21	1	0	2076	120.1912331	4.844894027	0.047397438	0.006505687	1537.196263	10859	0.140637163	419.6658143	24.97237315	2786.940896	4	0	0				
10	22	1	0	2181	10.2952774	0.380559376	0.002843599	0.000477995	858.7150072	879	0.116603086	198.5946333	27.00227531	1517.872495	4	0	0				
10	23	1	0	2074	89.00433944	3.894406943	0.032132606	0.005258124	1285.760795	8790	0.139273971	343.0684377	23.02650739	2277.713472	4	0	0				
10	24	1	0	1913	8.265028751	0.279142708	0.002213062	0.000339906	962.7347101	597	0.115196422	211.0931516	29.76549414	1663.379832	4	0	0				
11	1	1	0	2192	109.6094891	3.993156934	0.044440868	0.005443906	1587.236428	9484	0.146599882	463.5902665	27.70835091	2885.602135	4	0	0				
11	2	1	0	2306	10.49739809	0.37424111	0.002988267	0.000457787	878.3680616	929	0.118257319	208.9482101	28.53390743	1580.774596	4	0	0				
11	3	1	0	2329	25.43280378	0.884499785	0.006991943	0.001115947	919.8724985	2245	0.116321523	206.9030548	28.79777283	1619.754251	4	0	0				
11	4	1	0	2324	10.26333907	0.368760757	0.00303146	0.000442643	904.5790059	928	0.117338625	227.117356	28.14978448	1635.193599	4	0	0				
11	5	1	0	2329	15.08243881	0.52382997	0.004325528	0.000630651	951.2485405	1324	0.117482768	229.4440955	28.92069486	1697.277134	4	0	0				
11	6	1	0	2196	24.80236794	1.063752277	0.006926036	0.001362191	968.9142639	2523	0.120106234	215.6632003	23.1561633	1648.605197	4	0	0				
11	7	1	0	2279	57.09960509	2.823606845	0.016868387	0.003649806	1093.399821	6923	0.128984097	258.6079577	20.32948144	1874.422138	4	0	0				
11	8	1	0	2155	10.11229698	0.374013921	0.00384105	0.000464167	1025.759655	860	0.124730054	327.5594072	27.08023256	2082.723445	4	0	0				
11	9	1	0	2130	10.15446009	0.349765258	0.003219263	0.0004197	1021.080344	805	0.12008744	293.0912342	29.51304348	1953.241533	4	0	0				
11	10	1	0	2165	8.536258661	0.300692841	0.002790268	0.00036979	1011.173017	711	0.119918563	289.4316091	28.907173	1993.874985	4	0	0				
11	11	1	0	2163	132.652797	5.444290337	0.070230722	0.008159193	2117.222217	12580	0.155444971	666.3667439	24.53696343	3976.033959	4	0	0				
11	12	1	0	2419	8.13766019	0.270359653	0.003069982	0.000348136	1029.059126	688	0.123149339	326.1591804	30.18604651	2163.530105	4	0	0				
11	13	1	0	2470	8.068825911	0.259109312	0.002621922	0.000332479	1020.703989	690	0.122833965	331.8253834	31.28115942	2176.641145	4	0	0				
11	14	1	0	2254	10.02883762	0.311446318	0.003642372	0.000389603	999.8068261	757	0.126783796	329.6913082	32.60634082	2107.77806	4	0	0				
11	15	1	0	2170	9.279262673	0.295852535	0.002971648	0.00036946	1032.563726	698	0.122171244	317.86058	31.73352436	2179.048863	4	0	0				
11	16	1	0	2339	9.452330056	0.316802052	0.002604811	0.000376782	997.6446244	778	0.117902367	258.1351697	29.9125964	1868.879127	4	0	0				
11	17	1	0	2324	15.97805508	0.575731497	0.00541385	0.000779363	1068.802372	1440	0.119131016	272.5933475	27.99861111	1984.840651	4	0	0				
11	18	1	0	2213	10.05964754	0.359692725	0.003380554	0.000453843	980.2143432	854	0.122547005	278.4712124	28.01990632	1882.536745	4	0	0				
11	19	1	0	2102	49.35775452	2.346812559	0.015126704	0.003101434	1114.152794	5281	0.128496042	263.8986364	21.09600454	1890.494282	4	0	0				
11	20	1	0	2190	8.796803653	0.321004566	0.002966116	0.00042129	944.3475868	767	0.120130567	267.7133676	27.64928292	1846.339636	4	0	0				
11	21	1	0	1893	145.0169044	5.836767036	0.074693402	0.008044008	1935.97665	11903	0.157654483	641.3659439	24.96941947	3782.015935	4	0	0				
11	22	1	0	2032	10.95620079	0.389271654	0.003821185	0.000470839	870.3041854	842	0.123060907	270.8659422	28.0807601	1764.985079	4	0	0				
11	23	1	0	1908	98.90251572	4.241090147	0.038418757	0.005720958	1385.206497	8808	0.14323846	398.1398702	23.66428247	2544.36906	4	0	0				
11	24	1	0	2167	11.63774804	0.458237194	0.003356073	0.000543573	872.1405203	1069	0.116631607	221.8488976	25.34705332	1675.5616	4	0	0				
12	1	1	0	2278	85.98595259	3.312554873	0.030953507	0.004495812	1409.518052	8044	0.137604225	373.7448527	25.83888613	2510.021526	4	0	0				
12	2	1	0	2351	115.1076138	4.180348788	0.047963087	0.005832606	1419.650023	10534	0.148689765	418.7275455	27.69565217	2592.794012	4	0	0				
12	3	1	0	2302	9.16246742	0.283666377	0.00295935	0.000343888	933.1320264	708	0.122131434	273.8178242	32.43361582	1839.355095	4	0	0				
12	4	1	0	2144	7.654384328	0.284514925	0.002552826	0.000349097	891.062964	660	0.120446928	273.708519	27.43333333	1921.760552	4	0	0				
12	5	1	0	2422	51.95004129	1.903798514	0.016232592	0.002718263	1398.577673	4900	0.124019445	314.4139355	27.40285714	2349.609306	4	0	0				
12	6	1	0	2181	11.45346171	0.415405777	0.003378008	0.000494053	1003.094896	976	0.120990577	262.5421297	27.79713115	1849.690052	4	0	0				
12	7	1	0	2208	10.98233696	0.40625	0.00379537	0.000521706	1053.433714	992	0.121866314	333.5331008	27.03528226	2185.932774	4	0	0				
12	8	1	0	2310	8.147186147	0.268831169	0.003120891	0.000342133	1021.103787	661	0.125507996	367.3188847	30.40847201	2326.83189	4	0	0				
12	9	1	0	1502	195.4007989	6.605193076	0.073618569	0.007276851	2266.058345	10877	0.145054264	657.3998824	29.83083571	4298.333366	4	0	0				
12	10	1	0	2315	11.00388769	0.396976242	0.004040046	0.000490404	1047.306688	981	0.12119561	328.3217423	27.93985729	2189.456328	4	0	0				
12	11	1	0	2236	8.091681574	0.299642218	0.002580539	0.000373004	1011.412776	726	0.120487447	271.7551768	27.16253444	1916.985528	4	0	0				
12	12	1	0	2352	9.591836735	0.31079932	0.00334757	0.000382146	996.7014127	774	0.124001371	305.294293	30.65633075	2029.38998	4	0	0				
12	13	1	0	1920	116.0114583	5.046875	0.048960872	0.00687246	1823.689124	10561	0.144984311	542.3937065	23.20017044	3460.024586	4	0	0				
12	14	1	0	2014	9.777060576	0.302383317	0.003240402	0.000360046	1018.875157	665	0.125522014	336.7833137	33.13533835	2158.44945	4	0	0				
12	15	1	0	2200	9.290909091	0.336818182	0.003230157	0.000418775	1009.704327	799	0.122538876	321.9646162	27.61827284	2154.135509	4	0	0				
12	16	1	0	2246	9.358860196	0.304096171	0.003229998	0.00037134	1008.037515	739	0.122940799	361.0029333	30.8376184	2407.146517	4	0	0				
12	17	1	0	2082	10.41210375	0.358789625	0.003649711	0.000427577	986.4966134	813	0.123812415	320.9104724	28.98646986	2049.999988	4	0	0				
12	18	1	0	2210	8.042986425	0.247511312	0.002461804	0.000325799	962.2147057	591	0.118879013	244.5674645	32.27580372	1759.907242	4	0	0				
12	19	1	0	2109	9.984826932	0.375533428	0.003285001	0.000444475	938.9877152	843	0.121489241	295.0052758	26.8113879	1936.809998	4	0	0				
12	20	1	0	1994	13.21664995	0.562688064	0.004215064	0.000686396	901.4741106	1207	0.11852518	223.5936702	24.1955261	1625.88529	4	0	0				
12	21	1	0	1781	13.9174621	0.474452555	0.00270474	0.000437903	881.2180039	953	0.119003298	209.4983839	29.93599161	1514.968182	4	0	0				
12	22	1	0	2023	35.4597133	1.468116658	0.0104581	0.001906885	1000.620029	3259	0.121171029	231.3020961	24.36790427	1748.376621	4	0	0				
12	23	1	0	1876	105.0229211	4.890724947	0.040127132	0.006386922	1369.865984	9988	0.144379076	396.8083513	21.74549459	2549.792724	4	0	0				
12	24	1	0	2037	114.7692685	5.383897889	0.050154982	0.0073011	1446.455167	11938	0.151312636	445.8129553	21.4698442	2709.97958	4	0	0				
13	1	1	0	2202	77.24886467	2.678928247	0.027697583	0.00357816	1298.279736	6354	0.129908865	333.9348757	29.12212779	2404.028797	4	0	0				
13	2	1	0	2116	104.4697543	4.13563327	0.039768276	0.005486376	1596.206983	9514	0.143963795	450.3621089	25.36104688	2890.012529	4	0	0				
13	3	1	0	2242	9.514719001	0.300178412	0.003006047	0.000357912	908.3492857	748	0.120034341	249.6488103	31.57754011	1765.766591	4	0	0				
13	4	1	0	2278	87.24846356	3.444249342	0.031278544	0.004710803	1369.74317	8482	0.13861468	364.5692489	25.47217637	2402.010854	4	0	0				
13	5	1	0	2179	10.05002295	0.347407067	0.003664299	0.00044707	948.8533885	818	0.122022776	286.4538704	28.77872861	1868.019067	4	0	0				
13	6	1	0	2247	9.660881175	0.37917223	0.002913104	0.00047564	951.0810766	907	0.116913263	252.3348293	25.81477398	1800.011703	4	0	0				
13	7	1	0	2200	8.939090909	0.349545455	0.002461758	0.000416992	1001.539964	839	0.119378108	273.4997004	26.00715137	1879.527588	4	0	0				
13	8	1	0	1982	25.30070636	1.016649849	0.007798213	0.001328882	1051.549021	2165	0.12497074	267.1443036	24.89884527	1934.696102	4	0	0				
13	9	1	0	2102	8.395337774	0.285442436	0.002922868	0.000376049	995.4346559	641	0.123587235	336.9768307	29.6099844	2090.712839	4	0	0				
13	10	1	0	1721	23.57059849	0.586287042	0.007426502	0.000858207	995.127498	1080	0.121620596	251.9235561	40.68518519	1817.995766	4	0	0				
13	11	1	0	2155	9.226914153	0.317401392	0.002971205	0.000372251	962.1975128	728	0.119396747	270.3094944	29.43818681	1808.006459	4	0	0				
13	12	1	0	2206	7.976881233	0.266999093	0.002731361	0.000354342	1006.727692	637	0.123046138	287.1600092	30.3422292	1936.414724	4	0	0				
13	13	1	0	2407	5.113419194	0.158288326	0.001808724	0.000184375	1327.729414	413	0.125857483	460.9570266	32.43099274	2925.343739	4	0	0				
13	14	1	0	2434	8.670912079	0.331963846	0.002844666	0.000437517	1022.800749	857	0.118348249	300.0224555	26.5075846	2108.331946	4	0	0				
13	15	1	0	303	11.2640264	0.300330033	0.002086946	0.000228807	894.6632245	96	0.137579095	322.1387403	38.03125	2013.810639	4	0	0				
13	16	1	0	2111	40.75509237	1.794410232	0.011395962	0.002375726	1131.909321	4080	0.120680701	249.727279	22.92328431	1921.992505	4	0	0				
13	17	1	0	2092	8.806405354	0.32791587	0.002587088	0.000402121	977.6596473	758	0.118948215	284.1793487	27.54353562	2053.955944	4	0	0				
13	18	1	0	2064	9.195251938	0.319282946	0.002891212	0.000406867	969.1444025	692	0.118139073	251.2913212	28.96531792	1781.542551	4	0	0				
13	19	1	0	2256	8.645833333	0.289450355	0.002933905	0.000379171	982.2941818	689	0.120281524	290.2033278	29.72423803	2009.320875	4	0	0				
13	20	1	0	2148	14.36266294	0.508845438	0.0050437	0.000637987	1004.270323	1180	0.120622847	301.2017712	28.58983051	1966.102301	4	0	0				
13	21	1	0	1939	11.22485817	0.376482723	0.003877423	0.000459373	931.4283837	782	0.121871067	285.8604552	29.69693095	1923.200258	4	0	0				
13	22	1	0	2298	11.10661445	0.425587467	0.003417915	0.000541962	889.1863489	1038	0.117179692	218.1483406	26.34393064	1606.00287	4	0	0				
13	23	1	0	2093	60.45723841	2.271380793	0.018190501	0.00291216	1129.97299	5151	0.123103177	263.8781834	26.96932634	2010.68949	4	0	0				
13	24	1	0	2068	64.91441006	2.710348162	0.018721605	0.003368841	1196.601039	6106	0.129404292	285.2371382	24.01031772	2039.993244	4	0	0				
14	1	1	0	2196	10.87887067	0.331056466	0.004317417	0.000404229	917.5547365	789	0.122570758	310.720763	33.20025349	2005.781037	4	0	0				
14	2	1	0	2017	112.4709965	4.640059494	0.045557426	0.006120953	1410.07032	10325	0.148983579	433.0125961	24.4316707	2645.955495	4	0	0				
14	3	1	0	2189	10.91411603	0.341708543	0.003661262	0.000423907	929.5979603	791	0.121277921	271.7509149	32.24525917	1828.617318	4	0	0				
14	4	1	0	2012	10.5999006	0.376739563	0.003467371	0.000478091	911.5504871	805	0.119296998	250.3055072	28.13167702	1761.32996	4	0	0				
14	5	1	0	2230	9.583856502	0.352017937	0.003165449	0.000432279	1025.599011	830	0.118329603	263.1202995	27.31807229	1946.678841	4	0	0				
14	6	1	0	2218	9.040577096	0.332281335	0.002626757	0.000418925	915.9072018	800	0.11715343	230.543028	27.5775	1709.203163	4	0	0				
14	7	1	0	2026	11.68509378	0.469397828	0.004374911	0.000564961	1025.061556	1018	0.122152543	316.8935662	25.11493124	2087.439889	4	0	0				
14	8	1	0	2018	109.8305253	4.722001982	0.046649398	0.006427668	1582.980994	10344	0.145106	481.3741239	23.43706497	3051.251393	4	0	0				
14	9	1	0	2047	12.31167562	0.440156326	0.004150553	0.00054688	983.9484762	971	0.12111831	270.6962008	27.92276004	1900.85154	4	0	0				
14	10	1	0	2191	8.695572798	0.273391146	0.002877662	0.000339898	973.7599816	655	0.122219588	320.3554795	31.93129771	2021.37773	4	0	0				
14	11	1	0	2061	8.493934983	0.313925279	0.002403799	0.000380182	973.8619226	696	0.116808773	245.7912406	27.66091954	1789.817642	4	0	0				
14	12	1	0	2180	39.25458716	1.528899083	0.011277857	0.001994042	1139.441514	3557	0.120123739	253.1211069	25.82682035	1935.751112	4	0	0				
14	13	1	0	1938	8.371001032	0.276057792	0.002378001	0.000320406	973.4622905	581	0.115001705	240.156569	30.51290878	1795.592835	4	0	0				
14	14	1	0	2050	10.96341463	0.409756098	0.003218618	0.000511522	1004.501353	913	0.117919345	243.9350395	27.34720701	1798.733276	4	0	0				
14	15	1	0	1954	9.10542477	0.29580348	0.002941557	0.000365148	994.10333	620	0.117789055	276.7821824	30.64677419	1917.136981	4	0	0				
14	16	1	0	1942	9.825952626	0.339855819	0.003730396	0.000413844	998.2130335	714	0.123978444	348.4117821	29.02380952	2233.130122	4	0	0				
14	17	1	0	1975	36.31898734	1.581265823	0.009628108	0.001900887	1064.685024	3332	0.121316343	241.7369689	23.14345738	1826.142581	4	0	0				
14	18	1	0	2121	8.687411598	0.292314946	0.002391558	0.000360367	917.1695758	678	0.117297938	232.7964258	30.15781711	1676.744103	4	0	0				
14	19	1	0	1087	119.4222631	4.381784729	0.063871242	0.006540854	1662.98853	5099	0.158519714	570.567104	27.49264562	3269.8857	4	0	0				
14	20	1	0	2068	10.27756286	0.349613153	0.003401796	0.00043563	890.4288406	782	0.118150233	234.2845929	29.73657289	1656.201721	4	0	0				
14	21	1	0	2141	50.5875759	2.249416161	0.015214942	0.002971786	1103.370172	5158	0.126689115	258.9261692	22.5998449	1908.769885	4	0	0				
14	22	1	0	1992	10.85793173	0.441767068	0.003414216	0.000540173	881.6616612	956	0.119765747	225.9901154	25.12552301	1620.631357	4	0	0				
14	23	1	0	1856	10.59051724	0.347521552	0.003137176	0.000430223	871.7309259	697	0.119816425	232.5893645	30.72740316	1657.433598	4	0	0				
14	24	1	0	1886	125.9342524	5.594909862	0.056611245	0.007559562	1582.470296	11351	0.154931182	508.554433	22.74733504	3005.993743	4	0	0				
15	1	1	0	1960	8.187755102	0.209183673	0.002122134	0.000259676	1083.06013	449	0.115336029	285.2314459	38.97104677	2238.607681	4	0	0				
15	2	1	0	1819	138.364486	5.739417262	0.08279918	0.008499103	2660.464954	11391	0.166628894	967.9962972	24.33421122	5421.498526	4	0	0				
15	3	1	0	1919	8.737884315	0.294945284	0.002779433	0.00038037	908.9859303	649	0.117722688	253.3407824	30.12326656	1735.046027	4	0	0				
15	4	1	0	2062	7.899612027	0.254607177	0.002539941	0.000323693	943.9579381	563	0.121882765	278.7627392	31.21492007	1835.778841	4	0	0				
15	5	1	0	1991	123.7257659	5.270718232	0.063337688	0.006953084	1974.52059	11499	0.157949442	715.7442384	23.55170015	4192.645768	4	0	0				
15	6	1	0	2046	9.944281525	0.399804497	0.002842073	0.000488895	925.1585557	897	0.117698339	238.2427423	24.66220736	1751.901645	4	0	0				
15	7	1	0	1882	10.87035069	0.368756642	0.003689336	0.000468125	951.0261949	769	0.119963736	292.0383283	29.62418726	1966.335226	4	0	0				
15	8	1	0	1944	109.7237654	4.957304527	0.046846384	0.006691618	1664.869215	10352	0.148791157	509.9352746	22.19793277	3189.75435	4	0	0				
15	9	1	0	1999	10.07503752	0.342671336	0.002872999	0.000414743	947.6522819	733	0.1185397	261.4410739	29.89495225	1859.83828	4	0	0				
15	10	1	0	2176	8.473345588	0.284926471	0.003129143	0.000368382	962.2159303	663	0.124879292	321.440551	29.9306184	2083.899955	4	0	0				
15	11	1	0	2334	7.345758355	0.245501285	0.00244881	0.000323541	979.0174791	618	0.119586088	257.8874536	30.12944984	1808.096102	4	0	0				
15	12	1	0	2122	18.9462771	0.646559849	0.005809073	0.000843425	1123.226801	1467	0.118494413	278.3978364	29.65507839	2088.267068	4	0	0				
15	13	1	0	2088	9.086206897	0.292624521	0.002748394	0.000363559	990.8327688	664	0.12048905	261.7393633	30.82379518	1859.235837	4	0	0				
15	14	1	0	2227	9.63493489	0.309384823	0.003526692	0.000437373	951.055603	748	0.119911778	272.5832555	31.29946524	1931.785666	4	0	0				
15	15	1	0	1913	11.93204391	0.369576581	0.003617109	0.000454735	992.0286235	768	0.121570354	320.233553	32.7265625	2213.200389	4	0	0				
15	16	1	0	2256	8.833333333	0.265514184	0.002799935	0.000326238	957.2675357	646	0.120188015	283.5925625	33.1749226	2011.975427	4	0	0				
15	17	1	0	1796	9.792316258	0.360244989	0.003137716	0.000450345	927.1155629	709	0.119747403	233.6423064	27.31311707	1707.543677	4	0	0				
15	18	1	0	2271	9.476882431	0.369440775	0.002953044	0.000475467	929.6083557	899	0.118010057	230.2814116	25.92880979	1671.487338	4	0	0				
15	19	1	0	2081	8.873618453	0.326765978	0.002646231	0.000400344	923.5863456	732	0.120249969	243.7804137	27.36338798	1731.759511	4	0	0				
15	20	1	0	2132	10.18761726	0.35272045	0.003000436	0.000429409	943.1493801	815	0.115273025	247.9272135	29.41226994	1838.368629	4	0	0				
15	21	1	0	2236	9.462880143	0.305008945	0.002983019	0.000391106	939.624548	729	0.120065378	281.9685381	31.11659808	1951.070569	4	0	0				
15	22	1	0	1972	10.22109533	0.335699797	0.00424193	0.000452104	988.0774451	721	0.125428947	371.7784739	30.56588072	2363.977264	4	0	0				
15	23	1	0	1855	10.51105121	0.318598383	0.003238337	0.000390923	915.1770453	628	0.119318802	266.0240454	33.13375796	1854.654914	4	0	0				
15	24	1	0	1983	113.8895613	5.220877458	0.047066787	0.006943546	1579.540028	11165	0.147218659	481.7443175	22.03045231	3012.287804	4	0	0				
16	1	1	0	1778	7.744094488	0.248593926	0.00234801	0.000320236	956.6926922	481	0.118496718	258.0059126	31.17255717	1845.957556	4	0	0				
16	2	1	0	1968	30.32215447	0.893800813	0.008666698	0.001158364	1277.81731	1879	0.117857652	284.3576016	34.01170836	2221.316504	4	0	0				
16	3	1	0	2154	9.897864438	0.293871866	0.003562463	0.000381183	936.7320381	667	0.122358788	275.5199422	33.69715142	1822.589431	4	0	0				
16	4	1	0	2156	9.915120594	0.282003711	0.003591047	0.00036772	911.8888879	654	0.122033577	277.0574621	35.24923547	1846.679484	4	0	0				
16	5	1	0	2022	55.68150346	2.331849654	0.016226582	0.003018268	1157.423171	5043	0.126330278	270.6950638	24.03489986	1993.079599	4	0	0				
16	6	1	0	2172	9.833333333	0.320441989	0.003355519	0.000423704	929.104529	730	0.119406521	247.6902937	30.98082192	1764.609233	4	0	0				
16	7	1	0	2203	9.361779392	0.315932819	0.002948111	0.000421376	989.1915768	744	0.119082899	262.1807025	29.70833333	1905.145617	4	0	0				
16	8	1	0	2002	7.661338661	0.231268731	0.002557097	0.000294975	970.3035942	499	0.12551506	295.577337	33.86573146	1915.726411	4	0	0				
16	9	1	0	1913	9.372713016	0.22843701	0.003057202	0.000319195	1090.327836	477	0.120362029	314.8493173	41.31656184	2182.289613	4	0	0				
16	10	1	0	2218	7.878719567	0.26871055	0.002630218	0.000330733	979.8021327	630	0.119059286	272.2604646	29.46984127	1870.86394	4	0	0				
16	11	1	0	2045	9	0.256234719	0.002796058	0.000328727	961.8790789	576	0.120870196	269.8713545	35.33854167	1839.323694	4	0	0				
16	12	1	0	717	4.573221757	0.117154812	0.001768589	0.000146061	867.2974783	86	0.145394343	312.8381061	39.51162791	1916.340254	4	0	0				
16	13	1	0	1909	9.263488738	0.303823992	0.00284455	0.000391884	977.3015066	608	0.11832028	241.5793676	30.86184211	1723.3622	4	0	0				
16	14	1	0	2032	43.08415354	1.609251969	0.013579898	0.001977086	1153.797632	3556	0.12655693	313.1705939	27.00478065	2241.719474	4	0	0				
16	15	1	0	1877	91.44272776	3.476291955	0.031261965	0.004622751	1581.876444	7104	0.134763301	406.5650418	26.58361486	2816.174534	4	0	0				
16	16	1	0	2252	9.019982238	0.274422735	0.003183618	0.000340626	953.729175	667	0.122643751	295.9942667	32.87406297	1996.868837	4	0	0				
16	17	1	0	2030	8.188669951	0.259605911	0.002577549	0.000344273	953.3911671	576	0.117688703	226.5580135	31.76215278	1692.499094	4	0	0				
16	18	1	0	2056	7.429961089	0.195038911	0.002381518	0.000255289	1005.714789	437	0.122457066	269.7658111	38.16475973	1871.018159	4	0	0				
16	19	1	0	1940	8.589690722	0.274226804	0.002575332	0.000338069	955.3963751	564	0.119162485	241.4167669	31.7641844	1763.504605	4	0	0				
16	20	1	0	1242	36.7294686	0.734299517	0.010698216	0.000978254	1037.86683	995	0.128198035	275.9957725	50.43819095	1900.475824	4	0	0				
16	21	1	0	2080	9.28125	0.320192308	0.002805513	0.000385783	901.4385968	728	0.11952964	230.3985305	29.40521978	1666.477376	4	0	0				
16	22	1	0	2075	12.02698795	0.402891566	0.0035321	0.000517003	936.0772939	908	0.119561419	240.6054927	30.09471366	1748.805258	4	0	0				
16	23	1	0	2082	9.09414025	0.321325648	0.002589128	0.000423807	909.3755184	696	0.115818779	210.0876374	28.3204023	1626.756238	4	0	0				
16	24	1	0	2127	30.07240244	1.102021627	0.008535527	0.001392411	1316.601555	2503	0.117137595	305.3726525	27.44426688	2361.485762	4	0	0				
