Well	Plane	Timepoint	Cell Selected - Number of Objects	Cell Selected - Total Spot Area - Mean per Well	Cell Selected - Number of Spots - Mean per Well	Cell Selected - Relative Spot Intensity - Mean per Well	Cell Selected - Number of Spots per Area of Cytoplasm - Mean per Well	Cell Selected - Intensity Cytoplasm Mean - Mean per Well	Spots Selected - Number of Objects	Spots Selected - Relative Spot  Intensity - Mean per Well	Spots Selected - Corrected Spot  Intensity - Mean per Well	Spots Selected - Spot Area [px²] - Mean per Well	Spots Selected - Intensity Spot Mean - Mean per Well	Number of Analyzed Fields	Height [µm]	Time [s]	Compound	Concentration	Cell Type	Cell Count	
A01	1	0	1911	124.594453166	4.34589220304	0.052437635921	0.00631297855299	2276.48601164	8971	0.146971057301	629.360686488	28.7756102999	3971.65649637	4	0	0					
A02	1	0	2076	9.07562620424	0.299614643545	0.00286774347637	0.000358546347423	952.666148285	672	0.123471486398	261.118332827	30.6294642857	1844.61240942	4	0	0					
A03	1	0	952	122.101890756	4.56722689076	0.0491738527281	0.00500765528099	1594.11698791	4718	0.156898090881	574.963510969	26.9824077999	3393.63431153	4	0	0					
A04	1	0	2223	13.3513270355	0.465587044534	0.00417391661523	0.000578239252671	1140.29577125	1126	0.123772535254	307.570581219	28.7051509769	2158.15155183	4	0	0					
A05	1	0	2230	11.4591928251	0.356950672646	0.00391668084233	0.000459856609253	1031.59707956	868	0.121128003625	286.790570253	31.9804147465	2009.44820224	4	0	0					
A06	1	0	308	46.8376623377	0.737012987013	0.0182113976934	0.000694040159257	1152.12951339	267	0.17237000505	585.718566418	65.0973782772	3006.73191193	4	0	0					
A07	1	0	2327	9.43661366566	0.278470133219	0.0029464165082	0.000365154595125	988.322602138	703	0.121699234458	291.321904421	34.4423897582	2067.8474933	4	0	0					
A08	1	0	2359	8.36625688851	0.256888512081	0.00299342976859	0.000318074396354	1062.55475418	672	0.12594384237	328.205359756	32.8675595238	2143.87962722	4	0	0					
A09	1	0	2263	7.42112240389	0.204153778171	0.00301728103045	0.00026600565411	1071.52119651	507	0.130561624772	366.3613787	37.0769230769	2331.98721867	4	0	0					
A10	1	0	2090	8.55023923445	0.233014354067	0.00302451355365	0.000338420700145	1149.99083121	531	0.126773298167	352.068733284	36.5725047081	2400.30838698	4	0	0					
A11	1	0	2183	27.9867155291	1.00595510765	0.00789466388942	0.00127609351789	1320.64729133	2401	0.120214006703	312.968616064	28.2711370262	2387.57677991	4	0	0					
A12	1	0	1570	147.376433121	5.71592356688	0.072149743045	0.00750144499139	2611.03500419	9850	0.159270184662	866.501125044	26.2275126904	5073.47918417	4	0	0					
A13	1	0	2198	12.6087352138	0.436760691538	0.00394590849444	0.000533118007661	1068.48957208	1021	0.123154253271	288.508757118	29.5102840353	2031.15231098	4	0	0					
A14	1	0	2438	8.25717801477	0.273174733388	0.00280800612432	0.000345062376125	1297.22753426	715	0.128877862253	391.567501059	30.6265734266	2628.93088809	4	0	0					
A15	1	0	2339	14.4082941428	0.498076100898	0.00483228537624	0.000736909401748	1315.22851189	1247	0.119602902027	352.281968599	29.2165196472	2481.73830138	4	0	0					
A16	1	0	2431	8.91978609626	0.272727272727	0.0032409215146	0.000360234407648	988.482287995	721	0.124936853382	298.785061137	32.9445214979	2022.18838873	4	0	0					
A17	1	0	255	121.996078431	4.38431372549	0.0541943842606	0.00536409374378	1378.77284121	1179	0.157511281377	501.768200929	28.2349448685	2920.23953733	4	0	0					
A18	1	0	88	72.0681818182	1.17045454545	0.0260536848408	0.00135265137826	1680.32635968	105	0.156765754337	617.672075318	61.3333333333	3479.09690797	4	0	0					
A19	1	0	1600	11.77125	0.279375	0.005422890742	0.000484683166906	1027.33319519	477	0.133253242486	378.944289328	41.5115303983	2413.48374593	4	0	0					
A20	1	0	2335	10.1640256959	0.355888650964	0.0031963704179700002	0.000456111757846	1098.33179918	898	0.119913095815	276.274995432	28.785077951	2033.879572	4	0	0					
A21	1	0	849	23.8339222615	0.433451118963	0.0100210414721	0.000450077784678	1100.31916409	407	0.164945381258	597.821846938	55.1302211302	3145.61504555	4	0	0					
A22	1	0	2350	40.3272340426	1.62042553191	0.0139257603317	0.00213529972354	1317.3454816	4051	0.130116713043	356.609220455	25.1098494199	2405.39590946	4	0	0					
A23	1	0	2274	108.976693052	4.79551451187	0.0420931655288	0.00668161689847	1674.01889687	11775	0.145187204564	454.446622447	22.9322292994	2916.26678702	4	0	0					
A24	1	0	2181	5.75149014214	0.170105456213	0.00232741035609	0.000209709106495	1571.55769163	414	0.129805394771	534.202557576	33.7632850242	3474.56929028	4	0	0					
B01	1	0	2325	122.260215054	4.62666666667	0.0512966485382	0.00663577298126	1601.86120579	11594	0.148726146454	451.424989199	26.5797826462	2817.18816602	4	0	0					
B02	1	0	2393	9.35562055997	0.274968658588	0.00293270323251	0.000354721622705	960.292155449	698	0.121500344408	264.522135525	34.282234957	1820.14558557	4	0	0					
B03	1	0	2327	9.6334336055	0.31757627847	0.00408217055169	0.000408095465324	1053.08500786	804	0.129285060162	365.242928209	30.2375621891	2317.07309959	4	0	0					
B04	1	0	1959	80.3746809597	3.40326697295	0.0270482908597	0.00448788995074	1569.83260377	7294	0.13755407285	365.227977102	23.8219084179	2486.422133	4	0	0					
B05	1	0	2394	10.806182122	0.377192982456	0.00405839183536	0.00047490259197	1082.34296307	980	0.125300581816	365.198421233	28.5765306122	2432.28001781	4	0	0					
B06	1	0	2195	8.4159453303	0.288838268793	0.00292444386667	0.000357984819628	1002.10516942	689	0.124414415808	306.224258959	29.4412191582	2042.9099556	4	0	0					
B07	1	0	2199	8.59527057754	0.288312869486	0.00291237298955	0.000353806802611	1043.11552776	677	0.125388234509	332.023935934	29.988183161	2231.90258564	4	0	0					
B08	1	0	2201	9.0985915493	0.268968650613	0.00295400994954	0.000310847144124	1036.37156902	640	0.128497043453	346.8802617	34.2765625	2178.76920884	4	0	0					
B09	1	0	2276	8.4881370826	0.304481546573	0.00283936290619	0.00036156948739	1049.66179507	750	0.122003522293	307.121626177	28.256	2086.40496589	4	0	0					
B10	1	0	2348	8.0272572402	0.243185689949	0.00309262875855	0.000311241967598	1171.50446724	621	0.130121052353	404.845629825	33.6731078905	2583.28785171	4	0	0					
B11	1	0	2281	7.72994300745	0.244629548444	0.00275194522244	0.000300725290381	1129.37133425	586	0.127581766977	378.070405942	32.5494880546	2372.42479223	4	0	0					
B12	1	0	2337	9.18314077878	0.277706461275	0.00294533619328	0.00035798730216	1022.80770168	691	0.122378683341	272.796912321	33.6613603473	1989.73015127	4	0	0					
B13	1	0	2182	8.13703024748	0.254812098992	0.00292350852676	0.000327465378667	1196.33233141	603	0.128141261398	401.185649411	32.2868988391	2599.47243682	4	0	0					
B14	1	0	2320	10.6224137931	0.359051724138	0.00320405751004	0.000455889715911	1009.81906564	896	0.119336717023	262.807753719	29.7689732143	1935.1476823	4	0	0					
B15	1	0	2230	8.02197309417	0.256502242152	0.00312448259473	0.000316974592399	1152.70724411	625	0.12670055661	388.617799624	31.4416	2524.13493845	4	0	0					
B16	1	0	2178	10.9669421488	0.304866850321	0.00315518038514	0.00036562838037	1166.14654987	736	0.12292213399	325.88655364	35.9347826087	2226.59222819	4	0	0					
B17	1	0	2156	8.32745825603	0.251391465677	0.00352194875378	0.000314447286871	1133.21611102	594	0.13271572818	439.31934442	34.0168350168	2711.54904114	4	0	0					
B18	1	0	2345	7.83837953092	0.240511727079	0.00285247898711	0.000308437539582	1088.95116729	602	0.12705108143	337.286363665	32.8820598007	2197.07324702	4	0	0					
B19	1	0	2262	8.36383731211	0.275419982317	0.00293195203676	0.000354764246674	1007.87197156	676	0.121572553452	282.548822542	30.6464497041	1961.29760312	4	0	0					
B20	1	0	2111	7.26480341071	0.244433917575	0.00262506849261	0.000300085394582	1091.72229564	566	0.127258939163	352.52012647	30.2261484099	2291.24670398	4	0	0					
B21	1	0	2232	7.70430107527	0.262096774194	0.00283721559529	0.000322018000719	1168.77272563	625	0.126342763161	410.208416743	29.8816	2597.66466685	4	0	0					
B22	1	0	2303	8.7724706904	0.300043421624	0.00260094442444	0.000364095031235	1047.92082924	752	0.119594454353	265.227581044	29.4667553191	1939.92562956	4	0	0					
B23	1	0	2320	90.6297413793	4.05387931034	0.0312453353851	0.00538182063254	1445.43303411	10251	0.139212829892	376.21047624	22.6062823139	2511.41040205	4	0	0					
B24	1	0	2328	10.5829037801	0.373711340206	0.00352998084495	0.000460423025344	968.462700838	944	0.123946020441	326.250769881	28.5233050847	2171.33797149	4	0	0					
C01	1	0	2151	121.840539284	4.70339377034	0.0513598700947	0.00654791605921	1523.16779684	10816	0.149288019285	447.207469397	26.1655880178	2752.66823456	4	0	0					
C02	1	0	2113	9.31282536678	0.269758637009	0.00264261947164	0.000321514752045	952.940217445	629	0.123057164335	259.579775901	34.1510333863	1817.56503365	4	0	0					
C03	1	0	1909	10.6018858041	0.344683080147	0.00343173326131	0.000411281971756	996.998633463	715	0.126743321886	283.269153613	30.9370629371	1934.62897652	4	0	0					
C04	1	0	2110	6.56018957346	0.199526066351	0.00232984917257	0.0002372824731	1514.46438089	474	0.130609187746	400.977655504	32.7151898734	2629.40910897	4	0	0					
C05	1	0	2296	10.4965156794	0.309233449477	0.00362344209064	0.000386291200542	1016.28789053	768	0.122493966143	285.250556779	34.61328125	1994.36527644	4	0	0					
C06	1	0	2399	8.75614839516	0.265944143393	0.00322354579186	0.000333271418479	1078.18549695	692	0.127060038154	363.601600642	33.4277456647	2264.47887869	4	0	0					
C07	1	0	2362	9.50465707028	0.320491109229	0.0035340708767	0.000395748088087	1103.61696595	813	0.124926550679	343.000919887	30.2669126691	2242.74453296	4	0	0					
C08	1	0	2275	8.51032967033	0.296703296703	0.00294058967934	0.000349380052009	1049.6090621	735	0.121927069617	311.471102376	28.7578231293	2154.24565775	4	0	0					
C09	1	0	2170	9.01198156682	0.283870967742	0.00375729826882	0.000348876776297	1072.92200928	663	0.129918804132	410.653031643	32.0980392157	2526.12067614	4	0	0					
C10	1	0	2098	8.0552907531	0.272163965682	0.00302076033097	0.000330925613706	1130.60968052	622	0.129470902232	379.154664434	30.1672025723	2532.10339478	4	0	0					
C11	1	0	2161	7.52938454419	0.265617769551	0.00312775706773	0.000320333369244	1252.52001171	643	0.129957535424	445.612438948	29.0077760498	2827.63094045	4	0	0					
C12	1	0	2185	7.14599542334	0.245766590389	0.00279107501396	0.000313072253042	1225.30475616	572	0.132056326832	415.330961324	28.9982517483	2713.21021166	4	0	0					
C13	1	0	2267	7.61623290693	0.255844728716	0.00252736012997	0.000313646774032	1188.32890266	623	0.126093830411	386.207315114	30.1460674157	2680.36890718	4	0	0					
C14	1	0	2441	9.11511675543	0.268332650553	0.00384080067432	0.000339631419945	1174.41896777	692	0.132001630637	469.062476166	34.2239884393	2933.81459839	4	0	0					
C15	1	0	2458	9.76566314076	0.268104149715	0.00295043864192	0.000319109222167	1073.47692248	719	0.124158407005	341.475038734	36.8511821975	2324.14582909	4	0	0					
C16	1	0	2299	18.6476729013	0.442366246194	0.00506208425227	0.000453549399892	1235.98585219	1099	0.128528332995	376.731934597	42.0318471338	2387.16847303	4	0	0					
C17	1	0	2232	13.2432795699	0.432795698925	0.00385120450655	0.000529025986816	1215.40588051	1062	0.119338188128	315.921047288	30.7966101695	2274.53400851	4	0	0					
C18	1	0	2353	8.71865703357	0.298767530812	0.00304099026662	0.000354165750965	1175.21876361	751	0.126746421001	373.067432186	29.292942743	2444.04871434	4	0	0					
C19	1	0	2278	9.40342405619	0.310798946444	0.00365482140068	0.000382815123489	1090.0523867	749	0.128298129492	386.063291839	30.4939919893	2366.54009178	4	0	0					
C20	1	0	2320	9.73275862069	0.327586206897	0.00413414697453	0.000406959477939	1115.9441276	834	0.129706747189	399.611712687	30.1223021583	2551.77784917	4	0	0					
C21	1	0	2193	12.2886456908	0.392156862745	0.00417513897564	0.000470957977152	1016.13175864	939	0.122518586446	336.833306977	31.5750798722	2224.92335093	4	0	0					
C22	1	0	2141	9.2134516581	0.307800093414	0.00280847164418	0.000373576272678	970.531108321	716	0.116732017934	262.023742989	29.7737430168	1908.89558985	4	0	0					
C23	1	0	2248	87.0298042705	3.65747330961	0.0296258888523	0.00482922938262	1378.01107559	8860	0.137571095573	364.686661472	24.0977426637	2441.48819675	4	0	0					
C24	1	0	2240	12.1174107143	0.407142857143	0.00369834483377	0.000473623319808	922.204063192	978	0.12194974487	235.968576663	29.9406952965	1703.95631019	4	0	0					
D01	1	0	2415	64.3826086957	2.10517598344	0.0193607905813	0.00273652244682	1230.49678711	5553	0.126302670161	289.750963863	30.7577885827	2134.18708413	4	0	0					
D02	1	0	1749	109.54373928	4.8576329331	0.0459034004369	0.00687764142427	1394.19857329	9098	0.150633053138	414.692254462	22.7919322928	2556.26326525	3	0	0					
D03	1	0	2343	10.9590268886	0.340162185233	0.00369019451132	0.000449803949812	966.590501349	858	0.121466952123	272.195030129	32.1876456876	1917.54045918	4	0	0					
D04	1	0	2319	10.4752048297	0.331608451919	0.00365911638633	0.000425472476653	973.768573784	823	0.124340554109	307.815695246	31.8614823815	2124.48831667	4	0	0					
D05	1	0	2172	11.0552486188	0.362799263352	0.00406566568134	0.00043744481403	956.217202999	846	0.128019484865	304.609652764	30.5035460993	1971.71168691	4	0	0					
D06	1	0	2306	12.8967909801	0.433217692975	0.00425284598544	0.000547039450809	980.033432198	1065	0.122013323768	259.956566477	29.8431924883	1843.88226476	4	0	0					
D07	1	0	2227	10.1782667265	0.323753929053	0.00349589792063	0.000415519782736	1071.23832205	778	0.124492406748	325.906964633	31.677377892	2230.16086943	4	0	0					
D08	1	0	2279	9.99648968846	0.354541465555	0.0034443728139	0.000435901911064	1044.30544015	874	0.123808533533	311.023298177	28.4828375286	2117.60456101	4	0	0					
D09	1	0	2275	8.45538461538	0.289230769231	0.00338282144785	0.000361147259629	1116.97421976	713	0.130278204101	380.085936297	30.1444600281	2471.66693631	4	0	0					
D10	1	0	2271	8.7666226332	0.284456186702	0.00308658096701	0.000350825460063	1075.66699144	713	0.126517819702	319.509079448	31.1626928471	2140.18622382	4	0	0					
D11	1	0	2126	8.92991533396	0.269520225776	0.00293401338923	0.000323081651196	1069.79766615	619	0.125494187364	348.615565469	33.5605815832	2305.49833298	4	0	0					
D12	1	0	2190	9.16712328767	0.279452054795	0.00336751336032	0.000340751758149	1203.96193599	667	0.13145057892	466.334471042	33.7211394303	2891.08011501	4	0	0					
D13	1	0	2128	8.26926691729	0.256109022556	0.00342187294108	0.000318626324818	1183.74004752	569	0.131298136991	460.074372259	32.3514938489	2753.61960422	4	0	0					
D14	1	0	2142	9.02661064426	0.311858076564	0.00294247330122	0.00039167854648	1023.99019663	728	0.124823929571	294.672362915	29.2197802198	2005.60562266	4	0	0					
D15	1	0	2143	8.26411572562	0.233317778815	0.00319073680245	0.000285453175894	1217.87820481	538	0.130560502116	490.98126518	35.9126394052	3007.98894671	4	0	0					
D16	1	0	2147	8.20866325105	0.244527247322	0.00321168817395	0.000312537125911	1130.0614475	564	0.129016419238	397.539491018	34.3687943262	2543.65644184	4	0	0					
D17	1	0	2169	8.93729829414	0.267865375749	0.00299100012607	0.000341173094349	1041.74777876	618	0.125639440554	321.39106698	33.5776699029	2163.08426184	4	0	0					
D18	1	0	2323	9.15497201894	0.321136461472	0.00328545707326	0.000395686845257	1058.32279359	813	0.124704141017	310.532049496	28.6654366544	2106.06962801	4	0	0					
D19	1	0	2200	11.8809090909	0.415	0.00470854059332	0.000549237367589	1140.98697596	966	0.1276736359	376.472824391	28.6728778468	2443.18087053	4	0	0					
D20	1	0	2135	11.0758782201	0.43793911007	0.00373479943202	0.000525282254943	1068.77248871	1006	0.122980957518	325.909637826	25.5119284294	2309.67589303	4	0	0					
D21	1	0	2175	16.1645977011	0.646436781609	0.00488565550934	0.000830555650133	1030.34425453	1522	0.120175158787	249.278135978	25.326544021	1862.23640225	4	0	0					
D22	1	0	2147	8.98369818351	0.298556124825	0.00299271045027	0.000373242678176	997.793065817	708	0.122055773038	307.89947092	30.6878531073	2030.06100112	4	0	0					
D23	1	0	2266	103.819505737	4.45013239188	0.0371723628161	0.00579652905407	1460.42893975	10905	0.141157322964	407.647201785	23.5686382393	2702.90572484	4	0	0					
D24	1	0	2152	97.2885687732	4.23605947955	0.0342255898237	0.00549240689723	1313.92914978	9973	0.142644748859	355.674020048	23.1594304622	2304.75507429	4	0	0					
E01	1	0	2167	76.248269497	2.25842178126	0.0251101353629	0.00291792445277	1253.04579208	5288	0.127072963431	311.307274109	34.1083585477	2309.33909329	4	0	0					
E02	1	0	1809	126.854063018	5.25649530127	0.0572892149415	0.00743420531787	1572.59195433	10328	0.154165121243	487.636155047	24.1678931061	2930.80234826	4	0	0					
E03	1	0	1562	85.447503201	3.85723431498	0.0333055390962	0.00518643006895	1212.48556589	6497	0.148673820872	371.874882397	22.3553947976	2286.39550895	4	0	0					
E04	1	0	2043	8.59667156143	0.293685756241	0.00275307053516	0.000370772637582	901.638005752	667	0.121168923644	247.10241633	29.7691154423	1733.98272243	4	0	0					
E05	1	0	1549	11.4189799871	0.349903163331	0.00422339354379	0.000435636256829	928.403560762	578	0.124340730636	281.802436319	32.9515570934	1879.93258164	3	0	0					
E06	1	0	2459	13.024806832	0.372102480683	0.00448962769938	0.000440393085476	1079.12104916	984	0.128714515775	380.056408097	35.1819105691	2428.00949296	4	0	0					
E07	1	0	2463	20.8347543646	0.781161185546	0.00633030194339	0.000991116715246	1012.89781238	2071	0.119327470644	245.55357569	26.7971994206	1852.44138976	4	0	0					
E08	1	0	2200	7.50181818182	0.248181818182	0.00269595778963	0.000298804903922	1056.16636596	609	0.126070864217	339.027684075	31.1658456486	2219.54931198	4	0	0					
E09	1	0	2127	17.3700047015	0.62341325811	0.00544166394414	0.000752643637812	1154.17479354	1456	0.122521203804	310.619109882	27.9800824176	2194.59191217	4	0	0					
E10	1	0	2030	9.94876847291	0.302955665025	0.00422126277193	0.000361202787588	1167.59070467	667	0.131301360191	547.774388707	32.8815592204	3276.37164693	4	0	0					
E11	1	0	2135	79.7728337237	3.41779859485	0.0261642877828	0.00455636849789	1388.80190483	7886	0.132350394547	351.940538625	23.5403246259	2460.23217014	4	0	0					
E12	1	0	2196	9.45628415301	0.262750455373	0.00349029389157	0.000318655384466	1090.03366502	624	0.127468502237	379.20693439	36.6666666667	2406.11882629	4	0	0					
E13	1	0	2246	10.9492430988	0.378005342832	0.00379552177015	0.000477352611583	1091.65971208	899	0.122331344896	333.5810923	29.0111234705	2251.92289485	4	0	0					
E14	1	0	2371	13.0012652889	0.442851117672	0.00440796507669	0.000553423727396	1254.36511794	1124	0.12190275296	377.644884187	29.5729537367	2616.50509973	4	0	0					
E15	1	0	1940	148.456701031	6.61546391753	0.0723096239064	0.00892061904546	2385.07313526	14023	0.158175972025	779.633617882	22.6650502745	4594.90885085	4	0	0					
E16	1	0	2452	9.46411092985	0.285889070147	0.00363916179684	0.000372342373759	1161.33878282	753	0.124791642881	404.178823828	33.2310756972	2635.06140627	4	0	0					
E17	1	0	2293	11.0013083297	0.292193632795	0.00435471895738	0.000348966364652	1159.37103007	721	0.132429493971	476.281904517	37.9570041609	2910.82326307	4	0	0					
E18	1	0	2343	9.58941527956	0.33290653009	0.00323208816926	0.000428627860209	1139.64208958	837	0.122363899806	339.280205322	28.9259259259	2354.90705397	4	0	0					
E19	1	0	2066	10.3504356244	0.349951597289	0.00360784769369	0.000406731478416	1148.7927096	765	0.128141345945	384.892378173	29.6117647059	2463.45424431	4	0	0					
E20	1	0	2234	10.8894359893	0.376902417189	0.00402586731017	0.000459426417632	1095.58153577	895	0.126793720957	364.186539582	28.7251396648	2322.81522351	4	0	0					
E21	1	0	2341	10.7009824861	0.367364374199	0.00325173006413	0.000442013350843	1004.33999516	943	0.120802228716	295.120373101	29.474019088	2068.75749178	4	0	0					
E22	1	0	2138	130.320860617	5.76520112254	0.0600175322314	0.00839989986982	1925.19570992	13172	0.151629040422	565.405276237	22.7597175828	3490.3793963	4	0	0					
E23	1	0	2303	59.5227963526	2.22666087712	0.017799817947	0.00289629209688	1207.52271996	5604	0.122337635363	278.44338805	26.9282655246	2152.61466929	4	0	0					
E24	1	0	2251	93.0279875611	4.05108840515	0.031773902005	0.00531928153881	1352.67097872	9849	0.139275801205	354.456855295	23.1865163976	2366.27785882	4	0	0					
F01	1	0	2468	10.1162884927	0.275526742301	0.00301825723284	0.000340053160383	900.921049272	728	0.118829680357	258.179051528	36.7074175824	1808.50927422	4	0	0					
F02	1	0	2423	86.6277342138	3.75732562939	0.0308973615042	0.00515902127848	1269.51502046	9730	0.140936223308	343.88339185	23.1847893114	2258.71280118	4	0	0					
F03	1	0	2402	44.2822647794	1.72522897585	0.0139241942171	0.00242122745309	1059.80919197	4451	0.126476801666	254.547296062	25.7667939789	1891.52957726	4	0	0					
F04	1	0	2296	31.5052264808	1.26655052265	0.0104011471462	0.00164319807968	979.956872548	3132	0.128331635392	264.591810006	24.9830779055	1871.15926893	4	0	0					
F05	1	0	2234	11.6468218442	0.353625783348	0.00371350244674	0.000420347600154	990.453855657	847	0.126131954704	298.024216073	32.5348288076	1997.37740141	4	0	0					
F06	1	0	2196	121.204007286	5.18579234973	0.0560988650681	0.00733070509531	1770.80451698	12256	0.150973861638	551.03374796	23.4545528721	3393.45356423	4	0	0					
F07	1	0	2231	25.2971761542	0.952935903182	0.0077501117846	0.00123179682897	1092.88382851	2297	0.122155412914	264.792345974	26.5798868089	1967.15965445	4	0	0					
F08	1	0	2282	10.8694127958	0.351446099912	0.00316139280102	0.000440498958307	1021.17647676	858	0.118532772234	252.030229715	31.1072261072	1874.71024268	4	0	0					
F09	1	0	2175	13.7954022989	0.488275862069	0.00436622319869	0.000619471434105	1025.95575708	1143	0.120768644415	270.687011231	28.3604549431	1951.97547672	4	0	0					
F10	1	0	2226	10.9838274933	0.384995507637	0.00365740647291	0.000491137982148	1074.69398313	929	0.12092997427	324.163852663	28.8159311087	2281.30784852	4	0	0					
F11	1	0	2251	30.0581963572	1.17681030653	0.00912870018814	0.00149041137729	1265.82825207	2870	0.122905424517	317.189536364	25.7	2354.13409074	4	0	0					
F12	1	0	2327	12.1577137946	0.381177481736	0.0041447180409	0.000519375440049	1090.61901008	927	0.122275728516	319.353290966	32.1941747573	2221.69603533	4	0	0					
F13	1	0	2213	10.1635788522	0.374152733845	0.00330797621042	0.000469679444257	1058.15948454	877	0.122315897113	295.070534642	27.6351197263	2037.65338602	4	0	0					
F14	1	0	2144	37.6809701493	1.68610074627	0.0111567055274	0.00220733316659	1222.20764911	3828	0.123463598472	283.903210823	22.5700104493	2131.9899037	4	0	0					
F15	1	0	2211	10.4066033469	0.326549072818	0.00399494322541	0.000421566195687	1034.33237654	782	0.125640964747	317.316813901	32.0831202046	2072.34483528	4	0	0					
F16	1	0	2239	10.3028137561	0.333184457347	0.00335762825082	0.000426741603622	1017.08209865	823	0.120204671921	291.663207189	31.5759416768	2072.79333965	4	0	0					
F17	1	0	2196	10.0050091075	0.310109289617	0.0040730000772	0.000377286866981	1066.55996637	751	0.127944381315	410.612661352	32.3155792277	2537.33119892	4	0	0					
F18	1	0	2228	8.36131059246	0.28276481149	0.00425411968312	0.000384428668474	971.45624411	674	0.131819974519	418.317837042	29.6231454006	2421.9132495	4	0	0					
F19	1	0	2323	10.4916056823	0.350839431769	0.00382487453499	0.000439542911881	962.001110348	859	0.1243736333	331.741563549	30.0349243306	2184.03774735	4	0	0					
F20	1	0	2282	11.2191060473	0.389132340053	0.0036948503855	0.000510209622654	943.210557059	950	0.119343711687	249.548168529	29.0852631579	1797.70019537	4	0	0					
F21	1	0	1964	14.5850305499	0.530040733198	0.0048340603775	0.000631051072026	1003.44131973	1147	0.120601966312	300.551072037	27.3775065388	2026.18981728	4	0	0					
F22	1	0	2215	11.6004514673	0.390519187359	0.00362311218763	0.00047091223351	914.918110591	932	0.123650946569	254.053557645	29.9291845494	1770.33451411	4	0	0					
F23	1	0	2140	8.31495327103	0.255607476636	0.00296039736006	0.000324785428488	1230.56833387	592	0.125594021896	418.055370191	32.7077702703	2799.66085073	4	0	0					
F24	1	0	2110	74.4213270142	3.0355450237	0.0241697653492	0.00408586328187	1492.3222028	6951	0.133422386721	368.530111348	24.797151489	2560.92391076	4	0	0					
G01	1	0	2031	10.7208271787	0.243229935992	0.00354911844872	0.000319916563085	892.826101687	520	0.120373474269	272.838309781	43.5865384615	1843.53778422	4	0	0					
G02	1	0	1932	115.316770186	4.58126293996	0.048499364855	0.00616193770483	1490.15526211	9587	0.14895880707	461.878614033	25.262543027	2879.64324688	4	0	0					
G03	1	0	2067	9.81228834059	0.331398161587	0.00319404588705	0.000424409480157	870.759124264	739	0.125886539432	245.804983768	29.4438430311	1693.7242073	4	0	0					
G04	1	0	2058	69.0621963071	2.69922254616	0.0229984809848	0.00351018623952	1164.48321813	5980	0.133946577693	309.29758573	25.6675585284	2123.98118701	4	0	0					
G05	1	0	2306	12.7545533391	0.392454466609	0.00433121586672	0.000477647644766	982.42475507	985	0.1243357998	294.981557872	32.6609137056	1964.96263642	4	0	0					
G06	1	0	2488	9.93488745981	0.353697749196	0.00288009628663	0.000466279321483	984.960129919	925	0.117822789249	221.552447573	28.0875675676	1712.4694859	4	0	0					
G07	1	0	2337	10.7856225931	0.380830124091	0.00391255428144	0.000462460307322	1020.06115466	972	0.125728170375	319.483792592	28.4670781893	2119.65435569	4	0	0					
G08	1	0	1905	16.4293963255	0.506036745407	0.00459996367214	0.000467501312112	1031.89114001	1069	0.123319394938	309.129624207	32.7736202058	2102.63013893	4	0	0					
G09	1	0	1165	117.272961373	4.05150214592	0.0667526112885	0.00679355404917	2242.78492717	5198	0.151842405748	741.193932896	28.9867256637	4554.37418326	4	0	0					
G10	1	0	2189	14.3764275925	0.361352215624	0.00430699111481	0.000458214430193	1315.94991394	854	0.120973270574	378.883542928	39.8957845433	2733.85897572	4	0	0					
G11	1	0	2167	15.3257960314	0.514536225196	0.00582126924974	0.000683326582614	1081.69572242	1214	0.123579594471	317.201668383	30.3220757825	2151.75860846	4	0	0					
G12	1	0	2100	38.3385714286	1.45	0.0108642637641	0.00188580469402	1105.27147113	3246	0.120054105526	245.871198838	26.747689464	1897.24536919	4	0	0					
G13	1	0	2145	11.8452214452	0.373426573427	0.00394269880827	0.000462526088813	1052.55625599	863	0.121814516828	301.143456716	31.7566628042	2124.9885378	4	0	0					
G14	1	0	2151	24.4974430497	0.929335192934	0.00757994477575	0.00116763884081	1111.81430426	2137	0.121300709449	274.673430148	26.6284510997	2030.69687717	4	0	0					
G15	1	0	2275	12.0501098901	0.418021978022	0.00430548251805	0.000530935795843	1144.92074217	1012	0.123324059406	355.061007043	29.0869565217	2412.00714745	4	0	0					
G16	1	0	2339	14.1128687473	0.491663103891	0.00488556294392	0.000646336308901	1105.13333327	1225	0.121242725746	345.006502492	29.1346938776	2407.78234222	4	0	0					
G17	1	0	1599	13.1901188243	0.361475922452	0.00519245937283	0.000583542873582	993.661480509	609	0.13072686872	298.325379835	36.6305418719	1905.92555582	4	0	0					
G18	1	0	2268	11.360670194	0.35758377425	0.00433453423343	0.000445758170012	1054.74811167	866	0.12636975913	364.997903626	31.856812933	2435.80644322	4	0	0					
G19	1	0	2362	11.150296359	0.372988992379	0.00408731788305	0.000471321197465	1032.89279403	960	0.123880892695	324.195532607	29.7458333333	2227.20893418	4	0	0					
G20	1	0	2239	11.2152746762	0.398392139348	0.00373027224998	0.000481290850162	990.906248099	978	0.120560956826	276.690286116	28.1993865031	1930.8452298	4	0	0					
G21	1	0	2265	13.0291390728	0.542163355408	0.00450158704644	0.000710120643684	1041.44365421	1309	0.119523527104	261.833425318	24.166539343	1922.63512909	4	0	0					
G22	1	0	2283	12.7595269382	0.451598773544	0.00414682346737	0.000561646312281	976.992848974	1116	0.120156583341	269.482828949	28.1792114695	1914.41461424	4	0	0					
G23	1	0	2281	9.92722490136	0.316966242876	0.00376487226494	0.000400562218866	1111.63017006	770	0.12859187879	385.061806266	31.5649350649	2483.49651167	4	0	0					
G24	1	0	2179	101.941257458	4.3308857274	0.0370456012634	0.00578525549765	1575.42868457	10193	0.140945172457	428.656481444	23.6866476994	2836.25521531	4	0	0					
H01	1	0	2360	12.6538135593	0.323305084746	0.00394602526135	0.000413851293016	926.04720085	836	0.119874347577	229.524166702	38.9868421053	1657.83916278	4	0	0					
H02	1	0	2253	47.4407456724	1.49578339991	0.013566720223	0.00190533915206	1097.66802215	3670	0.121131508019	249.673867364	31.880653951	1932.00536449	4	0	0					
H03	1	0	2208	85.1530797101	3.90126811594	0.0282959477012	0.00504114089484	1308.91506382	9312	0.137549833214	329.01155294	21.9685352234	2244.34493905	4	0	0					
H04	1	0	2296	46.9172473868	1.74259581882	0.0146526498403	0.00236509898846	1079.04436676	4257	0.125932680454	253.456729157	27.0697674419	1866.72973539	4	0	0					
H05	1	0	2236	10.4628801431	0.318425760286	0.00343022163052	0.000400490393851	970.722639981	774	0.121107143005	278.37472529	33.0374677003	1971.65189257	4	0	0					
H06	1	0	2258	13.4880425155	0.438883968113	0.00481963941575	0.000547334599553	1043.87235347	1079	0.125712035553	351.379549912	30.5505097312	2384.88666236	4	0	0					
H07	1	0	2079	12.0038480038	0.389129389129	0.00474464216987	0.000494192353926	1045.41952305	873	0.127302541148	356.837845076	30.9541809851	2352.31327402	4	0	0					
H08	1	0	2308	8.83535528596	0.287694974003	0.00295065049636	0.000365584085631	995.145373082	710	0.121351093818	284.65890771	30.9647887324	2041.24270876	4	0	0					
H09	1	0	2131	42.8742374472	1.74847489442	0.0133111524707	0.00225987597067	1171.28630241	4055	0.125200924033	282.444173613	24.7657213317	2056.44995436	4	0	0					
H10	1	0	2314	9.62229904927	0.328003457217	0.00322957524665	0.0004164778036	1032.84099944	806	0.121581747854	292.441575345	29.5260545906	1993.2138458	4	0	0					
H11	1	0	2226	11.0889487871	0.345013477089	0.00387204741659	0.000422309728034	1040.54144184	836	0.123892647917	308.531414754	32.0968899522	2069.46684812	4	0	0					
H12	1	0	2161	11.5955576122	0.357704766312	0.00448606237824	0.000445877039467	1053.45811218	836	0.127712480031	424.039479878	32.5681818182	2707.09483979	4	0	0					
H13	1	0	2227	11.056129322	0.341715312079	0.00390926362102	0.000426710915801	1042.82565626	835	0.125689676179	335.366318686	32.4119760479	2227.8133022	4	0	0					
H14	1	0	2272	17.6294014085	0.666813380282	0.00552198716515	0.000849663359346	1072.242565	1638	0.119357383523	271.117865848	26.6562881563	1965.12845542	4	0	0					
H15	1	0	2157	31.3639313862	1.27121001391	0.00856227932917	0.00160097951468	1134.45006885	2953	0.119721870712	251.66171988	24.8550626482	1924.10955435	4	0	0					
H16	1	0	2157	88.2865090403	3.93509503941	0.0300735789951	0.00509993369626	1430.0167332	9260	0.136288003855	370.439369529	22.6082073434	2533.27851206	4	0	0					
H17	1	0	2277	10.1576635924	0.33069828722	0.00361523540689	0.000426407493551	1072.71760963	814	0.124023844013	335.310542828	30.9643734644	2275.51553117	4	0	0					
H18	1	0	1995	119.790977444	5.08320802005	0.0545314876486	0.00713945810279	1629.30181902	11004	0.150924315616	497.761458106	23.6652126499	3041.37060176	4	0	0					
H19	1	0	2232	11.0734767025	0.366935483871	0.00382079007545	0.000439658786862	1052.00421846	893	0.125854205917	351.341879042	30.2956326988	2394.09838688	4	0	0					
H20	1	0	2011	49.0427647936	2.00397812034	0.0168970425352	0.00259833649971	1172.02331964	4343	0.129709215746	306.648803829	24.6138613861	2096.54209234	4	0	0					
H21	1	0	2181	12.0852819807	0.418156808803	0.00427586921829	0.000514122109843	975.075622284	981	0.122998819747	312.033019987	29.1559633028	2179.835059	4	0	0					
H22	1	0	2258	45.8113374668	1.98494242693	0.0142004249524	0.00257264931183	1003.78411366	4800	0.127741893322	248.86254866	23.2395833333	1782.87316911	4	0	0					
H23	1	0	2238	11.0227882038	0.350759606792	0.00389206965598	0.000442972710456	1013.80726147	853	0.12414138777	355.368036946	31.3563892145	2350.98387544	4	0	0					
H24	1	0	2136	44.0369850187	1.39606741573	0.0126703816497	0.00178797747716	1105.80637156	3199	0.120082160645	252.142009859	31.813379181	1940.65617857	4	0	0					
I01	1	0	2011	121.340626554	4.47737444058	0.0495323598769	0.00611323979782	1452.84654075	9753	0.150181883508	431.758574299	27.2045524454	2661.9138938	4	0	0					
I02	1	0	1837	8.81056069679	0.248775176919	0.00257459064824	0.000304409053914	996.435405629	491	0.121520940924	268.141813447	35.8655804481	1956.55796476	4	0	0					
I03	1	0	1914	10.3631138976	0.307210031348	0.00347937367137	0.000390570194724	953.026985202	647	0.123938987958	248.446489783	33.5270479134	1752.61073555	4	0	0					
I04	1	0	2075	10.9672289157	0.369156626506	0.00381711961306	0.000449795086745	988.414967174	829	0.12409013758	305.449654495	29.9131483715	2033.2899846	4	0	0					
I05	1	0	2264	10.3966431095	0.356448763251	0.00340679781811	0.000438161897341	975.456318054	880	0.122810915314	296.245033491	29.3352272727	2014.04162832	4	0	0					
I06	1	0	2205	32.612244898	1.24897959184	0.00892128041038	0.00165531174363	1141.5166508	2979	0.119961112589	245.172859457	26.344075193	1892.6489938	4	0	0					
I07	1	0	2349	21.8288633461	0.933588761175	0.00725989707341	0.00114767921104	1120.7295799	2366	0.12729062277	337.069620124	23.4915469146	2285.19347467	4	0	0					
I08	1	0	1960	107.654081633	5.05357142857	0.0427593313232	0.00690103737907	1668.09224967	10874	0.145006966855	463.418707852	21.4039911716	2971.18397134	4	0	0					
I09	1	0	2257	7.27204253434	0.244129375277	0.00281995871786	0.000312815709447	1081.53471103	595	0.131308280957	363.408655914	29.7915966387	2258.89328327	4	0	0					
I10	1	0	1687	56.5921754594	2.28512151749	0.0161372893089	0.00285456913764	1162.62506863	4171	0.125742351672	264.711107501	24.8815631743	1951.03986864	4	0	0					
I11	1	0	1946	10.3556012333	0.345323741007	0.00304715390029	0.000405639005138	1068.22861948	725	0.120590785534	282.074209286	30.0675862069	2003.63826071	4	0	0					
I12	1	0	2073	9.40135069947	0.326097443319	0.00327057289162	0.000397438637576	1116.97206499	739	0.123907200479	347.797413581	28.7374830853	2338.05596083	4	0	0					
I13	1	0	2172	10.9884898711	0.414364640884	0.00301719794311	0.000510471956423	977.301952778	968	0.116950601883	216.679118942	26.5826446281	1711.71928994	4	0	0					
I14	1	0	2192	11.286040146	0.411040145985	0.00376786186447	0.000485997208949	1023.80511471	977	0.124120847848	302.739183945	27.5537359263	2030.75522742	4	0	0					
I15	1	0	2315	11.3187904968	0.418142548596	0.00417986097137	0.000523166146359	1027.91253886	1055	0.125706285543	330.049966129	27.2672985782	2157.89864976	4	0	0					
I16	1	0	2093	9.11036789298	0.310081223125	0.00296307885953	0.000382862261628	1019.0281722	712	0.122850090024	298.205726548	29.5126404494	2093.30356805	4	0	0					
I17	1	0	1939	139.140794224	6.01237751418	0.062939425018	0.00834407259072	2482.02853399	12609	0.15310717724	660.447682809	23.2037433579	4050.7566397	4	0	0					
I18	1	0	2245	9.1135857461	0.280178173719	0.0025717930213	0.000350693790273	1095.93550787	677	0.122562066567	282.923181093	32.7813884786	2067.15320376	4	0	0					
I19	1	0	2252	11.3507992895	0.424511545293	0.0038186856922	0.000535147140676	1000.4406593	1038	0.120514166116	276.40685064	27.1666666667	1930.34043023	4	0	0					
I20	1	0	2100	9.5180952381	0.286666666667	0.00315254996253	0.000338792333232	1068.89154786	662	0.125823084463	370.776385852	33.5558912387	2454.29154463	4	0	0					
I21	1	0	2035	20.8619164619	0.809336609337	0.00644973315483	0.000978209883036	986.213468056	1808	0.12350308831	260.15571461	25.9557522124	1848.76150661	4	0	0					
I22	1	0	2204	10.2078039927	0.372504537205	0.00339211506587	0.000429694126043	917.717744947	886	0.12623355736	277.849289816	27.7911963883	1822.44676779	4	0	0					
I23	1	0	2192	91.7326642336	4.09078467153	0.0313061774837	0.00538268998224	1392.41428209	9747	0.139884543872	363.367391495	22.4942033446	2415.84663495	4	0	0					
I24	1	0	2181	7.63319578175	0.228794131133	0.00255283709583	0.000287236241146	1156.59399783	526	0.1228813476	343.268549069	33.5437262357	2297.43421476	4	0	0					
J01	1	0	2302	107.254561251	3.70417028671	0.0417729895552	0.00515608469421	1685.59442663	9180	0.144526445628	461.323250797	29.0832244009	2958.12684237	4	0	0					
J02	1	0	2422	10.1052848885	0.322047894302	0.00327512813243	0.000433119960465	1002.00057677	834	0.119694596346	248.683940934	31.2014388489	1829.78368707	4	0	0					
J03	1	0	1991	18.5494726268	0.665996986439	0.0053325443188	0.000850453246726	944.284294489	1474	0.121710973844	231.757650264	28.1648575305	1723.78104051	4	0	0					
J04	1	0	2141	10.4689397478	0.356842596917	0.00300024853843	0.000447872738139	958.287553754	822	0.120300628609	234.017405134	29.6107055961	1738.17096082	4	0	0					
J05	1	0	2242	10.4647636039	0.341659232828	0.00342977518475	0.000439373524092	1024.25006861	829	0.126266510263	295.806809719	30.5765983112	2052.05411076	4	0	0					
J06	1	0	2249	11.879946643	0.400622498888	0.00357802594508	0.000534558865158	997.751324796	993	0.11822558429	244.372913875	29.7734138973	1859.20680344	4	0	0					
J07	1	0	2040	49.8323529412	2.1	0.0173314247681	0.00272684689807	1125.91363928	4645	0.139194532817	332.237685649	23.6508073197	2138.75723752	4	0	0					
J08	1	0	2150	9.9576744186	0.330697674419	0.00311464463718	0.000412180861845	1025.90427984	762	0.122447220254	279.645286107	30.3897637795	1964.47827725	4	0	0					
J09	1	0	2278	9.52677787533	0.388937664618	0.00298383892276	0.000480021801412	1014.15806313	981	0.121501460456	267.105734928	24.7563710499	1908.19359066	4	0	0					
J10	1	0	2272	9.90404929577	0.378521126761	0.00346631852561	0.000486612494723	1061.12133171	967	0.123651654877	318.481303474	26.4653567735	2217.03300451	4	0	0					
J11	1	0	2148	11.4776536313	0.378491620112	0.00349414708364	0.000508387210322	1040.95151531	884	0.117830057442	266.280685023	30.5995475113	1951.04256146	4	0	0					
J12	1	0	2231	9.80815777678	0.316898251905	0.00299885094893	0.000409648343027	1029.62469397	763	0.119919481388	250.747311611	31.2319790301	1831.81530497	4	0	0					
J13	1	0	2035	9.68648648649	0.396068796069	0.00289233213594	0.000506644684456	1028.28905934	915	0.121640044976	250.689519225	24.3136612022	1831.90361462	4	0	0					
J14	1	0	2151	8.70432357043	0.312877731288	0.00266468147357	0.000369773671878	1070.51892106	723	0.121955046464	301.899913958	27.9806362379	2024.23732252	4	0	0					
J15	1	0	2076	13.7894990366	0.445568400771	0.00395638071792	0.000518487403526	1034.54966777	1006	0.119040838339	283.319451828	31.1570576541	2081.96952259	4	0	0					
J16	1	0	2110	10.336492891	0.325118483412	0.00318308189368	0.000402805358279	1087.99518688	748	0.118236888598	286.765415853	31.8703208556	2140.63043941	4	0	0					
J17	1	0	2160	92.1347222222	4.05277777778	0.0329934824659	0.00537571059467	1563.96753082	9446	0.137851198288	424.912470041	22.8627990684	2868.88640239	4	0	0					
J18	1	0	2112	10.9114583333	0.339488636364	0.00368900393886	0.000420578091397	1073.71474612	767	0.123748292376	329.199598849	32.6258148631	2195.81013286	4	0	0					
J19	1	0	2117	108.688238073	4.38781294284	0.044038795134	0.00583252934191	2186.44871184	9955	0.142291265803	631.304913532	24.9300853842	4040.46608101	4	0	0					
J20	1	0	2154	9.96750232126	0.357938718663	0.00324308290965	0.000442441171015	992.577104103	824	0.122268794207	281.29066231	28.4502427184	1950.33027565	4	0	0					
J21	1	0	2091	66.3342898135	2.82400765184	0.0219911404726	0.00394425480154	1090.98140203	6358	0.130449675911	267.021864561	23.7176785153	1923.91146279	4	0	0					
J22	1	0	2193	13.5836753306	0.459644322845	0.00416548685255	0.00057522412575	954.15578676	1083	0.120282725552	266.274276761	30.2502308403	1844.0557712	4	0	0					
J23	1	0	2202	101.400090827	4.62034514078	0.0369380748686	0.00612122057769	1359.2251485	10937	0.143629148682	372.947752778	22.115753863	2407.72100621	4	0	0					
J24	1	0	2145	7.96130536131	0.248018648019	0.00218092061632	0.000313975341628	1228.61283598	569	0.117928098269	275.912857531	32.0544815466	2111.49815577	4	0	0					
K01	1	0	2156	121.917903525	4.53896103896	0.0480521479486	0.00601693941912	1706.08137851	10624	0.150311921313	514.877039665	27.0032944277	3134.75738042	4	0	0					
K02	1	0	2029	11.6239526861	0.334154756037	0.00356968846977	0.000407582822759	911.757627378	721	0.122777204048	264.900625737	34.7101248266	1833.59236636	4	0	0					
K03	1	0	1982	101.088294652	4.41977800202	0.0374808721286	0.00590925807066	1300.07438101	9519	0.14357688008	373.349642202	23.0815211682	2413.50652079	4	0	0					
K04	1	0	2007	11.562531141	0.354260089686	0.00372604522348	0.000439674692522	934.112516405	767	0.120853601972	254.683387915	32.518904824	1829.7831155	4	0	0					
K05	1	0	2239	10.1054041983	0.300133988388	0.00316838588049	0.000389569218395	939.804492733	719	0.119862590621	253.332872743	33.7802503477	1818.83071532	4	0	0					
K06	1	0	2124	10.7179849341	0.35593220339	0.00290353926498	0.000421781842676	903.619724701	811	0.118528473761	210.974961838	30.3033292232	1616.01292292	4	0	0					
K07	1	0	2150	11.0841860465	0.406046511628	0.00324757749181	0.000508949048797	957.707493044	939	0.11876926432	267.815456459	27.4323748669	1933.06214587	4	0	0					
K08	1	0	2127	10.2881993418	0.32487070992	0.00355360453858	0.00041113995774	1016.56178393	752	0.124968234922	314.044984728	31.2978723404	2165.57427943	4	0	0					
K09	1	0	2070	10.4507246377	0.342028985507	0.00402419443263	0.000432622569511	1010.20356266	761	0.126366874354	368.159154891	30.5952693824	2368.38925814	4	0	0					
K10	1	0	2160	10.5402777778	0.335185185185	0.00364143194644	0.000428035676682	1030.0779979	769	0.124779042645	290.765198441	31.4395318596	2010.26691052	4	0	0					
K11	1	0	1991	10.9954796585	0.325966850829	0.00352142145178	0.000402884609568	1022.77433481	705	0.124149953368	305.711157644	33.5475177305	2132.43870555	4	0	0					
K12	1	0	2172	14.7476979742	0.455801104972	0.00474025320035	0.000581808091634	1036.0284887	1034	0.121950166791	298.881493462	32.6518375242	2034.84926647	4	0	0					
K13	1	0	2118	21.269121813	0.738432483475	0.00645939457761	0.000955398599706	1045.82798208	1701	0.121164217061	257.895138531	29.0117577895	1943.94613661	4	0	0					
K14	1	0	2281	10.8838228847	0.358614642701	0.00355949679249	0.000459213954101	1005.96239519	865	0.12134038787	281.003014372	30.4208092486	2005.04968716	4	0	0					
K15	1	0	2209	11.1222272522	0.364418288818	0.00371483527109	0.000448254831748	1048.95664851	882	0.122303269577	326.76343331099997	30.716553288	2278.6609833	4	0	0					
K16	1	0	2170	10.1023041475	0.333179723502	0.00287618260877	0.000392494375947	973.393843108	790	0.119180622077	242.985130774	30.3405063291	1811.53095735	4	0	0					
K17	1	0	2281	19.8233231039	0.674704077159	0.00633430222534	0.000900459817814	998.233735054	1660	0.120213567722	243.830467773	29.4174698795	1822.21123856	4	0	0					
K18	1	0	2112	12.0961174242	0.419034090909	0.00370699852445	0.00052744933052	958.462026339	947	0.12109916282	236.072731403	28.9218585005	1741.01720132	4	0	0					
K19	1	0	2261	12.268907563	0.406899601946	0.00422590188389	0.000523085714792	1003.73230405	989	0.118530149499	299.924571878	30.2143579373	2036.41067941	4	0	0					
K20	1	0	2137	12.6247075339	0.421151146467	0.0043839449578	0.00050383072394	1016.63178718	975	0.124344507906	347.456642225	30.2605128205	2363.21094021	4	0	0					
K21	1	0	2135	11.0117096019	0.340983606557	0.00341788637355	0.00040560168029	951.493388636	772	0.121473206914	266.318606984	32.4922279793	1856.0530856	4	0	0					
K22	1	0	2207	11.3878568192	0.343452650657	0.00439743265392	0.000424915237596	999.078302821	817	0.129189199682	362.233121533	33.1591187271	2310.03342429	4	0	0					
K23	1	0	2172	93.703038674	4.24309392265	0.0311434834163	0.00536852951513	1222.52538455	9869	0.141023836457	333.27553906	22.2375113993	2180.66687443	4	0	0					
K24	1	0	2083	10.1627460394	0.309169467115	0.00308839152398	0.000363356483401	1017.64632893	710	0.124309177385	314.345133417	32.8661971831	2160.15924872	4	0	0					
L01	1	0	2192	109.428832117	4.44799270073	0.0395737852784	0.00553944727258	1723.6804705	10671	0.145566995949	493.821800287	24.8701152657	3141.54971769	4	0	0					
L02	1	0	2309	110.493287137	4.25119099177	0.043378807793	0.00587391343476	1608.1030972	10606	0.146832210589	445.257782381	26.1434093909	2806.35123729	4	0	0					
L03	1	0	2078	11.2425409047	0.355149181906	0.0034080838092	0.0004474584653	942.463507751	811	0.118568127266	242.440059529	31.5672009864	1795.9169004	4	0	0					
L04	1	0	2326	10.7196904557	0.327601031814	0.00326780736135	0.000408711217147	947.208572197	819	0.117986938735	234.111961959	32.4688644689	1751.9900695	4	0	0					
L05	1	0	2448	9.76184640523	0.295751633987	0.00299908477591	0.000372513066478	977.342582048	779	0.117745255918	277.336433692	32.892169448	2010.93486126	4	0	0					
L06	1	0	2247	9.36893635959	0.31909212283	0.00287509736	0.000389391738789	989.890387126	763	0.119643817608	263.278231503	29.5963302752	1891.37987153	4	0	0					
L07	1	0	2037	58.1605301915	2.46391752577	0.0191297207776	0.0032587680577	1238.41962598	5463	0.132367403015	326.683688887	23.750686436	2264.93283503	4	0	0					
L08	1	0	2194	9.55560619872	0.303099361896	0.00369473791071	0.000379846501037	1031.60757463	717	0.131155943322	336.529010696	31.3528591353	2134.72421764	4	0	0					
L09	1	0	2245	113.672605791	4.78797327394	0.0394691537978	0.00610374052044	1447.15092638	11558	0.139816466613	376.418147307	23.9077695103	2525.21932817	4	0	0					
L10	1	0	2180	9.78486238532	0.293577981651	0.00318710026263	0.000366187917211	978.432201107	672	0.121740395444	280.311191691	33.3244047619	1943.12943934	4	0	0					
L11	1	0	2143	8.68315445637	0.287914139057	0.0028334400259	0.000370343323442	1034.20813629	681	0.121915059893	302.833701552	30.1174743025	2130.7174889	4	0	0					
L12	1	0	2200	9.50181818182	0.307727272727	0.00309240888704	0.00038697036427	997.176911038	746	0.120941827007	286.037347652	31.273458445	2004.31730275	4	0	0					
L13	1	0	2225	9.25617977528	0.304719101124	0.00294436835757	0.000371467782527	1128.37752407	731	0.12108539723	350.114616936	30.6880984952	2355.98121879	4	0	0					
L14	1	0	2116	9.3511342155	0.326086956522	0.00348039885787	0.000388550959694	1023.72969351	744	0.127811919026	348.685555763	28.6841397849	2171.56555708	4	0	0					
L15	1	0	2266	9.73918799647	0.292586054722	0.00310359387783	0.000364560936303	984.10655145	719	0.123096465231	275.707898658	33.5396383866	1894.39529807	4	0	0					
L16	1	0	2015	9.14937965261	0.269975186104	0.00322802429295	0.00033508107299	1015.80228047	588	0.126171776841	322.629398543	33.906462585	2179.25811722	4	0	0					
L17	1	0	2095	10.0830548926	0.356563245823	0.0033183903958	0.000453992399025	1005.865426	822	0.121123138719	264.999798456	28.9464720195	1887.85211397	4	0	0					
L18	1	0	2202	11.10626703	0.347411444142	0.00366958815826	0.000432626935817	1071.47397586	810	0.123417235352	328.511609219	32.0456790123	2181.83308477	4	0	0					
L19	1	0	2211	27.4699231117	1.1881501583	0.00789333193263	0.00147062495645	1081.83270981	2842	0.122829913654	254.592444356	23.5052779733	1883.68000641	4	0	0					
L20	1	0	2155	9.86125290023	0.348955916473	0.0028911170172	0.000426718329089	916.012735656	815	0.120649961225	234.052126641	28.4085889571	1711.33364099	4	0	0					
L21	1	0	2338	11.0243798118	0.365269461078	0.00315600440916	0.000452527643588	1027.17751663	924	0.119785037315	267.065658836	30.7132034632	1939.18057316	4	0	0					
L22	1	0	2266	10.1906443071	0.311562224184	0.00383946313056	0.000381088473332	1089.69246051	762	0.12675891696	390.416704895	32.9593175853	2485.85230931	4	0	0					
L23	1	0	2051	114.377376889	4.51438322769	0.0412182219476	0.00570858454832	1621.77567665	10001	0.143739314896	462.241631113	25.4262573743	2985.50808677	4	0	0					
L24	1	0	2123	91.2661328309	3.76354215732	0.0313526474671	0.0049305241574	1392.91358483	8687	0.139587551849	366.920110016	24.4804880856	2448.33725155	4	0	0					
M01	1	0	1664	109.022836538	3.1171875	0.0275063847951	0.00301772834202	1473.08176223	5690	0.131807938884	388.771381508	35.4469244288	2696.13415956	4	0	0					
M02	1	0	1923	82.408216328699993	3.19344773791	0.0287979626417	0.00430890447598	1779.26889889	6606	0.136773155809	451.205607226	26.0417801998	3031.02182538	4	0	0					
M03	1	0	1995	9.67468671679	0.30626566416	0.00278379125033	0.0003790584428	914.226908491	654	0.117922019369	231.804868503	31.4892966361	1727.60384397	4	0	0					
M04	1	0	2136	12.0753745318	0.388108614232	0.00402856041424	0.000499146015036	970.770994059	904	0.121435284008	269.217244843	31.4557522124	1924.34094705	4	0	0					
M05	1	0	444	57.5405405405	1.63288288288	0.0363655494976	0.00340516255671	1424.26787174	810	0.145140501492	469.076382347	35.4740740741	2972.35095578	4	0	0					
M06	1	0	2395	10.4551148225	0.351983298539	0.00317379062261	0.00044303344251	954.281995446	926	0.117966062113	251.456981236	29.2537796976	1828.19971885	4	0	0					
M07	1	0	2291	10.8668703623	0.35792230467	0.00370160370604	0.000441178381873	969.560688969	887	0.123094615482	285.764551415	30.7463359639	1938.22445816	4	0	0					
M08	1	0	2203	9.71856559237	0.332728098048	0.00364409742547	0.000417207322774	999.931724581	827	0.129270900791	363.745545992	29.7110036276	2269.3741552	4	0	0					
M09	1	0	1979	93.2536634664	4.12379989894	0.0306872024881	0.00528863528495	1318.00515804	8897	0.136923335821	336.1441285	22.7411487018	2294.22454365	4	0	0					
M10	1	0	2080	9.08076923077	0.289423076923	0.00311874096972	0.000361042517677	1050.4394485	665	0.124086689867	336.915614902	31.8947368421	2246.37613611	4	0	0					
M11	1	0	2346	8.8431372549	0.287297527707	0.00266841124647	0.000372071040197	986.44148785	721	0.121768460238	265.458751314	31.0832177531	1891.93654331	4	0	0					
M12	1	0	2027	8.9161322151	0.351751356685	0.00322161653792	0.000433063745373	1065.67164731	789	0.123124849633	314.850595689	25.4081115336	2102.90240082	4	0	0					
M13	1	0	2213	9.90962494352	0.293718933574	0.00346289918477	0.000389191273375	1022.89876271	716	0.124876711169	318.801400832	33.8924581006	2134.21729951	4	0	0					
M14	1	0	2212	10.4344484629	0.340867992767	0.00391529407513	0.000432534292481	1032.77005301	812	0.126932788623	339.184631839	31.0443349754	2218.28922462	4	0	0					
M15	1	0	2193	10.2991336069	0.321021431829	0.00325126754445	0.000402001606605	1105.85387497	767	0.123190734609	308.704697006	32.3428943937	2198.49525443	4	0	0					
M16	1	0	2236	10.8193202147	0.359570661896	0.00375060938089	0.000465126267141	950.667062668	864	0.121851389479	281.323982783	29.9664351852	1980.92740317	4	0	0					
M17	1	0	2318	9.13891285591	0.267471958585	0.0036032958147	0.00033533901528	1147.55938679	692	0.131167509626	461.576463767	34.2687861272	2713.59399395	4	0	0					
M18	1	0	2204	10.0689655172	0.338929219601	0.00332202846627	0.000435160903921	1006.86952622	809	0.123059592561	293.57058401	30.217552534	2078.60321695	4	0	0					
M19	1	0	2222	10.1800180018	0.315481548155	0.00424786981773	0.000387281142151	1207.29080201	756	0.131109251241	524.9149781	32.2433862434	3232.84564673	4	0	0					
M20	1	0	2079	10.5026455026	0.348725348725	0.0037157079907	0.000421686556795	998.835573081	796	0.126082410304	332.61893232	30.0100502513	2242.33280402	4	0	0					
M21	1	0	2236	10.1046511628	0.362701252236	0.00318701941264	0.000455666989913	988.115205308	877	0.120140133408	285.520540754	28.3215507412	2035.38861962	4	0	0					
M22	1	0	2242	10.9424620874	0.396074933095	0.00336596708594	0.000499208278368	924.36526397	971	0.121537975918	238.730719386	27.7744593203	1699.06681309	4	0	0					
M23	1	0	2229	53.1502916106	1.74786899955	0.0153582591797	0.00227155070431	1390.76480384	4174	0.120056794343	309.574743515	30.5701964542	2418.73931181	4	0	0					
M24	1	0	2157	108.676866018	4.42234585072	0.0403287861479	0.00583772547401	1300.01190882	10274	0.145280592891	365.491258333	24.8450457465	2331.55584909	4	0	0					
N01	1	0	2191	15.6818804199	0.406207211319	0.00468733345756	0.000461688534777	1030.0816662	954	0.126219835276	346.085600252	38.5083857442	2270.87955019	4	0	0					
N02	1	0	2318	113.446505608	4.97799827437	0.0471636451468	0.0069357522226	1432.90303429	12354	0.149529032604	427.317601273	22.8897523069	2634.52633229	4	0	0					
N03	1	0	2216	11.1967509025	0.369133574007	0.00337375318106	0.000460992981393	926.774215885	881	0.119900972704	255.996195033	30.077185017	1821.44286935	4	0	0					
N04	1	0	2285	12.1663019694	0.392560175055	0.00392927524153	0.000480545659374	913.998916562	972	0.121093284247	264.628480552	30.8940329218	1861.15051092	4	0	0					
N05	1	0	2164	8.90896487985	0.280036968577	0.00246244665532	0.000327801467431	970.443362015	664	0.117329158021	258.538695706	31.7831325301	1903.08773649	4	0	0					
N06	1	0	2194	8.83682771194	0.288514129444	0.00239468632835	0.000369423326776	912.288046273	705	0.117079566128	198.751019999	30.6836879433	1576.9783418	4	0	0					
N07	1	0	2237	10.0125167635	0.340634778722	0.00340753294421	0.000420639480457	963.675352446	822	0.124368790908	293.48371809	29.5097323601	2041.69581435	4	0	0					
N08	1	0	2252	9.69493783304	0.357460035524	0.00311936385472	0.00046455359689	942.408903777	852	0.121606166445	246.745047479	27.5727699531	1778.10120841	4	0	0					
N09	1	0	2263	10.32081308	0.322138753867	0.00272805521122	0.000392674902121	1005.17526087	796	0.118568645844	266.317557875	31.9195979899	1972.53677579	4	0	0					
N10	1	0	2177	10.5107946716	0.372990353698	0.00348136856749	0.000461805968889	1002.43384093	899	0.123074349871	304.630729927	28.2458286986	2051.25358517	4	0	0					
N11	1	0	2107	9.4100616991	0.344091124822	0.00294536792208	0.000431734781113	983.592566225	796	0.123682226798	276.00791632	28.0615577889	1904.46205946	4	0	0					
N12	1	0	1979	9.55937342092	0.341081354219	0.00294610966656	0.000418905184765	1028.75322428	712	0.118358152185	267.99569856	28.2219101124	1959.82275418	4	0	0					
N13	1	0	2201	9.86551567469	0.329850068151	0.00315038168669	0.000419019055829	1015.19377942	785	0.119763311551	274.209051053	30.1872611465	2004.48385413	4	0	0					
N14	1	0	2206	9.17679057117	0.287851314597	0.00336282237208	0.000354619369998	1021.3017485	702	0.125286095865	318.273596304	31.7150997151	2128.50123776	4	0	0					
N15	1	0	2140	8.47897196262	0.257943925234	0.00282911606104	0.000323770092485	1043.90563295	613	0.122348812415	305.420099605	32.3572593801	2139.54720036	4	0	0					
N16	1	0	2172	9.24079189687	0.294198895028	0.00287056795167	0.000359824286123	1048.18691537	695	0.12082750423	300.103735955	31.3712230216	2144.53211852	4	0	0					
N17	1	0	1488	9.14784946237	0.282258064516	0.00325210726708	0.00035196053635	1034.64124077	460	0.122684378559	334.347666049	32.5826086957	2261.70692388	3	0	0					
N18	1	0	2178	9.40495867769	0.345270890725	0.00318843495905	0.000433423098877	971.091804936	816	0.120461751369	282.813792058	27.2389705882	1955.56172372	4	0	0					
N19	1	0	2178	10.2488521579	0.334251606979	0.00331654080557	0.000412792611338	988.560333515	793	0.121234616914	285.475687905	31.0453972257	2017.51635587	4	0	0					
N20	1	0	2234	10.4306177261	0.348254252462	0.00336767082543	0.00044603818499	980.839774905	831	0.119698100887	254.041361003	29.963898917	1870.48155381	4	0	0					
N21	1	0	2237	10.0594546267	0.346893160483	0.00296548965687	0.000426544688248	975.306110185	863	0.12031672447	263.494221145	28.9930475087	1908.31610056	4	0	0					
N22	1	0	2162	63.9389454209	2.64107308048	0.0199725804366	0.00362004983757	1120.34159837	6138	0.12828471175	260.632019606	24.3822091887	1908.37448564	4	0	0					
N23	1	0	2177	9.66743224621	0.327514928801	0.00291704873941	0.000423014836273	978.19859485	762	0.119553880868	238.439181819	29.8241469816	1778.82711161	4	0	0					
N24	1	0	2106	93.4026590693	3.78252611586	0.0322899710462	0.00497360628256	1399.24339213	8651	0.1397125526	374.442359887	24.9483296729	2472.77933574	4	0	0					
O01	1	0	2025	11.5125925926	0.313580246914	0.0042422983619	0.000383896527016	1132.42878404	678	0.127357824223	446.749365944	36.8643067847	2845.78520912	4	0	0					
O02	1	0	1748	145.69221968	6.16876430206	0.0866361482944	0.0088482376282	2502.19058249	11703	0.168040325515	943.291498194	23.8549089977	5279.95269142	4	0	0					
O03	1	0	2102	11.6679352997	0.351569933397	0.00344113962164	0.000434859689484	936.601556166	797	0.121979827217	252.598558783	33.2020075282	1822.88242294	4	0	0					
O04	1	0	1333	13.1200300075	0.291072768192	0.00447938887995	0.000314661761199	940.2208874	425	0.135530650166	427.304432921	46.6117647059	2442.69262376	4	0	0					
O05	1	0	2241	13.0771976796	0.364569388666	0.00394419550333	0.000442529942224	1030.37476739	882	0.120220444861	269.239374994	36.0249433107	1938.90882405	4	0	0					
O06	1	0	2286	9.39938757655	0.301399825022	0.00327184609877	0.000381311873653	944.18822187599994	756	0.120827616363	283.356419582	30.8412698413	1889.13399548	4	0	0					
O07	1	0	2189	10.7039744175	0.311100959342	0.00393783515507	0.000418537592605	1045.00448494	737	0.121019223439	331.431672411	34.4328358209	2268.77586302	4	0	0					
O08	1	0	2084	10.5393474088	0.332533589251	0.00364775814313	0.000422851609623	1011.61167707	756	0.122716753115	291.353409848	31.9351851852	2008.90331567	4	0	0					
O09	1	0	1954	9.62282497441	0.284544524053	0.00306028619552	0.000374483621167	1024.70621072	611	0.125745872543	288.052766961	33.3404255319	1989.23359243	4	0	0					
O10	1	0	2129	9.80742132457	0.307656176609	0.00291358941556	0.000382452109819	939.468488337	705	0.121974082174	243.695259242	32.380141844	1769.76002722	4	0	0					
O11	1	0	2410	9.64481327801	0.280912863071	0.00444461767679	0.000381688838997	1055.88407257	715	0.130198176698	438.967356738	34.2741258741	2544.49022793	4	0	0					
O12	1	0	2298	10.181462141	0.288076588338	0.00314641530857	0.000366720523306	1026.77976808	710	0.122001044602	266.001650899	35.1633802817	1904.15048618	4	0	0					
O13	1	0	2326	8.84307824592	0.281599312124	0.00287754359399	0.000380063004579	1013.99881893	710	0.121747412434	301.617825866	31.7704225352	2035.74711238	4	0	0					
O14	1	0	2543	11.1104994101	0.355092410539	0.00379644345627	0.000483393429853	998.678277447	977	0.119062529478	264.256899716	31.5015353122	1852.92135709	4	0	0					
O15	1	0	2252	10.1323268206	0.306838365897	0.00341048809746	0.000393262674331	970.575981544	756	0.125614174026	289.504384279	33.5701058201	1947.65566939	4	0	0					
O16	1	0	2214	9.66982836495	0.324299909666	0.0031936517822	0.000399164077617	1027.04865523	772	0.124061161528	326.643519621	29.9028497409	2144.47579066	4	0	0					
O17	1	0	2278	9.67603160667	0.338893766462	0.00305330789798	0.000457596962822	1043.13747681	832	0.120561976402	292.204430904	28.9867788462	2124.09392078	4	0	0					
O18	1	0	2165	10.2096997691	0.294688221709	0.00308291263122	0.000374039162031	936.158429599	671	0.118822344415	250.122345183	34.8047690015	1798.7103425	4	0	0					
O19	1	0	2093	10.8141423794	0.309125656952	0.00395589598493	0.00038651997119	1085.83688959	702	0.128494284071	419.438426647	34.8176638177	2715.48781314	4	0	0					
O20	1	0	2162	11.3066604995	0.351988899167	0.0033090983248	0.000431070932287	929.675566853	821	0.118970348048	228.65718076	32.7734470158	1706.71847943	4	0	0					
O21	1	0	2125	9.80094117647	0.295529411765	0.00307225767259	0.000380852491403	1022.27857596	679	0.119669875605	259.202863696	33.3873343152	1915.13419134	4	0	0					
O22	1	0	2197	9.56759217114	0.301775147929	0.00338384334578	0.000394429097264	1143.75146169	723	0.123611937305	377.725922634	31.6210235131	2570.01347363	4	0	0					
O23	1	0	2185	9.55881006865	0.321281464531	0.00333170818793	0.000411764938223	994.513864721	750	0.122689623045	288.942958652	30.0813333333	2022.58224896	4	0	0					
O24	1	0	2096	114.230916031	4.88454198473	0.0459959514213	0.00658806017974	1694.22518294	11143	0.146911073044	496.005384164	23.5814412636	3146.64569621	4	0	0					
P01	1	0	2194	11.0501367366	0.304010938924	0.00372607894723	0.000352400557282	1156.53354083	723	0.129873966638	372.538712945	36.2130013831	2447.33814718	4	0	0					
P02	1	0	2199	39.6198271942	1.21782628467	0.0113832130809	0.0014934325197	1240.69689234	2892	0.121559767248	305.970376563	32.693637621	2278.33048511	4	0	0					
P03	1	0	2203	10.9101225601	0.305946436677	0.00348702506444	0.0004056033971	947.605373416	744	0.125871545618	258.829223001	35.3064516129	1822.52832359	4	0	0					
P04	1	0	2020	10.4292079208	0.300495049505	0.00323800776153	0.000372491157709	960.503256199	657	0.119103141861	261.295402663	34.4398782344	1864.0268744	4	0	0					
P05	1	0	2000	12.612	0.3535	0.00367970861927	0.000434923558481	918.698265208	752	0.118210077411	238.749642691	35.7859042553	1755.96346921	4	0	0					
P06	1	0	2167	9.6345177665	0.288878634056	0.00284359859174	0.000343274980667	929.193984788	695	0.11899887804	248.223415381	33.4877697842	1837.90285215	4	0	0					
P07	1	0	1968	11.0914634146	0.338922764228	0.00327961495235	0.000411196692922	923.299773521	731	0.120969696903	233.834536444	33.0889192886	1703.94740353	4	0	0					
P08	1	0	2003	9.97503744383	0.290064902646	0.00293419395671	0.000353780497055	976.855418333	624	0.122045573684	269.620978147	34.9951923077	1860.33199664	4	0	0					
P09	1	0	2069	10.5181246979	0.330594490092	0.00347489967111	0.000408701095327	999.329850733	735	0.123798015545	291.20519211	31.6503401361	1976.62272757	4	0	0					
P10	1	0	2004	9.26546906188	0.314371257485	0.00289753804921	0.000410706476436	930.362946924	679	0.117396387768	222.224560687	29.8556701031	1684.1429686	4	0	0					
P11	1	0	2053	16.0764734535	0.486117876279	0.00418357009514	0.000556942718065	1014.54981194	1073	0.118957186119	249.983815655	33.5479962721	1884.51773633	4	0	0					
P12	1	0	2085	11.5438848921	0.307434052758	0.00331499681212	0.000373701400932	1062.87350098	704	0.120960809321	281.986987443	38.0383522727	2000.88906539	4	0	0					
P13	1	0	2260	11.5283185841	0.394247787611	0.00333888079624	0.000503402129454	1008.13824256	964	0.121113227329	249.76771303	29.8288381743	1855.75484708	4	0	0					
P14	1	0	2216	9.17960288809	0.234657039711	0.00267258973379	0.000307288607102	978.84525433	558	0.118435901368	257.038004145	39.1953405018	1874.84825916	4	0	0					
P15	1	0	2214	10.3121047877	0.252032520325	0.00357291419978	0.000360965492472	1018.17010811	600	0.120808291016	319.61555049	41.6066666667	2223.4401847	4	0	0					
P16	1	0	2082	12.2295869356	0.415946205572	0.00410183429695	0.00050669316269	986.953732354	935	0.12462889919	309.11308255	29.4919786096	2070.20243634	4	0	0					
P17	1	0	2270	37.5215859031	1.47268722467	0.0107201830894	0.00189278069668	1064.39991548	3577	0.122642100094	245.467035735	25.7005870841	1837.9538943	4	0	0					
P18	1	0	2091	10.8029650885	0.284074605452	0.00433302698491	0.000421668765604	1022.23159404	632	0.127706007326	340.615453734	37.8465189873	2211.85183646	4	0	0					
P19	1	0	2182	10.2937671861	0.281851512374	0.00394732543162	0.00044127177435	970.584166579	666	0.122120357503	279.970222354	37.0855855856	1972.82531007	4	0	0					
P20	1	0	2205	26.4798185941	0.951020408163	0.00766916744206	0.00123999979123	1029.19833722	2240	0.120025093674	226.635215815	27.9959821429	1749.29056309	4	0	0					
P21	1	0	2298	10.6431679721	0.32637075718	0.0035895811802	0.000445045457049	933.084326479	814	0.120674906011	274.9394906	32.8525798526	1895.04198387	4	0	0					
P22	1	0	2034	8.99754178958	0.29203539823	0.0032449258358	0.000384841596084	951.473003253	651	0.121124981314	271.52240037	30.9001536098	1850.48715925	4	0	0					
P23	1	0	2163	9.57790106334	0.319926028664	0.0033446947116	0.000414353043918	1049.3901982	750	0.124065339612	305.529959822	30.3933333333	2117.03582303	4	0	0					
P24	1	0	2080	31.8355769231	0.996634615385	0.00896945201333	0.00121508458012	1406.83435746	2271	0.118039388633	323.552389154	32.0457948041	2476.47151526	4	0	0					
