Well	Plane	Timepoint	Cell Selected - Number of Objects	Cell Selected - Total Spot Area - Mean per Well	Cell Selected - Number of Spots - Mean per Well	Cell Selected - Relative Spot Intensity - Mean per Well	Cell Selected - Number of Spots per Area of Cytoplasm - Mean per Well	Cell Selected - Intensity Cytoplasm Mean - Mean per Well	Spots Selected - Number of Objects	Spots Selected - Relative Spot  Intensity - Mean per Well	Spots Selected - Corrected Spot  Intensity - Mean per Well	Spots Selected - Spot Area [px²] - Mean per Well	Spots Selected - Intensity Spot Mean - Mean per Well	Number of Analyzed Fields	Height [µm]	Time [s]	Compound	Concentration	Cell Type	Cell Count	
 A01	1	0	2361	78.0957221516	3.09656925032	0.0262141853615	0.00440535692186	1954.07579964	7953	0.133767237946	466.773574726	25.3460329435	3262.56675952	4	0	0					
 A02	1	0	2185	10.5391304348	0.278718535469	0.00405613422189	0.000331845347521	1536.86050365	644	0.140809706049	620.942983675	38.1071428571	3587.15135074	4	0	0					
 A03	1	0	2407	10.0369754882	0.299542999585	0.00277725807082	0.000360227310995	1127.569791	787	0.124736550675	278.931730054	33.7598475222	2033.57372798	4	0	0					
 A04	1	0	2317	20.8765645231	0.65774708675	0.00640398720974	0.000897359301089	1204.8838892	1614	0.121855431261	291.291357696	32.1579925651	2108.02197845	4	0	0					
 A05	1	0	2418	8.92307692308	0.25682382134	0.00291872834565	0.000343915729027	1112.51551898	665	0.125889132117	309.108566699	35.2210526316	2216.05563611	4	0	0					
 A06	1	0	2433	10.3082614057	0.257706535142	0.00309957638527	0.000318943847546	1077.69148843	677	0.120793443814	297.970980399	40.6277695716	2028.26469165	4	0	0					
 A07	1	0	2429	8.0946891725	0.226018937834	0.00241192066512	0.000281458046576	1034.32672687	596	0.121694487406	322.781065606	36.0033557047	2215.55319873	4	0	0					
 A08	1	0	2372	9.38996627319	0.239038785835	0.00307945345709	0.000314121548977	938.014110648	617	0.126113531888	282.33437711	39.9027552674	1895.47477714	4	0	0					
 A09	1	0	2460	9.91991869919	0.294715447154	0.00380893163803	0.000373251794573	1019.0475093	777	0.129437292728	438.409422648	34.3564993565	2860.72446364	4	0	0					
 A10	1	0	1541	36.3374432187	1.17456197274	0.0094975617826	0.00146010882401	1095.37008346	1945	0.118976848712	227.312890905	31.2827763496	1791.77824785	3	0	0					
 A11	1	0	2279	10.1917507679	0.278630978499	0.0034941073907	0.000343210638152	980.579746402	678	0.12779929547	342.406193341	36.9085545723	2153.17127598	4	0	0					
 A12	1	0	2335	8.78115631692	0.249678800857	0.00272460568682	0.000311136947784	917.80302297	635	0.120853478045	253.443292642	35.1196850394	1785.89833937	4	0	0					
 A13	1	0	2418	7.93217535153	0.239040529363	0.00271713982329	0.000296885382772	924.193370189	611	0.126612302963	303.51961858	33.5826513912	1984.41651078	4	0	0					
 A14	1	0	2349	4.55725840783	0.122605363985	0.00167705296269	0.000166824227754	918.795755483	321	0.131050593562	299.403814453	37.9127725857	1890.38940952	4	0	0					
 A15	1	0	2478	9.05690072639	0.238498789346	0.00260799707027	0.000295303171626	942.637572579	634	0.122200690349	258.19903809	38.5552050473	1853.96997675	4	0	0					
 A16	1	0	2460	8.49146341463	0.231300813008	0.00324431754594	0.000302240503285	1020.39355644	633	0.130682105283	390.878372577	37.1090047393	2437.41873533	4	0	0					
 A17	1	0	2413	62.60132615	2.42768338168	0.0205236551097	0.00332619750321	1222.76008287	6323	0.131689803712	311.968147608	26.0544045548	2174.27536063	4	0	0					
 A18	1	0	2376	8.67045454545	0.260942760943	0.00294175833892	0.000330364221863	978.040041323	670	0.124544036228	318.920022284	34.1014925373	2145.26434608	4	0	0					
 A19	1	0	2393	9.1312160468	0.279565399081	0.00321809463849	0.000363233967432	924.285251401	715	0.127840482143	293.275357356	32.7174825175	1985.05078895	4	0	0					
 A20	1	0	2255	8.79955654102	0.247450110865	0.00294564439317	0.000320942754129	927.820748079	604	0.121555032805	304.25814537	35.9635761589	1987.89164261	4	0	0					
 A21	1	0	2289	8.66491917868	0.243337702053	0.00286818404442	0.000310830008243	1050.95787991	610	0.1262973131	312.42041788	35.6245901639	2098.54700272	4	0	0					
 A22	1	0	2301	8.84398087788	0.251195132551	0.00319104141486	0.000319749491807	941.749117001	638	0.125960501876	328.259658351	35.0532915361	2053.39115945	4	0	0					
 A23	1	0	1931	131.061108234	6.21387881926	0.0628892838457	0.00917185426675	1838.67793616	12932	0.156053994157	561.818356056	21.3950665017	3366.31561521	4	0	0					
 A24	1	0	2205	9.58548752834	0.275283446712	0.00334322541437	0.000345279566678	1058.67243997	652	0.130486605799	398.749179128	34.7039877301	2494.12886203	4	0	0					
 B01	1	0	2248	121.078736655	5.08096085409	0.0585036895411	0.00759356145493	1799.54213332	12296	0.154694881874	544.339684341	24.0642485361	3277.46568295	4	0	0					
 B02	1	0	2396	8.54048414023	0.233305509182	0.0032603497013	0.000306870931699	983.762596968	617	0.129077148943	347.574544782	37.453808752	2228.39697704	4	0	0					
 B03	1	0	2340	9.17179487179	0.27094017094	0.00350418375277	0.000373362216966	1047.211535	693	0.128287501288	333.797213489	34.5151515152	2164.5321649	4	0	0					
 B04	1	0	2213	17.8418436512	0.547220967013	0.00617124291275	0.000755535826778	1015.47117724	1298	0.122013903018	301.08382179	32.8004622496	2155.23226239	4	0	0					
 B05	1	0	2390	7.04309623431	0.210878661088	0.00243945447822	0.000284141097542	953.589449325	556	0.121428922105	282.597525943	33.9244604317	1953.71505022	4	0	0					
 B06	1	0	2352	10.7049319728	0.281462585034	0.00375635250814	0.000385769781343	941.695968013	707	0.121892708264	294.187726413	37.9674681754	1962.55185471	4	0	0					
 B07	1	0	2311	8.6447425357	0.231501514496	0.00278239690037	0.000303592745491	960.604079111	581	0.126183723013	289.172760993	37.6247848537	1962.72140992	4	0	0					
 B08	1	0	1613	8.98326100434	0.231246125232	0.00317653228868	0.000304881785253	975.614798131	396	0.127683708872	307.204977614	39.0580808081	1980.62748003	3	0	0					
 B09	1	0	2351	9.3547426627	0.244151424926	0.0033798383834	0.000322614737484	1017.66750736	628	0.128246254013	355.894437406	38.7261146497	2298.8853235	4	0	0					
 B10	1	0	1880	4.92287234043	0.0585106382979	0.000941022452951	6.30226846973E-05	4755.20924556	131	0.125090386869	1215.31735645	84.3664122137	8494.33868881	4	0	0					
 B11	1	0	2208	8.04846014493	0.238224637681	0.0027751076164	0.000322397939812	938.233487862	571	0.127964953497	292.610957913	34.4098073555	1925.31458361	4	0	0					
 B12	1	0	2176	8.21920955882	0.252757352941	0.00279839871786	0.000339139878179	979.31444819	597	0.123529900685	294.178264428	33.0385259631	2011.00838691	4	0	0					
 B13	1	0	1669	12.7537447573	0.361893349311	0.00348050892762	0.000342847837017	1017.63847588	740	0.128532944532	301.998395093	37.6081081081	2015.03066692	4	0	0					
 B14	1	0	2228	9.58527827648	0.283662477558	0.00294406035729	0.000359296610968	969.579725631	696	0.123910469251	295.018749438	33.8620689655	2046.14490521	4	0	0					
 B15	1	0	2196	9.94763205829	0.279143897996	0.00340527464855	0.000361580216301	950.43672954	657	0.124455576737	289.767851772	35.4459665145	1998.14964907	4	0	0					
 B16	1	0	2262	8.17904509284	0.247126436782	0.00259622019968	0.000319762772307	960.958217817	598	0.124255005227	266.922348757	33.7842809365	1831.54942414	4	0	0					
 B17	1	0	2179	9.68425883433	0.289582377237	0.00308729027769	0.00039094533273	1050.02396629	680	0.123545750633	284.467777802	33.9470588235	1979.06762297	4	0	0					
 B18	1	0	2276	9.44903339192	0.281634446397	0.00424149202461	0.000375878398401	1035.35834366	692	0.134337397194	547.107819644	33.8815028902	3138.97934862	4	0	0					
 B19	1	0	2347	8.13677034512	0.239454622923	0.00284935439289	0.000317463756058	917.1668377	592	0.125789689724	284.60676189	33.9408783784	1875.67722419	4	0	0					
 B20	1	0	2439	8.89626896269	0.272242722427	0.0031531658937	0.000349399155885	1027.10403817	716	0.130194669917	356.935291012	32.6480446927	2249.59134061	4	0	0					
 B21	1	0	2353	8.15554611135	0.24776880578	0.00285373302481	0.000324803675331	955.877987712	629	0.123834014794	314.818429792	33.1001589825	2135.95597272	4	0	0					
 B22	1	0	2152	9.11059479554	0.297862453532	0.00337009144769	0.000379690418331	950.110956409	698	0.130877837131	328.24701597	31.223495702	2082.24531796	4	0	0					
 B23	1	0	2046	136.411534702	5.58015640274	0.0656398680028	0.00827311177875	1914.94467186	12346	0.154636282987	577.685457904	24.6843512069	3455.84832876	4	0	0					
 B24	1	0	2025	10.9990123457	0.286419753086	0.0042117900798	0.000343384302744	1066.05819187	637	0.136769068052	465.11098312	39.2433281005	2789.85232625	4	0	0					
 C01	1	0	2502	128.768185452	5.44804156675	0.0656129149628	0.00859684312619	2102.61291001	14555	0.154891116419	621.740043711	23.8122981793	3746.35376342	4	0	0					
 C02	1	0	2385	7.36645702306	0.230188679245	0.00250675446586	0.000308504015055	956.473055774	586	0.122742089452	277.595897997	32.9846416382	1903.46190984	4	0	0					
 C03	1	0	1036	14.8310810811	0.246138996139	0.0077096184358	0.000412826342836	921.783530018	276	0.150157080548	367.799776643	59.7391304348	2155.11765637	4	0	0					
 C04	1	0	2403	9.47565543071	0.276737411569	0.00339869692888	0.000353577119487	954.388478359	716	0.125874328171	316.753712794	34.1480446927	2077.16461963	4	0	0					
 C05	1	0	2257	8.87815684537	0.23526805494	0.00355776388123	0.000322961697188	1006.98157142	585	0.128591521419	417.518484431	38.4632478632	2576.43517815	4	0	0					
 C06	1	0	2407	9.6589115081	0.260074781886	0.00370445236056	0.00034395088009	1103.09927195	686	0.122770830526	368.225821889	37.4052478134	2339.54251486	4	0	0					
 C07	1	0	2154	9.51114206128	0.262766945218	0.00323880870378	0.000321079691304	1016.80100053	616	0.12841719074	375.192531831	36.9788961039	2324.63666123	4	0	0					
 C08	1	0	2370	9.01097046414	0.244303797468	0.00310050262358	0.000313856128116	982.722494916	623	0.128139746263	329.01343006	37.3242375602	2073.68002963	4	0	0					
 C09	1	0	2299	10.4010439321	0.310569812962	0.00394967544415	0.000405086263592	987.82311644	777	0.126753289837	370.685936414	33.9601029601	2370.94922429	4	0	0					
 C10	1	0	2255	9.95654101996	0.259423503326	0.00326566270574	0.000332484988617	955.047875291	645	0.125210470638	306.776934627	38.888372093	2025.52349248	4	0	0					
 C11	1	0	2169	8.61595205164	0.254495159059	0.00287867940747	0.000320182755478	1014.45435938	618	0.125535212799	352.571483414	33.998381877	2402.71152956	4	0	0					
 C12	1	0	2308	10.4887348354	0.298960138648	0.00327014754864	0.000378806432678	974.672822821	738	0.122893022836	304.945867286	35.4512195122	2127.20172876	4	0	0					
 C13	1	0	1552	8.23131443299	0.228092783505	0.00335252197853	0.000290642729917	1027.13915861	390	0.130786607707	434.36803303	36.7538461538	2589.52780219	3	0	0					
 C14	1	0	2408	9.82392026578	0.269102990033	0.00342018350727	0.000357822035982	950.662873707	693	0.124337088845	290.829382452	36.6219336219	1924.1287637	4	0	0					
 C15	1	0	2273	11.0690717114	0.325560932688	0.00293196300264	0.000385689273712	927.819811681	795	0.116249191673	239.151579188	34.1886792453	1790.83970021	4	0	0					
 C16	1	0	2278	8.70149253731	0.262071992976	0.00295392737342	0.000357911850524	947.348985792	653	0.12195851798	286.636152487	33.3736600306	1889.440971	4	0	0					
 C17	1	0	2366	7.90067624683	0.229923922232	0.00254186518567	0.000291811591092	1160.81296832	582	0.12416163906	327.404604569	34.3608247423	2289.58131441	4	0	0					
 C18	1	0	2392	9.01254180602	0.255434782609	0.00333531174995	0.000341967653924	959.45556389	655	0.127225899061	295.333041315	35.427480916	1925.71834323	4	0	0					
 C19	1	0	2455	9.57963340122	0.271690427699	0.00302694174833	0.000366598972956	954.077208068	721	0.120732948351	284.643753576	35.613037448	1988.33925162	4	0	0					
 C20	1	0	2370	8.14852320675	0.244303797468	0.00303646290134	0.000329666022977	984.329498748	637	0.122717877177	344.245392008	33.7739403454	2212.68545485	4	0	0					
 C21	1	0	2255	7.69578713969	0.250997782705	0.00233899995352	0.0003344185278	931.233246159	611	0.120245409927	237.963488531	31.2913256956	1749.56046081	4	0	0					
 C22	1	0	2182	9.23327222731	0.301099908341	0.00340271722958	0.000402506793005	962.862218074	716	0.128640682846	311.279016513	30.6410614525	2025.31384214	4	0	0					
 C23	1	0	1855	140.250673854	5.68301886792	0.0732209159812	0.00890967423693	2177.50426725	11465	0.15724261648	660.526591579	24.8141299608	3918.69178816	4	0	0					
 C24	1	0	2359	9.46375582874	0.284442560407	0.00296737026771	0.000346915856828	940.773588002	732	0.120878329561	302.910892754	33.6147540984	1962.20051612	4	0	0					
 D01	1	0	2330	108.591845494	4.47811158798	0.0525935046844	0.0067209773239	2137.63587704	11442	0.150022245388	670.411747125	24.534871526	4132.03701719	4	0	0					
 D02	1	0	2437	85.933114485	4.02708247846	0.0319195951603	0.00579736451153	1420.2568253	10650	0.14111134903	372.606319822	21.4679812207	2465.0341715	4	0	0					
 D03	1	0	2352	9.01147959184	0.277210884354	0.00292471776559	0.000347768816931	958.318299195	704	0.125844102504	290.205893975	33.0085227273	1935.38639751	4	0	0					
 D04	1	0	2351	9.53721820502	0.274351339855	0.00329112633717	0.000357674340376	957.467033852	688	0.124834097387	307.668781557	34.9709302326	2052.41731503	4	0	0					
 D05	1	0	2542	13.333595594	0.411880409127	0.00466507918713	0.000534260576917	1018.43872674	1117	0.122973669444	306.131111339	33.1665174575	2062.1020146	4	0	0					
 D06	1	0	2349	11.1979565773	0.310344827586	0.00404599561911	0.000394950670829	981.211825584	783	0.129884579876	366.306049669	36.3614303959	2298.62957415	4	0	0					
 D07	1	0	2097	9.03195040534	0.230329041488	0.00342348520865	0.000275454664462	912.901107737	531	0.134905804276	353.267817271	39.2184557439	2049.87495686	4	0	0					
 D08	1	0	1189	44.2304457527	1.74684608915	0.0096322049681	0.000796788585911	1165.73903349	2935	0.143855312335	917.614278021	23.7008517888	5728.47985331	4	0	0					
 D09	1	0	2270	11.0911894273	0.33127753304	0.00344631265762	0.000423345124436	992.425967491	813	0.121518459789	279.347600854	34.2976629766	1945.98775795	4	0	0					
 D10	1	0	1504	10.9401595745	0.287234042553	0.0029355744743	0.000222657164371	916.36036208	477	0.136555323412	386.475580079	38.5953878407	2153.34633524	4	0	0					
 D11	1	0	2139	10.1173445535	0.335203366059	0.00339993730268	0.000405387206198	971.780090805	777	0.127978881376	298.326919481	30.4568854569	2011.17028441	4	0	0					
 D12	1	0	2108	8.07115749526	0.249525616698	0.0025439133048	0.000322949030772	943.859877181	581	0.122432665507	256.388295991	32.7332185886	1806.65222952	4	0	0					
 D13	1	0	2072	8.95463320463	0.248069498069	0.00309723709546	0.000318028529982	956.36034013	558	0.127628007251	341.261909608	36.2580645161	2217.33399204	4	0	0					
 D14	1	0	2517	15.2228843862	0.58680969408	0.00495965683366	0.00077365214774	954.461125999	1604	0.121644717112	247.359392788	26.2524937656	1798.22140097	4	0	0					
 D15	1	0	1284	5.56308411215	0.126168224299	0.00278164041302	0.000131681122417	865.127064746	177	0.165531760716	491.37737561	43.6384180791	2436.14915067	4	0	0					
 D16	1	0	2307	9.23103597746	0.283051582141	0.00332906811965	0.000385982592879	923.993654736	701	0.126395536082	292.444718229	32.6148359486	1915.31461171	4	0	0					
 D17	1	0	2235	9.72304250559	0.329306487696	0.00321909403256	0.000453271025671	949.953002687	790	0.120426619065	274.693430336	29.8126582278	1952.145012	4	0	0					
 D18	1	0	2308	8.59228769497	0.28596187175	0.00257000969099	0.000364905294699	954.296617766	713	0.118598956217	259.985026065	30.3197755961	1918.18317686	4	0	0					
 D19	1	0	2411	10.9858979676	0.310244711738	0.00365175267972	0.000398553246993	934.49118608	818	0.120709134904	287.902709019	36.0770171149	1994.25728465	4	0	0					
 D20	1	0	2232	8.01478494624	0.227598566308	0.00307692816692	0.000294867245029	953.539512233	546	0.124703661525	310.222605667	35.6263736264	1995.10213389	4	0	0					
 D21	1	0	2394	10.1558061821	0.305346700084	0.00306970631443	0.000408648247506	930.983921911	772	0.120983685092	253.971215344	33.6943005181	1815.18261896	4	0	0					
 D22	1	0	2374	8.38458298231	0.261583824768	0.00261022797411	0.00035886282082	932.314951389	682	0.120306357931	248.782417698	32.2038123167	1736.520219	4	0	0					
 D23	1	0	2172	102.592081031	4.68508287293	0.0426570678361	0.00652656761819	1656.98767173	11043	0.145653466899	492.968356264	22.0656524495	3147.07960774	4	0	0					
 D24	1	0	1962	112.631498471	5.09225280326	0.0488596175085	0.00739584675939	1718.75862012	10821	0.149289496011	494.588150365	22.2901765086	3087.68643528	4	0	0					
 E01	1	0	2451	64.6613627091	2.07547939616	0.0229155239786	0.00295399859835	1309.23449609	5519	0.125887741518	321.664699673	31.3288639246	2410.48500528	4	0	0					
 E02	1	0	1728	134.620949074	5.58680555556	0.067579101136	0.00812220245243	1840.78463582	10376	0.158922902641	589.265305717	24.3493639167	3446.02021912	4	0	0					
 E03	1	0	2316	9.05138169257	0.246977547496	0.00312325043513	0.000338037351934	976.693063017	616	0.122570979456	280.292581026	36.5211038961	1896.72524582	4	0	0					
 E04	1	0	2300	9.24217391304	0.283043478261	0.00331626181569	0.000360580163783	980.566521365	701	0.124678500973	335.98267113	33.3808844508	2217.81938213	4	0	0					
 E05	1	0	2376	10.2411616162	0.263468013468	0.00333449455901	0.000336757001804	951.579051276	683	0.124598078985	291.100313842	39.1522693997	1969.38575464	4	0	0					
 E06	1	0	2334	9.26306769494	0.266923736075	0.00292171450166	0.000347717017239	980.071164289	675	0.121118453721	275.999461331	34.4918518519	1932.98335835	4	0	0					
 E07	1	0	2450	9.07551020408	0.238367346939	0.00293813023062	0.000301231778184	984.422846798	632	0.123061241111	281.597316406	38.8955696203	1878.4292886	4	0	0					
 E08	1	0	2304	11.8333333333	0.312934027778	0.00401375346532	0.000393644924012	981.839361565	800	0.125848299152	303.359454654	38.44375	1951.22441161	4	0	0					
 E09	1	0	2416	9.98344370861	0.268625827815	0.00306734579619	0.000346443170912	958.14046821	714	0.11950254808	256.863823962	37.5476190476	1886.24570723	4	0	0					
 E10	1	0	2108	13.1129032258	0.388045540797	0.00420636998412	0.000468993722008	1030.24739564	876	0.125387878276	308.733551663	34.149543379	2082.52591421	4	0	0					
 E11	1	0	2196	9.82058287796	0.283697632058	0.00352122470697	0.000354436642699	971.772855839	664	0.128210272771	322.221428231	34.6460843373	2069.68279049	4	0	0					
 E12	1	0	2206	11.4705349048	0.331368993654	0.00396858093419	0.000417588436638	979.670423373	779	0.127321607009	364.966953866	34.6944801027	2383.8016228	4	0	0					
 E13	1	0	1933	10.9115364718	0.325400931195	0.00426549588869	0.000486028933529	966.55221657	682	0.126547576517	305.334277471	33.3372434018	1998.40272576	4	0	0					
 E14	1	0	2275	9.78901098901	0.298901098901	0.00327806709438	0.000367054939343	985.200909884	745	0.124468019957	296.638988638	33.055033557	1991.96084522	4	0	0					
 E15	1	0	2398	9.68849040867	0.293577981651	0.00339787663816	0.000393252682656	1006.63672052	756	0.124030683124	309.853467506	33.1216931217	2085.1330201	4	0	0					
 E16	1	0	2266	9.3786407767	0.28905560459	0.00300728858941	0.000375356288576	965.459213447	705	0.1240803222	271.708924071	32.9219858156	1852.1796492	4	0	0					
 E17	1	0	2281	9.5405523893	0.276633055677	0.00364568897857	0.000342678428772	946.333987253	677	0.127199590982	348.443486282	34.753323486	2267.24539102	4	0	0					
 E18	1	0	2467	9.01824077827	0.299554114309	0.00309042477936	0.000410185241656	913.595344605	794	0.121974385231	245.972483852	30.604534005	1740.8109882	4	0	0					
 E19	1	0	2352	9.3125	0.306547619048	0.00310683489411	0.000400601666919	989.563982311	782	0.122427331417	281.806325557	30.7915601023	2005.41837054	4	0	0					
 E20	1	0	2363	10.5983918747	0.27041895895	0.00364799137877	0.000351915466776	954.77929287	685	0.122531030072	275.601407252	39.0554744526	1881.5741554	4	0	0					
 E21	1	0	2238	16.3261840929	0.570151921358	0.00560639305613	0.000752852607583	963.216916707	1403	0.123945728134	282.8555248	28.6906628653	1919.69180456	4	0	0					
 E22	1	0	2233	9.47872816838	0.306762203314	0.00294825019325	0.000393726067632	916.602322813	742	0.120454847556	234.859932225	30.9191374663	1744.89241126	4	0	0					
 E23	1	0	2270	56.8449339207	2.16035242291	0.0184250804621	0.00285977760534	1321.46317309	5301	0.125029560724	329.881711013	26.5963025844	2413.18905918	4	0	0					
 E24	1	0	1934	133.831954498	5.51758014478	0.0594476988865	0.00789274144983	2179.18061786	11460	0.151264625417	631.327794887	24.4644851658	3868.84665409	4	0	0					
 F01	1	0	2402	8.22398001665	0.212323064113	0.00269217038148	0.000285948986509	943.804584366	554	0.119443836618	251.338499362	38.9422382671	1844.43008688	4	0	0					
 F02	1	0	2083	144.568410946	5.7734037446	0.0800537648173	0.00924029662399	2209.94614236	13036	0.161949810819	700.663884783	25.0255446456	4038.65621284	4	0	0					
 F03	1	0	2430	11.5115226337	0.356378600823	0.00364395392451	0.000473050865581	983.449559762	936	0.12049310938	267.289119942	32.7403846154	1965.50318865	4	0	0					
 F04	1	0	2199	9.00318326512	0.273306048204	0.00315231217706	0.000370088620987	939.976155182	655	0.12205722356	257.262006479	32.8503816794	1797.27050734	4	0	0					
 F05	1	0	2270	10.5255506608	0.267400881057	0.00363746881331	0.00034312371031	1017.2089327	650	0.127963527922	359.64000378	39.4938461538	2310.5534181	4	0	0					
 F06	1	0	2260	10.0194690265	0.26592920354	0.00360934337859	0.000348555052702	980.369042551	661	0.125907238944	310.278026205	37.9531013616	2066.01452692	4	0	0					
 F07	1	0	2015	12.5841191067	0.335483870968	0.00351875176983	0.000389902468413	965.640745322	748	0.120805126974	270.420058506	37.8088235294	1895.64896819	4	0	0					
 F08	1	0	2195	9.76810933941	0.273348519362	0.00323800263589	0.000349719822924	977.746071672	658	0.124222183003	304.450524348	35.6079027356	2009.25546933	4	0	0					
 F09	1	0	2388	8.31323283082	0.231574539363	0.0025964500985	0.000305462411592	1029.97375629	606	0.121207195502	266.708907418	35.7755775578	1957.32747116	4	0	0					
 F10	1	0	2304	10.1072048611	0.287760416667	0.00379206953762	0.000373587433311	1007.14268855	721	0.126901780717	362.740520487	35.0568654646	2313.43945528	4	0	0					
 F11	1	0	2343	8.74178403756	0.256508749466	0.00312684186244	0.000334497953264	991.639062891	655	0.126301777866	327.902068878	34.8854961832	2106.37571767	4	0	0					
 F12	1	0	2382	9.66246851385	0.267422334173	0.00332816885743	0.000371489618565	981.43633235	693	0.118890752436	322.091363527	36.5108225108	2226.20312562	4	0	0					
 F13	1	0	1078	7.02133580705	0.121521335807	0.0042582644518	0.000166810956344	898.494498148	144	0.17023859177	580.184618539	57.4305555556	2677.09751648	4	0	0					
 F14	1	0	2298	11.7980852916	0.372932985205	0.00439712854458	0.000477459378265	970.306044183	943	0.127730249827	330.802814672	32.1823966066	2093.17494191	4	0	0					
 F15	1	0	2240	13.7357142857	0.500892857143	0.00421094326184	0.000630212724848	977.519606358	1233	0.118896657428	258.890014697	27.8345498783	1894.79596865	4	0	0					
 F16	1	0	2276	9.35588752197	0.279876977153	0.00320608204781	0.000376105860354	957.565242842	692	0.122334308804	294.666865933	34.2485549133	1996.01890146	4	0	0					
 F17	1	0	2119	9.55214723926	0.256724870222	0.00349582308237	0.000322864932455	965.980408361	590	0.125880636327	343.099172073	37.786440678	2213.36810058	4	0	0					
 F18	1	0	2273	48.3686757589	2.11966564012	0.0148307369715	0.00287998196022	1100.08507548	5230	0.126380376511	258.096664736	23.0481835564	1899.70901933	4	0	0					
 F19	1	0	2400	11.3429166667	0.38375	0.00343707639897	0.000475887224699	926.935036751	992	0.119155421067	254.82502393	29.4768145161	1829.2781548	4	0	0					
 F20	1	0	2021	9.66996536368	0.255319148936	0.00301941514521	0.000335873271003	941.012856086	575	0.120203265672	254.752914421	37.532173913	1792.34145648	4	0	0					
 F21	1	0	2114	8.29564806055	0.247871333964	0.00270828356143	0.000304259360167	910.378529424	565	0.120815270409	289.812514576	34.0849557522	2025.5206644	4	0	0					
 F22	1	0	2252	8.89298401421	0.284191829485	0.00279127877126	0.000360646172449	907.045065657	704	0.119508575714	248.107361333	32.2201704545	1765.74126302	4	0	0					
 F23	1	0	2272	7.5	0.237676056338	0.00217662487509	0.000300898334246	955.085952159	592	0.121364206914	275.96266554	31.4864864865	1866.30936908	4	0	0					
 F24	1	0	2014	89.5883813307	3.83267130089	0.0310382622338	0.00517360356669	1915.88912528	8466	0.137611118344	493.082167609	23.5777226553	3337.13537718	4	0	0					
 G01	1	0	2408	8.77699335548	0.224667774086	0.00298228701722	0.000277265247378	926.940203839	574	0.122833449439	309.715475789	39.2700348432	2070.30480209	4	0	0					
 G02	1	0	2021	136.738743196	5.5952498763	0.084514297712	0.00816630506658	2568.25053504	12253	0.165961723259	957.827022468	24.6192769118	5380.36162633	4	0	0					
 G03	1	0	2149	9.39320614239	0.261982317357	0.00317963496366	0.000323864228982	950.398012957	620	0.125492142523	365.088666523	37.4112903226	2419.30512851	4	0	0					
 G04	1	0	2403	8.99625468165	0.271327507283	0.00292549889578	0.000354944455456	946.092946846	711	0.119572194556	249.206898355	33.2573839662	1794.86321442	4	0	0					
 G05	1	0	2606	10.0364543361	0.285495011512	0.00320619384823	0.000378675846005	968.341474314	783	0.11871952551	264.378920971	35.319284802	1943.71611882	4	0	0					
 G06	1	0	2295	9.83616557734	0.259259259259	0.00358057630708	0.000340127902172	965.358195008	655	0.126012599524	317.270908392	37.6015267176	2127.68647773	4	0	0					
 G07	1	0	2416	10.1734271523	0.293046357616	0.00382689487592	0.000373174350229	959.986063953	777	0.127189268668	350.37422882	35.1222651223	2201.40375217	4	0	0					
 G08	1	0	2238	63.6559428061	2.59562109026	0.0192659472637	0.00329684154508	1300.67442856	6246	0.125885317288	302.054318581	24.5934998399	2250.19677068	4	0	0					
 G09	1	0	2324	10.2775387263	0.325731497418	0.00386942504468	0.000443359936407	931.901805045	807	0.121949209288	282.24868617	31.5551425031	1939.94463446	4	0	0					
 G10	1	0	2077	9.31054405392	0.283100625903	0.00320242812499	0.000374658478819	990.072934939	644	0.123612244879	279.132435419	32.7655279503	1895.77571868	4	0	0					
 G11	1	0	2180	8.41559633028	0.231651376147	0.00281596772471	0.000292413018979	925.483736511	561	0.124929383439	292.782281325	37.504456328	1940.63990244	4	0	0					
 G12	1	0	1804	10.2588691796	0.295454545455	0.0033709761069	0.000397054583471	948.34427519	577	0.120408102192	267.345339331	35.0017331023	1870.51661677	3	0	0					
 G13	1	0	2372	10.4671163575	0.285834738617	0.00363032597275	0.000367080332031	991.863098855	731	0.125620536205	330.990042926	37.3857729138	2165.67682849	4	0	0					
 G14	1	0	2186	10.3170173833	0.322506861848	0.00332073166213	0.000409752612066	966.185165759	765	0.118632636853	275.777364436	32.0888888889	1949.94653772	4	0	0					
 G15	1	0	2074	11.3269045323	0.326904532305	0.00410446179249	0.000401063478745	999.432801214	747	0.128286718915	370.684888728	34.7215528782	2283.71602817	4	0	0					
 G16	1	0	2358	11.3833757422	0.333757421544	0.00405063941729	0.000439112087621	962.439052713	831	0.126793819745	333.351556553	34.6077015644	2199.35216793	4	0	0					
 G17	1	0	2223	11.6842105263	0.334233018444	0.00395584597352	0.000430863528578	952.016453556	789	0.125612800519	301.29087149	35.2192648923	1967.39830442	4	0	0					
 G18	1	0	2325	11.903655914	0.351827956989	0.00416166981517	0.00043785045329	949.905245678	896	0.12544440869	317.439718979	34.0825892857	2129.43936313	4	0	0					
 G19	1	0	2302	10.7641181581	0.339270199826	0.00354161810695	0.00043461623313	929.74443544	857	0.122488754597	280.170043322	31.8203033839	1928.22074417	4	0	0					
 G20	1	0	2392	11.622909699	0.354933110368	0.0049763114113	0.000460783748608	958.147209109	911	0.12936201508	392.910281223	32.8902305159	2452.74183965	4	0	0					
 G21	1	0	2113	9.70752484619	0.30099384761	0.00288423536902	0.000384867799506	916.267995425	699	0.121114426699	254.626607194	32.4248927039	1769.67888508	4	0	0					
 G22	1	0	2358	9.58439355386	0.301950805768	0.00301918735398	0.000389766144014	903.558682532	784	0.121408152078	248.146300648	31.799744898	1772.02763905	4	0	0					
 G23	1	0	2131	7.75222900047	0.22383857344	0.00242887663686	0.000283979923379	1013.7769883	527	0.122979144956	296.423876945	34.5806451613	1999.03785839	4	0	0					
 G24	1	0	2003	105.07089366	4.64653020469	0.0455003802015	0.00643630583681	1811.04999385	10141	0.145624928921	544.419871387	22.8562271965	3478.80749345	4	0	0					
 H01	1	0	2349	9.8275862069	0.243082162622	0.00345064209178	0.000312941416325	961.211501824	616	0.126412769919	301.464717822	40.1542207792	2010.37763323	4	0	0					
 H02	1	0	2328	44.6653780069	1.42482817869	0.0139145794428	0.00191538124052	1151.00130338	3575	0.123316983985	268.111412219	31.4967832168	2022.67545384	4	0	0					
 H03	1	0	2391	10.1798410707	0.289836888331	0.00370866173062	0.000397847758712	956.138823884	755	0.122908387704	281.796945629	35.2900662252	1933.93528381	4	0	0					
 H04	1	0	2276	9.91827768014	0.2539543058	0.00329400829865	0.000320596032968	974.362445276	622	0.123185300426	284.807783874	39.5128617363	1956.71393034	4	0	0					
 H05	1	0	2313	11.0903588413	0.297881539127	0.00386494922479	0.000385528195448	993.592559382	742	0.123225796479	338.250906711	37.5053908356	2299.26476581	4	0	0					
 H06	1	0	2348	12.7448892675	0.340289608177	0.00377809755722	0.000436551466246	981.742286929	867	0.118717676618	254.134943552	37.3183391003	1852.21057966	4	0	0					
 H07	1	0	2300	10.44	0.282173913043	0.00370966197853	0.000371165511527	936.716061504	691	0.124777486198	304.335700045	37.2214182344	2045.24622156	4	0	0					
 H08	1	0	2422	10.985136251	0.350123864575	0.00338352960046	0.000461153615192	972.029202304	904	0.122637376005	278.938396077	31.4811946903	1992.26236204	4	0	0					
 H09	1	0	2371	9.3985660059	0.258118937157	0.00398878749152	0.000341154861985	984.076257033	672	0.131037113817	399.543324032	37.0639880952	2409.93471499	4	0	0					
 H10	1	0	2208	9.72871376812	0.328804347826	0.00343776169014	0.000435836169747	979.456848	794	0.124212737689	274.365967851	29.7279596977	1881.31148266	4	0	0					
 H11	1	0	1699	11.7015891701	0.308416715715	0.00370452752424	0.000377024480438	975.942560877	572	0.125175111007	331.506664474	38.2377622378	2210.8584749	3	0	0					
 H12	1	0	2149	10.7473243369	0.304792926943	0.00330849176736	0.000378892349179	934.169993501	723	0.124131930041	277.137495282	35.7233748271	1901.98722323	4	0	0					
 H13	1	0	1179	71.6988973707	2.61323155216	0.0410253200832	0.00396956295398	1617.99900085	3322	0.160875009146	650.737866861	27.6628537026	3452.83750309	4	0	0					
 H14	1	0	2281	10.8947829899	0.344147303814	0.00418288572093	0.000443924613825	978.671677685	856	0.127492078132	351.833513733	31.6273364486	2291.05490542	4	0	0					
 H15	1	0	2253	8.87971593431	0.280958721704	0.00272119490647	0.000362683256682	943.409608008	697	0.12026089859	240.156149384	31.6714490674	1748.17093408	4	0	0					
 H16	1	0	2161	10.6561776955	0.326237852846	0.00336466188721	0.00040304315473	957.882032212	767	0.120971714324	287.851111461	32.5162972621	2017.38291905	4	0	0					
 H17	1	0	2085	9.99520383693	0.295443645084	0.0036470533151	0.000396847072291	957.22303049	673	0.128156518234	312.990768123	34.0430906389	2092.15516517	4	0	0					
 H18	1	0	2186	10.2676120769	0.320677035682	0.00317276853408	0.00039897782638	931.573187411	761	0.121669300134	279.862217677	32.3258869908	1978.71888225	4	0	0					
 H19	1	0	2326	10.53783319	0.340928632846	0.00320442933307	0.000424110432254	935.373369997	873	0.122515284243	263.596719036	31.0652920962	1870.16638708	4	0	0					
 H20	1	0	2224	9.46447841727	0.250449640288	0.00305744049809	0.000319984110097	916.585467182	628	0.12299305927	318.079049541	37.7165605096	2215.03914	4	0	0					
 H21	1	0	2096	11.1288167939	0.364503816794	0.00397411559106	0.000434665898574	957.603388231	842	0.13187588128	375.492579503	30.5071258907	2300.46792366	4	0	0					
 H22	1	0	2169	10.8340248963	0.348086675888	0.00365726715421	0.00043266024557	911.967923337	809	0.124067717714	300.748275304	31.1211372064	2038.20275295	4	0	0					
 H23	1	0	2248	10.5840747331	0.334519572954	0.00366880733975	0.000435998717151	926.35938335	825	0.121877882124	269.545088877	32.0193939394	1877.48492802	4	0	0					
 H24	1	0	2110	42.6331753555	1.57772511848	0.0119537137071	0.0020474685584	1114.33665568	3623	0.120854914935	249.359990162	27.450731438	1926.65474	4	0	0					
 I01	1	0	2090	82.3066985646	3.58803827751	0.0300556715541	0.0049594891175	1375.31628821	8076	0.140803758481	365.111462729	23.1628281327	2414.55929501	4	0	0					
 I02	1	0	2234	8.5993733214	0.222470904208	0.00266296670239	0.000284353948514	995.690940577	539	0.122601797771	345.141949356	39.1651205937	2425.89031083	4	0	0					
 I03	1	0	2098	10.3193517636	0.256434699714	0.00357689963732	0.000335239802285	977.876142608	597	0.124556829046	363.584627716	40.3852596315	2287.40832791	4	0	0					
 I04	1	0	2269	10.0251211988	0.281181137065	0.00329257194375	0.000351385220079	1017.96863321	692	0.125693946097	335.968882523	35.9219653179	2234.95536033	4	0	0					
 I05	1	0	2222	9.82223222322	0.30198019802	0.00360211440198	0.000367697948259	1044.10408994	728	0.128868341872	364.39555151	32.8667582418	2250.86767625	4	0	0					
 I06	1	0	984	8.38008130081	0.190040650407	0.00375685452815	0.000225315012565	909.450923407	203	0.161892851704	404.278921899	44.9014778325	2186.81568041	4	0	0					
 I07	1	0	1771	14.7679277244	0.38170525127	0.00513523388011	0.000549102443866	994.876669293	714	0.124359488884	294.290919027	38.7927170868	2016.80907375	4	0	0					
 I08	1	0	2158	9.67794253939	0.325301204819	0.0031642138337	0.00041685932766	966.611315629	764	0.124639777467	311.614045861	29.9869109948	2004.00874532	4	0	0					
 I09	1	0	2110	11.5725118483	0.341232227488	0.00410391307456	0.000425567518549	1029.29308313	788	0.126543916333	345.181820141	34.6789340102	2225.00006798	4	0	0					
 I10	1	0	2113	9.31897775674	0.302886890677	0.0029642003009	0.000375818309187	976.542621169	704	0.125434054137	272.235864725	31.0767045455	1850.90137457	4	0	0					
 I11	1	0	2222	9.62106210621	0.220072007201	0.00291660832031	0.00027843916453	987.189410692	532	0.121670591123	293.330188409	43.7142857143	2059.56539359	4	0	0					
 I12	1	0	2186	10.296431839	0.296431838975	0.0032722035668	0.000380086090668	981.055860825	711	0.124419142315	305.493220872	34.9254571027	2097.39198565	4	0	0					
 I13	1	0	2237	11.0192221726	0.326776933393	0.00348536416222	0.000388192741803	964.892300657	797	0.123447509884	310.688968406	34.1292346299	2049.5302793	4	0	0					
 I14	1	0	2216	10.7915162455	0.334386281588	0.00378738809004	0.000428158407124	918.243838213	814	0.12345240442	282.560258954	32.3955773956	1897.18719309	4	0	0					
 I15	1	0	2231	10.1075750784	0.316898251905	0.00306527152302	0.000406108705893	884.70081624	770	0.120038496683	227.526415744	32.1909090909	1658.93968569	4	0	0					
 I16	1	0	2321	43.7837139164	1.7376130978	0.0151205025826	0.00232122755854	1113.33805637	4359	0.128794375938	301.026032323	25.4801559991	2147.38799326	4	0	0					
 I17	1	0	2321	10.5200344679	0.296854803964	0.00372489969841	0.000387570431114	960.956963282	752	0.12529344213	307.500831861	35.3882978723	2038.442064	4	0	0					
 I18	1	0	2092	10.7433078394	0.333652007648	0.00326248135977	0.000414889826527	951.602796959	750	0.123508219713	278.356909495	32.6573333333	1929.67890789	4	0	0					
 I19	1	0	2221	10.0585321927	0.314272850068	0.00368260042657	0.000408303981824	967.277338062	773	0.124177333292	302.90609658	32.1474773609	2069.49150738	4	0	0					
 I20	1	0	2105	11.4142517815	0.320190023753	0.00374224462931	0.0003996634203	904.741557647	719	0.122619364042	274.011910826	36.1543810848	1865.03142761	4	0	0					
 I21	1	0	2247	12.6479750779	0.361815754339	0.00371594135407	0.000466364463997	898.879412265	890	0.121386679945	239.969347817	35.4505617978	1730.99365343	4	0	0					
 I22	1	0	2284	11.5647985989	0.372154115587	0.00337103252391	0.000480643220258	1045.8010835	905	0.120515846744	270.988589652	31.3635359116	1934.98922307	4	0	0					
 I23	1	0	2076	115.842485549	5.41136801541	0.0510484333089	0.00767653002988	1463.92726669	12083	0.152772053545	448.487791515	21.5885955475	2728.68759545	4	0	0					
 I24	1	0	2139	9.22440392707	0.256661991585	0.00250860315387	0.000345887815772	1080.23987789	607	0.116142130937	236.918886802	36.7298187809	1827.82087756	4	0	0					
 J01	1	0	2334	95.0107112254	3.89545844045	0.035290241632	0.00550275014424	1516.56215655	9755	0.142121559114	405.395640144	24.5529472066	2661.13605362	4	0	0					
 J02	1	0	2288	8.64597902098	0.225961538462	0.00327371201468	0.000292553166308	987.655031801	566	0.126733043295	327.588932525	38.3127208481	2037.7287613	4	0	0					
 J03	1	0	2319	10.1009055627	0.266062958172	0.00287634488167	0.000326334022218	932.255854519	671	0.118535936636	252.985518871	37.5320417288	1853.49824106	4	0	0					
 J04	1	0	2194	9.71330902461	0.271194165907	0.00331727423077	0.000354615046703	934.527080658	627	0.123273293647	279.068352932	35.8771929825	1910.37883684	4	0	0					
 J05	1	0	2338	9.35628742515	0.297690333618	0.00321760346022	0.000369447640336	980.063664689	753	0.123488098296	309.927360325	31.577689243	2021.89692633	4	0	0					
 J06	1	0	2374	10.1748104465	0.324768323505	0.00356939300031	0.000414705781452	975.564656752	830	0.125802696553	302.865553449	31.7180722892	2020.74876135	4	0	0					
 J07	1	0	2190	9.24840182648	0.257534246575	0.00283710073997	0.000339321306889	932.79749972	612	0.120029360851	260.673320369	36.4346405229	1857.47704364	4	0	0					
 J08	1	0	2307	9.99783268314	0.293454703078	0.00301952727892	0.000382190250036	956.435280823	730	0.119579496622	255.915005588	33.798630137	1854.39708145	4	0	0					
 J09	1	0	2186	10.532936871	0.307868252516	0.0033786711764	0.00037945751326	1000.37172104	747	0.124184778515	324.088905077	34.1057563588	2210.63007814	4	0	0					
 J10	1	0	2315	9.84838012959	0.286825053996	0.00392502729307	0.000376499232563	1059.46402064	729	0.1289811423	402.275020172	34.7393689986	2485.19259985	4	0	0					
 J11	1	0	2338	10.2339606501	0.292130025663	0.00399926455149	0.000381993685113	969.402864968	724	0.126079540565	315.638732019	35.2237569061	2025.06530066	4	0	0					
 J12	1	0	2302	10.7667245873	0.310599478714	0.00316740303739	0.000383558949503	963.03227978	773	0.124647545038	256.679015026	34.9715394567	1775.99260301	4	0	0					
 J13	1	0	1765	19.4271954674	0.482152974504	0.0039399367263	0.000434759192598	988.056494295	969	0.122776043309	262.492105465	41.0474716202	1866.32294597	4	0	0					
 J14	1	0	2330	9.8321888412	0.29356223176	0.00312638196611	0.000383995662485	947.509370884	740	0.120996012707	280.377496086	33.6918918919	1929.84294337	4	0	0					
 J15	1	0	2285	10.2433260394	0.297592997812	0.00319400707665	0.000400999916095	943.832786922	728	0.118697891586	236.961314777	34.5068681319	1759.8522519	4	0	0					
 J16	1	0	2163	13.6708275543	0.428571428571	0.0047562547951	0.000554739642892	973.680463449	998	0.123967199763	310.462178954	32.3356713427	2029.12087117	4	0	0					
 J17	1	0	2243	9.46188140883	0.285777975925	0.00272345483979	0.000355781339314	1045.71141013	718	0.119126708076	250.092535727	33.2033426184	1845.73204628	4	0	0					
 J18	1	0	2113	16.9914813062	0.59914813062	0.00546755312302	0.000766278959734	968.580318154	1371	0.124768340107	282.118316671	28.633114515	1995.50222669	4	0	0					
 J19	1	0	1477	14.8564658091	0.394719025051	0.00416757705984	0.00044268110091	943.773776461	635	0.125571639313	266.446702047	38.031496063	1778.97740511	4	0	0					
 J20	1	0	2113	11.0586843351	0.322290582111	0.00348064122107	0.000411533775951	905.020090212	735	0.118771506269	276.506366343	34.1673469388	1932.83039981	4	0	0					
 J21	1	0	1287	4.08236208236	0.0924630924631	0.00147851065317	0.000107050101647	817.39874147	132	0.150084715991	309.745462544	44.9090909091	1812.92358451	4	0	0					
 J22	1	0	2030	121.247783251	5.08620689655	0.0478606531997	0.00691474433211	1476.70465362	11108	0.145189441566	410.862215237	24.0345696795	2639.66842969	4	0	0					
 J23	1	0	2007	121.570004983	5.24314897857	0.0524554543154	0.00727963916988	1478.24196119	11482	0.151165460949	439.010559373	23.4054171747	2695.0363438	4	0	0					
 J24	1	0	2191	9.94888178914	0.278868096759	0.00282433704754	0.000348664728884	1150.55156079	657	0.125609961121	297.621715173	36	2150.65296953	4	0	0					
 K01	1	0	2350	120.906808511	4.55191489362	0.0507616424544	0.00666037655645	1837.31805927	11423	0.147404525895	511.371060519	26.769850302	3211.10023999	4	0	0					
 K02	1	0	2494	8.34081796311	0.230553327987	0.00294778461316	0.000303203950315	949.100447454	615	0.126584971555	283.108783995	36.6959349593	1838.27845868	4	0	0					
 K03	1	0	2231	96.5405647692	3.81577767817	0.0393209270946	0.00511765479491	1443.77344595	9161	0.144717981594	462.037991962	25.423643707	2916.34653138	4	0	0					
 K04	1	0	2265	9.60662251656	0.271081677704	0.00295295964164	0.000326631849408	937.550925079	672	0.123378316268	290.295730402	35.5446428571	1954.29316222	4	0	0					
 K05	1	0	2405	10.0365904366	0.269438669439	0.0035483205743	0.000380459968378	913.364747058	709	0.121973100444	264.62751693	37.6868829337	1796.0131753	4	0	0					
 K06	1	0	2405	11.2898128898	0.304781704782	0.00416292876196	0.000413576854019	1022.47306687	789	0.124483644536	380.080109209	37.1115335868	2574.71527679	4	0	0					
 K07	1	0	2252	9.10746003552	0.307726465364	0.00336101425535	0.000442959107832	951.421649772	745	0.119530345536	265.210396421	29.6523489933	1875.80525587	4	0	0					
 K08	1	0	2364	9.33248730964	0.299915397631	0.00305642920809	0.000388407654746	976.686108379	768	0.12120889772	281.88398398	31.4010416667	1944.73085356	4	0	0					
 K09	1	0	2287	9.16397026672	0.300830782685	0.0030437203762	0.000390828964027	944.729812487	752	0.119986118751	268.742860212	30.5053191489	1894.62307307	4	0	0					
 K10	1	0	2226	10.1392632525	0.2632524708	0.00316641990956	0.000332735561708	1030.54974203	635	0.12264964929	272.239640461	38.1543307087	1875.09483937	4	0	0					
 K11	1	0	2241	9.72066041946	0.284248103525	0.0034965782973	0.000358173341357	972.723154428	712	0.127559133922	338.125272299	34.8679775281	2197.52584191	4	0	0					
 K12	1	0	2314	9.64822817632	0.267070008643	0.00363623491953	0.000344423937334	966.551584929	666	0.125050219067	323.422251135	36.3663663664	2075.4513077	4	0	0					
 K13	1	0	1679	21.0583680762	0.731387730792	0.00502079599016	0.000676443200616	1138.32898937	1349	0.124023302224	282.41114532	29.0778354337	2004.07658811	4	0	0					
 K14	1	0	2401	19.3756768013	0.673885880883	0.00661864731808	0.000920483742217	951.251628927	1750	0.121152150155	272.452540025	29.1394285714	1918.53816984	4	0	0					
 K15	1	0	2383	9.59714645405	0.267310113303	0.00309162957092	0.00038664026007	979.171944269	693	0.12302696077	317.083800448	36.0591630592	2175.10666422	4	0	0					
 K16	1	0	1687	13.9893301719	0.377000592768	0.00559057596149	0.000575765176804	963.528866445	688	0.124903486124	296.069166722	37.449127907	1920.31384102	4	0	0					
 K17	1	0	1805	14.1684210526	0.367313019391	0.0035729778183	0.000397295100983	936.85792151	733	0.12217368539	251.493503584	39.4761255116	1779.78562293	4	0	0					
 K18	1	0	2165	14.0933025404	0.438337182448	0.00481892078995	0.000543009069846	956.446193066	1034	0.12557376444	288.833715938	32.3007736944	1974.17541587	4	0	0					
 K19	1	0	2208	10.1127717391	0.292572463768	0.00336597438378	0.000380649989313	904.272865443	691	0.120431796044	277.556898199	34.8552821997	1919.29751447	4	0	0					
 K20	1	0	2167	86.634056299	3.751730503	0.0302872011583	0.00499174772683	1236.92905345	8849	0.136820417392	328.693818178	23.2537009832	2225.76396144	4	0	0					
 K21	1	0	2183	9.42327072836	0.281722400366	0.00306406370066	0.000366941046483	915.100468856	655	0.121099269075	258.197391311	33.7160305344	1799.24772761	4	0	0					
 K22	1	0	2230	11.6977578475	0.322869955157	0.00364948432503	0.00041399099389	930.662482526	772	0.120629730926	264.595624977	36.3665803109	1896.57857405	4	0	0					
 K23	1	0	2169	117.224988474	5.22683264177	0.0501238489409	0.00734523845611	1567.96333817	12159	0.150819009049	467.087305404	22.5924829345	2869.78959	4	0	0					
 K24	1	0	2219	9.55520504732	0.299233889139	0.00280178761595	0.00037556375142	985.46141479	716	0.119101956004	273.433718576	32.6717877095	1945.1266274	4	0	0					
 L01	1	0	2522	106.791831879	4.36915146709	0.0505473717887	0.00658536092306	2011.77501507	11944	0.150218766729	600.619591133	24.5989618218	3732.56977804	4	0	0					
 L02	1	0	2405	118.913097713	5.1525987526	0.0562123094773	0.00773769470105	1702.09693743	13309	0.155834952184	532.877043911	23.2771057179	3191.08945192	4	0	0					
 L03	1	0	2314	9.16421780467	0.242869490061	0.00296898773467	0.000311300748775	953.715607639	600	0.125319162658	269.977343034	38.0033333333	1824.38800881	4	0	0					
 L04	1	0	2351	9.53253934496	0.248830284985	0.00305901426951	0.000324608823702	939.881615033	632	0.120893625579	283.206367403	38.3876582278	1946.1508619	4	0	0					
 L05	1	0	2430	8.9329218107	0.241975308642	0.00279037776661	0.000312992662591	926.874036604	632	0.121385443702	259.88095474	36.8164556962	1827.69620686	4	0	0					
 L06	1	0	1278	16.7034428795	0.474960876369	0.00376856242034	0.000420685147519	941.359431112	664	0.121553557504	246.324126871	35.7198795181	1703.5509248	4	0	0					
 L07	1	0	2235	9.0966442953	0.284116331096	0.00336914961128	0.000351528071488	950.690948033	689	0.127523780669	317.810037127	31.7619738752	2087.57322789	4	0	0					
 L08	1	0	2203	10.6627326373	0.357240127099	0.00387560266785	0.000489011201798	945.053551996	866	0.125722588124	271.379417026	30.0115473441	1877.85377305	4	0	0					
 L09	1	0	2289	9.26998689384	0.288335517693	0.00313259679104	0.00032207964855	939.25771541	733	0.124513010164	309.320437236	32.1036834925	2059.50081342	4	0	0					
 L10	1	0	2221	10.0549302116	0.302566411526	0.00302092208699	0.000370123694599	962.154764614	733	0.120411214345	307.710369796	33.2974079127	2036.92983361	4	0	0					
 L11	1	0	2179	36.508031207	1.48003671409	0.0215973796031	0.00190703567601	1851.12262626	3531	0.166553705703	939.663982054	24.8065703767	4580.49682761	4	0	0					
 L12	1	0	2290	10.76069869	0.278165938865	0.00402892025173	0.000357198179191	948.560409804	690	0.128889699287	336.489904117	38.8724637681	2168.34521253	4	0	0					
 L13	1	0	2181	12.0596056855	0.319119669876	0.00361278286498	0.000405525592878	965.41752293	756	0.122163000484	278.336524207	37.9828042328	1959.46403052	4	0	0					
 L14	1	0	867	14.0795847751	0.317185697809	0.00516263914896	0.00037435862204	949.334495354	291	0.131173408591	341.825431644	43.7903780069	2091.68627022	4	0	0					
 L15	1	0	2144	22.4025186567	0.752332089552	0.0065978353418	0.00096879195823	977.522575824	1744	0.124187538191	251.324130795	30.3084862385	1806.19934015	4	0	0					
 L16	1	0	2272	10.5347711268	0.290052816901	0.00361241757402	0.000370619510211	977.666433777	715	0.122275341189	322.460509607	36.5440559441	2163.80663687	4	0	0					
 L17	1	0	1955	12.883887468	0.371867007673	0.00473035819265	0.000489934462214	990.408906415	783	0.130112110883	360.215158324	34.8952745849	2305.23884946	4	0	0					
 L18	1	0	2333	8.39091298757	0.236605229318	0.00252191031907	0.000310144193925	951.913900207	588	0.120080598289	247.666257621	35.2806122449	1805.26242901	4	0	0					
 L19	1	0	2434	10.9543960559	0.295809367297	0.00409847912808	0.000385708061612	970.610588821	787	0.125465323861	334.73019791	37.3888182973	2181.07314951	4	0	0					
 L20	1	0	2048	56.8706054688	2.6279296875	0.0179935579555	0.00348935378655	1056.32272031	5818	0.130295986857	258.204342864	21.8202131317	1867.70024563	4	0	0					
 L21	1	0	2161	11.1073577048	0.293845441925	0.00351408620734	0.000372557454996	900.649792865	696	0.121732015446	247.201930597	37.275862069	1720.84761347	4	0	0					
 L22	1	0	2147	139.515603167	5.92314857941	0.0732266741044	0.00871121461863	2116.76597376	13748	0.158958325337	685.937070656	23.8326302008	4044.8913252	4	0	0					
 L23	1	0	1956	108.099182004	4.51124744376	0.0436825397694	0.00614349971504	1508.71147458	9454	0.14608012109	448.922462907	24.1356039772	2863.72141313	4	0	0					
 L24	1	0	1994	102.666499498	4.57121364092	0.0411874399501	0.00649908817692	1588.70137679	9876	0.14616130615	435.743138715	22.678817335	2777.61880043	4	0	0					
 M01	1	0	2284	64.9903677758	2.02714535902	0.0224359761608	0.00285028499228	1317.552261	5001	0.125191708177	322.810715794	32.3763247351	2442.02417398	4	0	0					
 M02	1	0	2096	96.8792938931	4.18511450382	0.0381283320316	0.00582914062375	1473.72795912	9495	0.145466098107	420.228326147	23.3109004739	2678.78118752	4	0	0					
 M03	1	0	2340	8.80042735043	0.250427350427	0.00301306154152	0.000340848008766	1011.8606371	628	0.121674417455	254.967106309	35.1496815287	1807.98139702	4	0	0					
 M04	1	0	2247	8.96083667112	0.259902091678	0.00264288446397	0.000331051665188	958.515629899	639	0.121359958908	262.138004035	34.7214397496	1863.50170056	4	0	0					
 M05	1	0	2325	9.2	0.239139784946	0.00317799560237	0.000314685522206	943.741185154	612	0.121802028591	299.750328433	38.7745098039	2007.34983662	4	0	0					
 M06	1	0	1150	12.5913043478	0.292173913043	0.00413702931348	0.000290478416314	872.701849829	369	0.141589605568	365.504651875	42.9810298103	2036.02356865	4	0	0					
 M07	1	0	1870	9.70374331551	0.280213903743	0.00261152063249	0.000297990678153	924.451068437	559	0.123226759478	259.913275393	34.4865831843	1806.15280183	4	0	0					
 M08	1	0	2225	9.11640449438	0.269213483146	0.00312006957485	0.000348875649899	944.345005495	653	0.124936919735	305.616011219	34.1393568147	2070.59266012	4	0	0					
 M09	1	0	2152	9.57063197026	0.260223048327	0.00292988486241	0.000313543789926	922.069686602	616	0.124068731563	269.154994663	36.2175324675	1806.61875502	4	0	0					
 M10	1	0	869	48.8883774453	1.68124280783	0.010352301406	0.00177192771857	1057.63913969	1570	0.121984485957	219.52217515	29.2917197452	1653.25880765	4	0	0					
 M11	1	0	2211	8.69199457259	0.229308005427	0.00259312983881	0.000290474845209	901.071454687	554	0.119401826649	248.911577907	37.8086642599	1748.49636739	4	0	0					
 M12	1	0	2132	8.71857410882	0.225140712946	0.00243899530263	0.000278504608809	991.581058948	535	0.121554968247	278.964652034	39.3514018692	1970.85225721	4	0	0					
 M13	1	0	2219	9.18792248761	0.257323118522	0.00262413930396	0.000329053642043	924.333814839	620	0.116072147875	255.896013323	36.1241935484	1835.80585472	4	0	0					
 M14	1	0	182	21.456043956	0.373626373626	0.00934806809667	0.000496230828883	933.30466748	77	0.142298489604	502.982104265	56.5194805195	2844.98423195	4	0	0					
 M15	1	0	2298	9.12663185379	0.283724978242	0.00328810010172	0.000351695334286	1019.79512455	696	0.12437314807	342.236212957	32.132183908	2183.43655692	4	0	0					
 M16	1	0	951	14.5226077813	0.233438485804	0.0063775788802	0.000358789591073	906.675993083	244	0.138593840389	366.426111229	63.5368852459	2031.77909251	4	0	0					
 M17	1	0	2167	9.89940009229	0.27503461006	0.00350684245011	0.000351765533978	949.311316266	643	0.126289852254	316.925249905	36.231726283	2086.29936322	4	0	0					
 M18	1	0	2201	10.4093593821	0.348932303498	0.00344022260263	0.000434270007088	911.79701124	836	0.12167652184	249.88690567	29.8552631579	1783.54373457	4	0	0					
 M19	1	0	2198	10.1615104641	0.290718835305	0.00286312208401	0.000356704317026	931.136149381	688	0.119586299003	240.041362208	35.4418604651	1756.58950934	4	0	0					
 M20	1	0	2229	8.85554060117	0.257514580529	0.00290352744141	0.000326897514616	949.97824408	613	0.12475896658	278.719286375	34.9543230016	1895.83481941	4	0	0					
 M21	1	0	2165	10.2004618938	0.280831408776	0.00324858510647	0.000362594163945	963.475660186	649	0.122486323835	264.940150718	36.1987673344	1863.8323379	4	0	0					
 M22	1	0	2027	10.7750370005	0.317217562901	0.0036676888703	0.000411759211837	910.039539297	705	0.124208430322	274.057441445	34.209929078	1854.56879604	4	0	0					
 M23	1	0	2138	59.3077642657	2.02572497661	0.0191850599312	0.00277266811357	1182.56502985	4677	0.124687387065	282.438910324	29.4857814839	2123.19575794	4	0	0					
 M24	1	0	1982	123.267911201	5.15237134208	0.059465470937	0.00772700717934	1790.57178238	11113	0.154341067509	540.859323223	24.1901376766	3250.97811868	4	0	0					
 N01	1	0	2411	8.10452094567	0.214433844878	0.00290579006352	0.000285724041455	982.837407995	566	0.122048801775	320.69278883	38.3268551237	2150.90460628	4	0	0					
 N02	1	0	2208	140.203351449	5.48505434783	0.0773559585331	0.00900986004938	2333.96899442	12937	0.159301812255	687.771387796	25.7748318776	4044.37059843	4	0	0					
 N03	1	0	2255	8.09046563193	0.259423503326	0.00257433064955	0.000324007723544	1016.03087498	632	0.120452872187	281.465727978	31.0743670886	2014.77990749	4	0	0					
 N04	1	0	543	46.9871086556	0.861878453039	0.0162039128081	0.00125932332063	1084.342084	494	0.127467878044	284.235555569	55.0627530364	1998.05070584	4	0	0					
 N05	1	0	2188	8.4533820841	0.217550274223	0.00265434532975	0.000284391518963	965.107969476	521	0.118186331332	256.476593584	38.8714011516	1851.628277	4	0	0					
 N06	1	0	2207	9.73402809243	0.238785681921	0.00300755780931	0.000304085559673	904.429425955	582	0.122929869609	260.394133821	41.4020618557	1769.936981	4	0	0					
 N07	1	0	2278	10.3858647937	0.268656716418	0.0031739664745300002	0.000327223123062	940.605697615	651	0.124848720589	280.403526006	38.6221198157	1887.40940951	4	0	0					
 N08	1	0	2199	8.59254206457	0.235561618918	0.00225253266986	0.000298948873812	889.447658292	546	0.114419200945	215.370905385	36.4230769231	1689.13386104	4	0	0					
 N09	1	0	2209	8.8922589407	0.239927569036	0.00289603229392	0.000312771799639	918.070888902	581	0.120090958895	266.959574063	36.982788296	1800.60105388	4	0	0					
 N10	1	0	2205	8.27664399093	0.278458049887	0.00267389641188	0.000360685436619	923.626769125	670	0.122323443676	251.44159183	30.276119403	1783.09498964	4	0	0					
 N11	1	0	2301	8.34854411126	0.252933507171	0.00252944859707	0.000311627647209	903.280604791	636	0.122873886124	274.682740789	32.8113207547	1869.2815659	4	0	0					
 N12	1	0	2272	8.76188380282	0.243838028169	0.00327269825414	0.000320452311608	1000.10163072	597	0.120301478956	350.76011464	36.0452261307	2198.95702714	4	0	0					
 N13	1	0	2239	8.51585529254	0.240285841894	0.00259052493057	0.000298791579358	957.756916563	577	0.124859336983	280.813837624	35.273830156	1956.03220556	4	0	0					
 N14	1	0	2225	8.09617977528	0.216179775281	0.00333270918987	0.000283282255202	971.960221508	521	0.128361270332	449.706244256	37.5163147793	2849.69936199	4	0	0					
 N15	1	0	2332	9.63679245283	0.290308747856	0.00348576121098	0.000385236821536	946.373251843	730	0.131060350717	319.138051045	33.3369863014	2055.84386259	4	0	0					
 N16	1	0	2296	8.07926829268	0.206445993031	0.00285637265005	0.000266767484337	1496.86649132	520	0.127733852991	361.862939578	39.3076923077	2317.27117503	4	0	0					
 N17	1	0	2247	7.54072096128	0.207832665777	0.00219009185994	0.000268561578339	877.315152749	501	0.121699285418	251.271166308	36.3453093812	1756.50639103	4	0	0					
 N18	1	0	2262	10.9743589744	0.307692307692	0.00313209719326	0.000402418405614	911.09263204	773	0.117036970059	254.75898149	35.4411384217	1870.74289305	4	0	0					
 N19	1	0	2216	9.68321299639	0.293321299639	0.00359974686289	0.000364223810419	901.456917482	704	0.126753195152	321.542063429	33.4431818182	1949.2948285	4	0	0					
 N20	1	0	2022	8.85163204748	0.263600395648	0.00309086967054	0.000312041558992	917.182801481	593	0.130398580043	321.234039345	33.7453625632	2015.03000724	4	0	0					
 N21	1	0	2259	9.23461708721	0.251881363435	0.00282131527653	0.000341904112028	895.942536739	621	0.11833773127	223.328399099	36.4975845411	1656.87306202	4	0	0					
 N22	1	0	2247	14.0084557187	0.4290164664	0.00411392562553	0.000561287901109	927.316146547	1038	0.118307369892	230.70487509	32.5578034682	1744.28223522	4	0	0					
 N23	1	0	2159	11.5965724873	0.320981936082	0.00447118319457	0.000430907064799	997.575040032	745	0.128804290426	395.589464921	36.8255033557	2495.28919387	4	0	0					
 N24	1	0	2015	106.205955335	4.67543424318	0.0417348713016	0.00649768935849	1549.66621197	10264	0.144207983166	436.113285065	22.9356975838	2803.86994379	4	0	0					
 O01	1	0	2391	7.4730238394	0.207444583856	0.00234259037587	0.000270331932567	1054.79240794	539	0.123213372291	304.1153377	37.0371057514	2077.86291255	4	0	0					
 O02	1	0	2203	133.011802088	5.07852927826	0.0854289892686	0.00808503153738	2656.32062039	11969	0.165783884992	979.520990799	26.4163255076	5506.16936182	4	0	0					
 O03	1	0	2237	9.76218149307	0.256593652213	0.00285985932051	0.000337386225345	960.846496004	625	0.117422062863	235.10557871	38.1616	1778.66170622	4	0	0					
 O04	1	0	1792	7.68917410714	0.231026785714	0.0027596264985	0.000306001032462	945.676083872	447	0.123266956061	307.557417405	33.6331096197	1980.66468256	3	0	0					
 O05	1	0	1701	16.9900058789	0.380364491476	0.00301460599912	0.000295502938647	903.656549671	727	0.124274922259	238.462668283	45.1265474553	1699.20517737	4	0	0					
 O06	1	0	2448	17.2389705882	0.553513071895	0.00511608775167	0.000736489375734	952.912717352	1474	0.121018781416	240.783392568	31.0094979647	1793.32576346	4	0	0					
 O07	1	0	2127	71.3479078514	2.79172543488	0.0232583096683	0.0037518758659	1209.72737354	6419	0.132209720886	299.965809122	25.747780028	2130.44046709	4	0	0					
 O08	1	0	2253	26.3084775854	0.907678650688	0.00812233768187	0.00115302247855	1070.52293482	2189	0.122832660797	265.705114016	28.9885792599	1939.94920648	4	0	0					
 O09	1	0	2289	8.56356487549	0.223678462211	0.00258772455427	0.000289669533798	911.826824376	556	0.120244284472	246.101826127	38.0539568345	1791.96175141	4	0	0					
 O10	1	0	1958	101.713993871	4.01583248212	0.0425687087109	0.00549462535272	1569.86387361	8545	0.142737306439	462.011290064	25.3867758923	3027.25320364	4	0	0					
 O11	1	0	2154	109.574280409	4.35701021356	0.0435768692752	0.00614009530653	1511.89076242	10216	0.139781358949	408.731523319	25.273688332	2764.67539485	4	0	0					
 O12	1	0	2237	6.56817165847	0.16048278945	0.0019052645719	0.000215420710626	903.107517068	402	0.12014267159	233.675167366	40.4776119403	1693.15056117	4	0	0					
 O13	1	0	2285	7.98424507659	0.217943107221	0.0021965162804	0.000301903388292	932.990862853	545	0.116424997301	208.93160459	37.3064220183	1679.4996633	4	0	0					
 O14	1	0	2111	8.52771198484	0.225959261014	0.00270640840975	0.000278700242805	990.741509981	515	0.129126683479	301.45451595	37.4233009709	1957.25610142	4	0	0					
 O15	1	0	2261	10.0521892968	0.294559929235	0.00314141218492	0.000361043743656	928.852300998	717	0.126347724264	262.458582454	34.1994421199	1777.40136792	4	0	0					
 O16	1	0	2149	8.46765937645	0.219637040484	0.00226685559991	0.000260619937168	927.815445534	528	0.120985849596	244.564217206	37.6477272727	1775.821105	4	0	0					
 O17	1	0	2281	8.51863217887	0.215256466462	0.00265259255069	0.000280304093805	936.817152574	536	0.121825013317	265.439183821	39.6473880597	1847.37497213	4	0	0					
 O18	1	0	2150	9.53534883721	0.255348837209	0.00319302271281	0.00031088277217	946.677676988	595	0.125572090792	311.34810138	37.4605042017	2008.03602362	4	0	0					
 O19	1	0	2251	9.2985339849	0.258996001777	0.00283056346021	0.000332402614801	965.658559546	633	0.124457103086	294.992902707	36.3238546603	1968.07100484	4	0	0					
 O20	1	0	2240	9.74330357143	0.272767857143	0.00324880312221	0.000365001694094	922.753046586	651	0.12386865467	269.059308067	35.9662058372	1913.03233486	4	0	0					
 O21	1	0	2292	9.53010471204	0.269197207679	0.00337213721008	0.000356212733642	917.547210662	663	0.122260982567	278.086845154	35.4253393665	1931.58423443	4	0	0					
 O22	1	0	2263	52.9292973928	2.0340256297	0.0200768234827	0.00282767732977	1150.23282739	4943	0.134725587437	337.163198966	26.1909771394	2262.83408704	4	0	0					
 O23	1	0	2129	9.38985439173	0.277125410991	0.00279151898297	0.000356751057361	965.408581438	641	0.120218103715	269.738288734	34.1170046802	1859.40357578	4	0	0					
 O24	1	0	2100	124.795238095	5.38428571429	0.062024741033	0.00748843318996	1971.12203478	12104	0.155834573146	656.572092855	23.4482815598	3927.41604226	4	0	0					
 P01	1	0	2555	9.29784735812	0.219569471624	0.00324687233995	0.000292212877105	941.173425273	609	0.122847435771	274.09644461	42.5353037767	1874.65281147	4	0	0					
 P02	1	0	2382	37.4987405542	1.0852225021	0.0103420601124	0.00147931173246	1255.61195682	2800	0.116547927764	262.367682167	34.6782142857	2113.00519773	4	0	0					
 P03	1	0	2441	8.30356411307	0.226956165506	0.00276384420142	0.000299345960076	939.591017485	584	0.119829353274	244.974492789	36.5856164384	1739.02507175	4	0	0					
 P04	1	0	2093	111.542761586	4.56043956044	0.0460712079148	0.0062578335542	1573.14225549	10199	0.148197498458	487.400837035	24.6320227473	3058.15058098	4	0	0					
 P05	1	0	2395	10.0167014614	0.237160751566	0.00283059697381	0.000303494380685	963.210605315	601	0.120699831803	241.566597253	42.4242928453	1758.35829864	4	0	0					
 P06	1	0	2302	11.8753258036	0.307124239791	0.00344632841531	0.000373307889944	944.194073052	744	0.119557744847	247.44031645	38.5416666667	1791.80865775	4	0	0					
 P07	1	0	2305	8.39349240781	0.209978308026	0.00278185557313	0.000277977648033	916.493429381	538	0.12228542217	270.979913013	39.8215613383	1859.95186396	4	0	0					
 P08	1	0	2359	6.78338278932	0.180161085206	0.00206075460329	0.000243156002221	926.516490716	457	0.11744640651	235.393482778	37.8161925602	1728.45514249	4	0	0					
 P09	1	0	2322	7.40396210164	0.203703703704	0.0025115766898	0.000264144551659	952.234490891	517	0.125969056533	297.151263845	37.1295938104	1935.4968184	4	0	0					
 P10	1	0	2330	6.92103004292	0.195278969957	0.00222192027913	0.000256122886256	930.518721467	517	0.122231977181	265.801123967	35.8800773694	1884.67854249	4	0	0					
 P11	1	0	2156	7.35250463822	0.191558441558	0.00241732537156	0.000245895910981	1043.93865951	443	0.125368569179	296.203155553	38.855530474	2023.10796463	4	0	0					
 P12	1	0	2290	8.16593886463	0.217467248908	0.00301373306567	0.000302906040757	997.29614318	532	0.125582035597	306.33002638	37.9436090226	2003.60664254	4	0	0					
 P13	1	0	2228	6.80969479354	0.196588868941	0.0022741410514	0.00025345456861	944.184963977	466	0.123525960142	274.920777523	34.7081545064	1898.04217453	4	0	0					
 P14	1	0	2198	8.37943585077	0.238853503185	0.00259602861114	0.000294772220484	958.774055552	570	0.123398933822	298.85959155	35.250877193	1972.88973208	4	0	0					
 P15	1	0	2200	7.28090909091	0.195454545455	0.00283910745459	0.000240344983719	1017.30927828	457	0.132215673569	414.270595261	37.6126914661	2436.00343912	4	0	0					
 P16	1	0	2140	15.1322429907	0.494392523364	0.00493172888551	0.000671989372325	1006.43442742	1147	0.122905472404	253.147249175	30.9102005231	1857.79342817	4	0	0					
 P17	1	0	2272	6.43529929577	0.178257042254	0.00220711615581	0.000234285173808	981.470659654	442	0.121477955808	281.509595064	36.6018099548	1912.08053773	4	0	0					
 P18	1	0	2277	8.18093983311	0.212560386473	0.00272803074064	0.000265033094405	969.204870172	530	0.125795245227	325.382254379	38.8830188679	1998.24717683	4	0	0					
 P19	1	0	2232	8.66711469534	0.216397849462	0.00319794015038	0.000268656396637	927.00785942	511	0.124804927977	341.520851792	40.0215264188	2320.94291501	4	0	0					
 P20	1	0	1632	7.71568627451	0.18137254902	0.0025658801728	0.00021240769005	912.360673802	326	0.131062648626	313.500418196	42.745398773	1871.85023477	4	0	0					
 P21	1	0	2346	8.16112531969	0.2242114237	0.00248332639665	0.000301631814741	938.099567767	567	0.123565061619	264.512799169	36.315696649	1819.71294572	4	0	0					
 P22	1	0	1814	16.9922822492	0.292723263506	0.00619955650437	0.000503964310275	924.201098359	576	0.127873824499	285.158326789	58.2447916667	1872.65636548	4	0	0					
 P23	1	0	2367	7.51837769328	0.207435572455	0.00186928747183	0.000261796004135	1070.98974372	549	0.114427164825	229.962955759	36.7832422587	1828.9640526	4	0	0					
 P24	1	0	2154	35.1049210771	1.10445682451	0.0101367257459	0.0014330503074	1285.66869391	2604	0.118830243795	290.264452047	32.1067588326	2242.21394082	4	0	0					
