Well,Plane,Timepoint,Cell Selected - Number of Objects,Cell Selected - Total Spot Area - Mean per Well,Cell Selected - Number of Spots - Mean per Well,Cell Selected - Relative Spot Intensity - Mean per Well,Cell Selected - Number of Spots per Area of Cytoplasm - Mean per Well,Cell Selected - Intensity Cytoplasm Mean - Mean per Well,Spots Selected - Number of Objects,Spots Selected - Relative Spot  Intensity - Mean per Well,Spots Selected - Corrected Spot  Intensity - Mean per Well,Spots Selected - Spot Area [px²] - Mean per Well,Spots Selected - Intensity Spot Mean - Mean per Well,Number of Analyzed Fields,Height [µm],Time [s],Compound,Concentration,Cell Type,Cell Count,
A01,1,0,2177,106.800183739,4.17409278824,0.0461232588705,0.00634646196426,2202.51444666,9812,0.14546404064,578.149587756,25.7704851203,3703.28643454,4,0,0,,,,,
A02,1,0,2135,9.55081967213,0.269789227166,0.0035234364896,0.000355417083204,1255.70399936,628,0.131183635143,432.203667298,35.5159235669,2693.91528049,4,0,0,,,,,
A03,1,0,2349,9.55598126862,0.236696466582,0.00303473377492,0.000320717112504,1102.41457667,613,0.121119954038,306.949831255,41.3572593801,2145.90262208,4,0,0,,,,,
A04,1,0,2255,8.20310421286,0.191130820399,0.00261003160984,0.00024747178562,1042.85496515,464,0.122089298975,322.023721628,42.7650862069,2150.52962202,4,0,0,,,,,
A05,1,0,2179,7.4199173933,0.197338228545,0.00221108531906,0.000235293935219,1051.73063908,463,0.121120320686,282.853542094,37.898488121,2008.85416114,4,0,0,,,,,
A06,1,0,2130,10.5342723005,0.266197183099,0.00316875345367,0.000318051270043,1123.12022156,619,0.123294229518,328.540466909,40.1308562197,2293.85551522,4,0,0,,,,,
A07,1,0,2171,9.74251497006,0.269921695071,0.00304555963679,0.000313708786802,1158.12846782,634,0.127862609619,370.207076248,35.9889589905,2439.90993651,4,0,0,,,,,
A08,1,0,2120,8.68301886792,0.210377358491,0.0029804547031,0.000277106450236,1465.32703172,480,0.129819637691,377.174601335,41.2604166667,2456.40938913,4,0,0,,,,,
A09,1,0,2233,7.37707120466,0.193013882669,0.00299568276605,0.000258919677834,1208.64451527,474,0.130937101388,494.243533913,39.7067510549,3010.75228261,4,0,0,,,,,
A10,1,0,2154,17.4507892293,0.532497678737,0.005432132487,0.000676912318306,1199.07961583,1231,0.123621120072,313.242540811,32.8781478473,2227.91740445,4,0,0,,,,,
A11,1,0,2127,8.91020216267,0.24776680771,0.00356535413437,0.000309894506085,1164.19472533,581,0.13437086389,468.803937286,36.7263339071,2845.3389793,4,0,0,,,,,
A12,1,0,2202,8.25249772934,0.242506811989,0.00281967320051,0.000313685416574,1070.97565311,585,0.12407516411,344.628776597,34.1760683761,2313.1311737,4,0,0,,,,,
A13,1,0,2271,8.12197269925,0.224570673712,0.00293092861645,0.000291761161328,1076.82125107,562,0.13198207641,413.834790044,37.8131672598,2464.09530083,4,0,0,,,,,
A14,1,0,2245,8.80445434298,0.257906458797,0.00257712662176,0.000296873179061,1272.65090854,626,0.124783535615,343.728952159,34.2076677316,2375.18715009,4,0,0,,,,,
A15,1,0,1862,69.8485499463,2.44307196563,0.023852020093,0.00357520573705,1315.71306292,4939,0.131561345064,309.421128042,28.9554565702,2199.5868264,4,0,0,,,,,
A16,1,0,2326,9.78417884781,0.260963026655,0.00403705873601,0.000334999924889,1054.80803556,645,0.13529300899,404.292323211,37.8527131783,2453.43626991,4,0,0,,,,,
A17,1,0,2111,9.39791567977,0.229748934154,0.003058283052,0.000289618849391,1024.77501978,519,0.126297960842,305.214654153,41.0385356455,2088.54652303,4,0,0,,,,,
A18,1,0,2314,8.6871218669,0.23422644771,0.00379252521309,0.000317805569583,1049.57963859,584,0.130440271649,421.700379489,37.4315068493,2556.77465784,4,0,0,,,,,
A19,1,0,2294,7.37445510026,0.193984306888,0.00237700633018,0.000245738226259,1088.08111118,493,0.123412442929,329.728646245,38.0811359026,2149.73744257,4,0,0,,,,,
A20,1,0,2362,7.85520745131,0.19432684166,0.0023180252219,0.000239910838907,957.619464753,507,0.120529730943,267.079838747,40.7810650888,1865.65871707,4,0,0,,,,,
A21,1,0,2216,9.28384476534,0.275270758123,0.00318592947277,0.000351585137339,1010.97120791,656,0.124032398279,315.677578533,33.8963414634,2120.34165246,4,0,0,,,,,
A22,1,0,2314,9.53370786517,0.281331028522,0.00291171954833,0.000375439331947,1107.34332494,714,0.12258273501,320.286968649,33.9957983193,2255.13549344,4,0,0,,,,,
A23,1,0,2077,111.957631199,4.77419354839,0.0469360089768,0.00687530012329,1630.79016749,10768,0.146851799219,459.848393144,23.6653046062,2918.75847081,4,0,0,,,,,
A24,1,0,1960,10.0142857143,0.28112244898,0.0043682071088,0.000346295373428,1098.62367614,608,0.140505915691,547.560895455,35.9753289474,3018.27088947,4,0,0,,,,,
B01,1,0,2114,115.529801325,4.33112582781,0.0538003521019,0.00681409538751,1864.75060816,9877,0.14917715752,523.17612813,26.9459350005,3265.2253753,4,0,0,,,,,
B02,1,0,2442,6.81572481572,0.18058968059,0.00219905012659,0.000249030848075,1058.60257875,467,0.122389973497,291.267253584,37.4925053533,2060.03628216,4,0,0,,,,,
B03,1,0,2243,9.64868479715,0.231386535889,0.00336776163588,0.000305431526368,1014.56258001,564,0.124543474395,343.241051427,41.8563829787,2236.00360131,4,0,0,,,,,
B04,1,0,2197,11.9080564406,0.313609467456,0.0037603029443,0.000390778717874,1053.22518045,730,0.125810365983,320.067594926,38.4534246575,2183.31931439,4,0,0,,,,,
B05,1,0,2338,8.73524379812,0.21129170231,0.00296362697446,0.00026860902589,1065.22987751,546,0.125694745312,330.336685356,41.7710622711,2145.12033011,4,0,0,,,,,
B06,1,0,2287,9.72977700044,0.243550502842,0.0034056768432,0.000319306952569,1060.85751787,592,0.122138220473,323.661375843,40.4408783784,2187.14792206,4,0,0,,,,,
B07,1,0,2489,9.94335074327,0.232221775814,0.00290290821989,0.000295622795375,1033.15871182,628,0.123538597015,304.036496508,43.3407643312,2021.83298953,4,0,0,,,,,
B08,1,0,2280,8.67280701754,0.233333333333,0.00311981907225,0.000292904263475,1105.36748199,600,0.131141081134,448.77116502,37.8,2818.73504912,4,0,0,,,,,
B09,1,0,2249,10.1542907959,0.251222765674,0.00385012624995,0.000356050919385,1109.31605916,605,0.13040455765,420.537162482,40.4363636364,2619.92640136,4,0,0,,,,,
B10,1,0,1963,142.197656648,5.91849210392,0.0749652989398,0.00877667664741,2491.08794361,12578,0.157226528275,805.022752881,24.2565590714,4763.82265831,4,0,0,,,,,
B11,1,0,2290,7.72707423581,0.202620087336,0.00223482323442,0.000275641853662,1084.80387819,515,0.119243338435,283.653788218,38.6504854369,2053.55607291,4,0,0,,,,,
B12,1,0,2439,9.16523165232,0.226322263223,0.00358829838959,0.000295732487061,1088.07185117,601,0.132651551179,372.255148233,40.618968386,2257.05644269,4,0,0,,,,,
B13,1,0,2251,9.54198134163,0.262994224789,0.00403825599912,0.000341512404837,1076.93810095,641,0.136318114934,438.230678855,37.2574102964,2613.74379284,4,0,0,,,,,
B14,1,0,2278,8.67910447761,0.257243195786,0.00296276942994,0.000323481000019,1035.02354982,626,0.125610710561,318.445874877,34.1581469649,2129.40502923,4,0,0,,,,,
B15,1,0,2179,14.4286369894,0.405231757687,0.00509021870342,0.000548039350788,1069.73234324,969,0.123203387429,325.614256412,35.7946336429,2185.09785916,4,0,0,,,,,
B16,1,0,2227,9.2029636282,0.247867085766,0.00380884306162,0.000332814931277,1064.89503115,602,0.134904227539,388.060543409,37.596345515,2444.97279871,4,0,0,,,,,
B17,1,0,2370,8.26582278481,0.232911392405,0.00283956997711,0.000292847553705,1055.04552059,591,0.125910052484,333.378806236,35.6226734349,2127.10248053,4,0,0,,,,,
B18,1,0,2299,8.32622879513,0.255763375381,0.00331595515961,0.000343907510764,1025.70494096,649,0.133741223422,349.291226297,32.8320493066,2175.00275766,4,0,0,,,,,
B19,1,0,2370,7.61603375527,0.2,0.00299327257773,0.000275487069103,1019.18396271,507,0.128730343925,346.649810243,38.8303747535,2242.45609161,4,0,0,,,,,
B20,1,0,2252,8.26776198934,0.239342806394,0.00245928652632,0.00030877170015,995.356813422,591,0.123318050665,261.975794905,34.8764805415,1877.06243221,4,0,0,,,,,
B21,1,0,2224,7.34757194245,0.232464028777,0.00263300954179,0.000304144740567,971.534634824,577,0.125127980548,284.328790556,32.0398613518,1916.93838742,4,0,0,,,,,
B22,1,0,2230,10.0704035874,0.296412556054,0.00395778110795,0.000365487573493,994.143842799,712,0.137653274237,422.977796146,33.9803370787,2470.70812736,4,0,0,,,,,
B23,1,0,2244,82.6942959002,3.50401069519,0.0286533643751,0.0047437252973,1286.49909336,8510,0.138805435349,338.465240063,23.889306698,2273.33251406,4,0,0,,,,,
B24,1,0,2103,9.23252496434,0.252020922492,0.00326027569208,0.000306610405759,1261.59468371,576,0.130704072802,423.900060028,36.7447916667,2619.1289355,4,0,0,,,,,
C01,1,0,2142,94.5336134454,3.64005602241,0.0372779808843,0.00511049162006,1630.18358629,8392,0.143537482928,451.925569807,26.2513107722,2896.02468261,4,0,0,,,,,
C02,1,0,2400,7.58,0.2,0.00219888004831,0.00025713478614,984.147243711,531,0.116586296296,237.976276062,38.5913370998,1811.11208776,4,0,0,,,,,
C03,1,0,2359,9.84696905468,0.233997456549,0.00303554879655,0.000286167997461,1019.98577555,591,0.122008175201,271.739608097,42.9001692047,1908.20241968,4,0,0,,,,,
C04,1,0,2407,9.21229746572,0.239717490652,0.00298721485761,0.000315089750442,1032.39543173,644,0.122090549228,332.312458694,37.8944099379,2226.19956711,4,0,0,,,,,
C05,1,0,2234,10.7578334825,0.242614145031,0.00288993914429,0.00028761614358,1023.10740992,593,0.123884838751,299.956195243,44.8212478921,2031.20889013,4,0,0,,,,,
C06,1,0,2252,9.5,0.228241563055,0.00270369924336,0.000267534287949,1102.25804783,553,0.125395990215,322.464110416,42.0235081374,2164.12319007,4,0,0,,,,,
C07,1,0,2341,9.69286629645,0.252456215293,0.00326827575565,0.00033097463889,1096.88166455,637,0.128844837176,331.304719543,39.1962323391,2179.61730718,4,0,0,,,,,
C08,1,0,2423,9.64341725134,0.26619892695,0.00327841545932,0.000345865584449,1058.36492991,706,0.126762135308,330.928535316,36.6090651558,2152.58308434,4,0,0,,,,,
C09,1,0,1961,13.0336562978,0.285568587455,0.00347849608503,0.000302784800568,1128.51926294,675,0.130828601815,359.816981447,47.2088888889,2276.11169592,4,0,0,,,,,
C10,1,0,2397,9.5727993325,0.297872340426,0.00355796278893,0.000386427566655,1104.92013634,780,0.128390418523,375.917034078,32.6153846154,2465.15234334,4,0,0,,,,,
C11,1,0,2367,8.49429657795,0.239121250528,0.00274464528971,0.000302783710597,1087.07661726,609,0.125142253734,335.735219649,35.8013136289,2266.27192285,4,0,0,,,,,
C12,1,0,2378,8.00420521447,0.227922624054,0.00363648515339,0.000306363472601,1079.66549203,603,0.132384399154,458.283013687,35.631840796,2616.39867231,4,0,0,,,,,
C13,1,0,705,13.9517730496,0.367375886525,0.00377878575949,0.000405956077755,861.813849321,276,0.129431510781,235.282081825,38.2862318841,1630.78865599,4,0,0,,,,,
C14,1,0,2309,9.10047639671,0.2802078822,0.00284736732248,0.000357653607392,1024.09584596,674,0.125307914577,293.416125378,32.7878338279,2036.39611288,4,0,0,,,,,
C15,1,0,2470,14.4408906883,0.44979757085,0.00404000219898,0.00059193072944,1022.77802371,1216,0.118456896214,236.570546776,32.8675986842,1826.11465822,4,0,0,,,,,
C16,1,0,2113,14.1661145291,0.369616658779,0.00354201886316,0.000393190539804,1009.89498573,871,0.121126387356,268.496611906,39.6946039036,1898.62791884,4,0,0,,,,,
C17,1,0,2449,6.53491220906,0.196815026541,0.00220373840529,0.000265068786068,1081.38957713,522,0.126385652633,304.598256884,34.0287356322,2078.19554174,4,0,0,,,,,
C18,1,0,2509,7.61897170187,0.212036667995,0.00258651264365,0.000282371976516,1010.0708119,573,0.123624361026,305.175355836,36.4380453752,2089.13150931,4,0,0,,,,,
C19,1,0,2136,81.422752809,3.12031835206,0.0313238832847,0.00431467670683,1464.11415887,7092,0.1366218356,407.688049539,26.3458826847,2769.72505395,4,0,0,,,,,
C20,1,0,2450,8.29020408163,0.262040816327,0.00261291358468,0.00035107285244,1026.53123129,699,0.118614566203,254.412908241,32.3061516452,1860.42415318,4,0,0,,,,,
C21,1,0,2064,8.22868217054,0.25726744186,0.00244223888134,0.000314689599169,951.802911015,576,0.121118605428,246.794714367,32.3524305556,1788.41574424,4,0,0,,,,,
C22,1,0,2349,10.0238399319,0.311621966794,0.00311380377399,0.000399914660314,946.075105157,797,0.120905660247,265.157130402,32.1681304893,1810.49963263,4,0,0,,,,,
C23,1,0,2298,59.7127937337,2.4956483899,0.0187649267157,0.00332906461588,1280.11367414,6161,0.131200070596,308.352629168,24.1464048044,2187.33424358,4,0,0,,,,,
C24,1,0,2301,10.7235984355,0.292046936115,0.00387742224621,0.000365645325033,1026.91735443,722,0.132380833781,407.220794966,36.7631578947,2375.80308011,4,0,0,,,,,
D01,1,0,2296,107.430313589,4.54398954704,0.0505058129627,0.00649899480099,1699.86191581,11280,0.152208966723,548.590191434,23.9199468085,3345.47454409,4,0,0,,,,,
D02,1,0,2292,99.9005235602,3.91972076789,0.0385223853571,0.00545316419402,1413.20731202,9845,0.144692602232,403.495814512,25.5840528187,2582.1444244,4,0,0,,,,,
D03,1,0,2441,9.26300696436,0.258500614502,0.00312268936789,0.000330936804532,1003.80685608,677,0.125366676466,314.696794024,35.7592319055,2111.51306168,4,0,0,,,,,
D04,1,0,2349,9.59982971477,0.25202213708,0.00345248613945,0.000325649390053,1038.82984428,633,0.124992296541,353.222365175,38.1548183254,2188.20073667,4,0,0,,,,,
D05,1,0,1526,10.7155963303,0.275229357798,0.00282826320431,0.000226086738886,997.099252566,460,0.1348957724,439.353970625,39.2347826087,2436.45472463,4,0,0,,,,,
D06,1,0,2355,15.8025477707,0.458174097665,0.00466751995373,0.000581003132039,1051.71017228,1162,0.118539541534,257.133032736,34.3932874355,1955.57235452,4,0,0,,,,,
D07,1,0,2565,7.9559454191,0.242884990253,0.00300198013056,0.000318977950308,1067.91722774,667,0.128452020672,369.270250391,32.892053973,2291.49537943,4,0,0,,,,,
D08,1,0,2457,12.113960114,0.342694342694,0.00398484108524,0.000437996116047,1087.01229419,891,0.122915290414,309.492856082,35.3984287318,2091.34461311,4,0,0,,,,,
D09,1,0,2548,9.28335949765,0.25431711146,0.00353505545787,0.000325260333672,1058.03356958,684,0.128446517043,379.351956148,36.7748538012,2456.74140802,4,0,0,,,,,
D10,1,0,2373,7.77496839444,0.238095238095,0.00251052360857,0.000309931642124,1056.11817766,604,0.120200073571,282.893878756,33.0745033113,1984.55818441,4,0,0,,,,,
D11,1,0,1005,17.9074626866,0.398009950249,0.00692078795546,0.000588855896069,1104.70517855,423,0.125497807066,333.466261188,45.6122931442,2211.36497547,4,0,0,,,,,
D12,1,0,2472,53.307038835,2.27912621359,0.0166865219841,0.00320286978658,1267.52412838,6059,0.12721365454,292.978694309,23.7207459977,2174.63213044,4,0,0,,,,,
D13,1,0,2355,7.08874734607,0.184713375796,0.00252972509536,0.000233334958239,1072.26369535,454,0.130009308562,366.026253219,38.1696035242,2315.46202034,4,0,0,,,,,
D14,1,0,2268,8.77777777778,0.266754850088,0.00273893223081,0.00035216709912,1051.79536551,655,0.118523951419,268.294590361,33.1038167939,2002.58043745,4,0,0,,,,,
D15,1,0,2283,7.40429259746,0.216819973719,0.00314123422255,0.000288778615602,1062.88110104,542,0.13434039893,427.226351512,34.2546125461,2470.11170476,4,0,0,,,,,
D16,1,0,2397,8.23863162286,0.230287859825,0.00258496584336,0.000289580162536,1073.4132813,600,0.127583021922,320.301374788,36.1433333333,2128.52878641,4,0,0,,,,,
D17,1,0,2458,8.86655817738,0.267290480065,0.00281342809367,0.000355988535442,1024.91595888,712,0.120324063944,285.263876261,33.0744382022,2066.78041551,4,0,0,,,,,
D18,1,0,1534,11.6101694915,0.32333767927,0.00284562946884,0.000268311079347,969.114106071,551,0.12883976308,307.300294107,36.4519056261,1965.67119977,4,0,0,,,,,
D19,1,0,1567,8.4486279515,0.23739629866,0.00234906035156,0.000268261395467,885.464273525,394,0.126462174436,263.873563457,36.0964467005,1723.86840325,4,0,0,,,,,
D20,1,0,2188,85.3679159049,3.42778793419,0.0293491924297,0.0047488694372,1305.3807838,7974,0.136315309838,328.015807097,25.2757712566,2267.46204636,4,0,0,,,,,
D21,1,0,2347,14.8432040903,0.507030251385,0.004101786327,0.000647207106932,1007.61489267,1296,0.11864948841,229.11445177,29.925154321,1785.81812059,4,0,0,,,,,
D22,1,0,2260,11.5030973451,0.343362831858,0.00320387046605,0.000415858102105,988.267385684,842,0.120643937523,263.629244672,33.9952494062,1944.68963599,4,0,0,,,,,
D23,1,0,2216,99.4751805054,4.47066787004,0.041233589819,0.00619307573221,1863.45358874,10720,0.144813476472,542.638317927,22.3521455224,3484.06482311,4,0,0,,,,,
D24,1,0,2105,111.420427553,4.76864608076,0.0455669088266,0.00659837496133,1477.01025914,10891,0.147916810857,417.200741618,23.5863557065,2634.08657546,4,0,0,,,,,
E01,1,0,2406,68.6986699917,2.22319201995,0.0241016898273,0.00307360156468,1285.46787417,5795,0.127700279311,327.719436876,31.1739430544,2410.82403184,4,0,0,,,,,
E02,1,0,2329,97.8999570631,3.81708887935,0.0396643953488,0.00554272916646,1472.46991654,9549,0.144718956006,412.571861527,25.8321290187,2644.51877559,4,0,0,,,,,
E03,1,0,1763,135.251843449,5.35394214407,0.0712086711223,0.00772959490913,2261.38470478,10261,0.157279608958,755.55749975,25.4175031673,4470.66571557,4,0,0,,,,,
E04,1,0,2438,9.31993437244,0.241181296144,0.0027029176373,0.000311692165144,1010.66365567,635,0.120990448171,268.049640147,38.725984252,1944.04109995,4,0,0,,,,,
E05,1,0,2446,8.66966475879,0.231807031889,0.00325497100261,0.000316631297116,1057.98033139,626,0.128157813809,365.789937731,37.3849840256,2257.3545859,4,0,0,,,,,
E06,1,0,2438,9.9733388023,0.257178014766,0.00328445208481,0.000334969111939,1134.5899147,681,0.121111424555,383.389352812,38.5477239354,2628.85330711,4,0,0,,,,,
E07,1,0,2456,8.43770358306,0.220684039088,0.00267351815984,0.000283093066523,1093.91913214,595,0.124106836635,352.35564829,38.6605042017,2350.20212172,4,0,0,,,,,
E08,1,0,2366,22.0114116653,0.743448858833,0.00668829290848,0.00094499355854,1103.37425048,1860,0.122613141912,282.824483684,29.9483870968,2019.20093429,4,0,0,,,,,
E09,1,0,2378,10.3393608074,0.30992430614,0.00334845904565,0.000397117946294,1138.73890503,815,0.123748772074,340.872144259,33.6061349693,2338.56589541,4,0,0,,,,,
E10,1,0,2377,9.40513251998,0.298695835086,0.00303498813428,0.000390999364982,1120.33317543,755,0.124779665986,326.989224206,31.7086092715,2218.8018397,4,0,0,,,,,
E11,1,0,2445,9.08016359918,0.254396728016,0.00346002657725,0.000324971020757,1128.09258479,691,0.130627135533,478.874528628,36.2141823444,3003.23487791,4,0,0,,,,,
E12,1,0,2455,8.64195519348,0.250101832994,0.00307761962035,0.000316879598085,1087.95006195,666,0.128210833198,367.751923082,34.6531531532,2340.64610063,4,0,0,,,,,
E13,1,0,2313,9.04107220061,0.225248594898,0.00329645174564,0.000282823410517,1076.10677279,570,0.127238358427,371.559234995,40.3614035088,2392.88998297,4,0,0,,,,,
E14,1,0,2500,7.9152,0.2356,0.002630874642,0.000320876242907,1064.881612,632,0.123729172947,311.436534011,33.9382911392,2163.09203977,4,0,0,,,,,
E15,1,0,2363,8.98984341938,0.262801523487,0.00349760444085,0.000315717607505,1094.18097327,669,0.129453817463,472.781774339,34.3811659193,2829.42344295,4,0,0,,,,,
E16,1,0,2384,8.2269295302,0.246224832215,0.00258848317747,0.000320482687893,1012.89695071,648,0.122305403202,284.002981874,33.6466049383,1950.61969194,4,0,0,,,,,
E17,1,0,2321,68.9840585954,3.10512710039,0.0229247584851,0.00422517298458,1315.12257445,7768,0.131930689795,326.232711207,22.4195417096,2297.37219484,4,0,0,,,,,
E18,1,0,2060,105.094660194,4.67961165049,0.0500076283887,0.00677668979434,1619.30822497,10402,0.153491800843,524.150137504,22.7220726783,3142.3770941,4,0,0,,,,,
E19,1,0,2450,9.51183673469,0.29306122449,0.00348865455306,0.000384363314607,993.957571673,784,0.126450157016,314.677510184,32.8278061224,2095.58280071,4,0,0,,,,,
E20,1,0,2456,9.32206840391,0.292752442997,0.00266309460628,0.000345327374603,978.742339954,793,0.120725873873,284.80018414,32.3997477932,2087.27291439,4,0,0,,,,,
E21,1,0,2419,9.43406366267,0.267052501033,0.00270768846682,0.000337001193921,936.952705954,693,0.122161130907,247.321562652,36.2294372294,1761.95757979,4,0,0,,,,,
E22,1,0,2431,9.49074454957,0.299053887289,0.00276726893417,0.00034439472987,981.561695064,789,0.119870575683,325.359465706,31.9670468948,2302.3885893,4,0,0,,,,,
E23,1,0,2177,60.8621956821,2.15204409738,0.019180872599,0.00281878867884,1210.07585849,5097,0.12495417664,295.376312697,28.5157936041,2202.07398999,4,0,0,,,,,
E24,1,0,2193,90.0811673507,3.86684906521,0.0307828172309,0.00505252303117,1323.46831131,9209,0.140143420617,348.192044077,23.6352481268,2304.29602491,4,0,0,,,,,
F01,1,0,2417,7.89077368639,0.191559784857,0.00270768480901,0.000264640247491,992.669254404,501,0.123963399422,350.418916138,41.9301397206,2235.67669944,4,0,0,,,,,
F02,1,0,2377,73.7063525452,2.67143458141,0.0249223499701,0.00371187075436,1332.26541336,6950,0.136085066357,339.97528381,27.426618705,2310.15761234,4,0,0,,,,,
F03,1,0,1980,13.8974747475,0.359595959596,0.00356512072996,0.000345413516165,1000.69407906,846,0.128696461269,325.977475047,39.6903073286,2101.29863729,4,0,0,,,,,
F04,1,0,2232,19.7934587814,0.60394265233,0.00582276913081,0.000831879221417,1019.27524942,1447,0.117741758494,237.378205618,33.008984105,1832.97092121,4,0,0,,,,,
F05,1,0,2408,7.88330564784,0.211794019934,0.00269271568103,0.000276502405571,1055.40750995,551,0.128973435765,320.640192732,37.1324863884,2132.82617521,4,0,0,,,,,
F06,1,0,2416,9.27814569536,0.298013245033,0.00308714653975,0.000398420612147,1053.6421962,797,0.124573473713,302.389412294,31.9121706399,2079.34660247,4,0,0,,,,,
F07,1,0,2411,8.07880547491,0.232268768146,0.00289714134455,0.000284207849251,1149.15847972,610,0.128118704967,371.03785797,35.6475409836,2356.83917461,4,0,0,,,,,
F08,1,0,2484,8.26409017713,0.260466988728,0.0025705987216,0.00033748705663,1074.35096983,705,0.119761544039,322.203736069,31.7404255319,2316.78392477,4,0,0,,,,,
F09,1,0,2402,8.60158201499,0.249791840133,0.00303841160999,0.000347263492464,1098.85547962,639,0.123942362595,330.441153645,34.4694835681,2221.45214579,4,0,0,,,,,
F10,1,0,2348,9.44889267462,0.291737649063,0.0036033836313,0.000381427979684,1138.00312233,756,0.129940235356,434.504831773,33.1812169312,2643.59405465,4,0,0,,,,,
F11,1,0,2212,64.8630198915,2.87432188065,0.0207934535832,0.00372666444569,1325.47718987,6929,0.129991159863,325.966177511,22.7115023813,2362.03554761,4,0,0,,,,,
F12,1,0,2295,14.6409586057,0.479738562092,0.00421427140752,0.00062661616127,1119.69687118,1164,0.119096210733,275.559762465,30.9183848797,2062.86391892,4,0,0,,,,,
F13,1,0,2383,8.75493075955,0.233738984473,0.00341795606154,0.000306213735441,1104.53739168,616,0.127382615426,451.113556826,37.7272727273,2849.86590675,4,0,0,,,,,
F14,1,0,2328,9.1795532646,0.257302405498,0.00279164554127,0.00032013095594,1011.01936337,631,0.121300460665,279.533121904,35.7860538827,1955.77444057,4,0,0,,,,,
F15,1,0,2321,57.6893580353,2.37570012925,0.0180312634967,0.00324269983617,1212.4877149,5918,0.12663382837,287.312526516,24.4939168638,2133.94137911,4,0,0,,,,,
F16,1,0,2229,9.8869448183,0.278600269179,0.00333278846321,0.000347191161155,1032.19199934,669,0.124375150025,321.168555512,36.2615844544,2103.99985448,4,0,0,,,,,
F17,1,0,2200,18.1895454545,0.625,0.00547717809208,0.000857526809533,1085.02460909,1457,0.119443568915,263.479172938,29.5559368566,2006.75536869,4,0,0,,,,,
F18,1,0,2227,8.95823978446,0.251010327795,0.00299203760865,0.000304423260495,1029.99682589,603,0.126440975771,320.10442201,36.4378109453,2105.99418602,4,0,0,,,,,
F19,1,0,2368,9.76224662162,0.288851351351,0.00313174569442,0.000380672616757,989.07879592,745,0.12004789941,298.620187333,34.1087248322,2136.63944262,4,0,0,,,,,
F20,1,0,2331,9.97769197769,0.326898326898,0.00308053386521,0.000409272140211,960.94511016,831,0.12063625976,258.906852883,30.4885679904,1844.52852411,4,0,0,,,,,
F21,1,0,2220,9.97792792793,0.270720720721,0.00280883522693,0.000331260740764,937.588012132,654,0.120924332029,262.671488407,37.5810397554,1842.78058417,4,0,0,,,,,
F22,1,0,2331,9.63878163878,0.29601029601,0.00277399586589,0.000370087044272,929.724458513,745,0.11975625004,216.881967886,32.8214765101,1651.70448497,4,0,0,,,,,
F23,1,0,2349,9.33588761175,0.240527884206,0.00271633494753,0.000323651708821,1005.75048329,609,0.11640161599,245.068092834,38.3924466338,1836.82569297,4,0,0,,,,,
F24,1,0,2191,79.8849840256,3.21999087175,0.0261859397915,0.00421276987459,1468.25687989,7569,0.136403232584,380.095642989,24.9175584621,2595.93402079,4,0,0,,,,,
G01,1,0,2323,9.36934997848,0.238054240207,0.00280255867511,0.000291669083511,948.997255885,614,0.125605515761,268.3751908,39.4641693811,1820.17117841,4,0,0,,,,,
G02,1,0,1991,132.67553993,4.87945755902,0.0825987945867,0.00731184307295,2436.09047159,10359,0.165611491846,942.931693591,27.5008205425,5291.38077962,4,0,0,,,,,
G03,1,0,2324,8.65189328744,0.247418244406,0.00272573638856,0.000314655448533,972.144396565,617,0.122745420928,267.795580652,34.8314424635,1875.07635318,4,0,0,,,,,
G04,1,0,2270,19.6378854626,0.573568281938,0.00503670298669,0.000690261945169,1086.79249219,1446,0.118105927995,247.376233438,34.0733056708,1891.80821347,4,0,0,,,,,
G05,1,0,2281,11.9596668128,0.361683472161,0.00401434499076,0.000476447869401,1023.65962508,892,0.122909595416,300.78006548,33.052690583,2008.14712778,4,0,0,,,,,
G06,1,0,2229,10.401076716,0.30776132795,0.00329784223768,0.00036886547453,1029.09737792,745,0.122393277009,289.840245771,33.9382550336,2007.66990142,4,0,0,,,,,
G07,1,0,2252,8.17539964476,0.232238010657,0.00344329451379,0.000295334444685,1057.15926094,567,0.136336079802,433.481119063,35.2151675485,2541.67026836,4,0,0,,,,,
G08,1,0,2323,10.2212656048,0.277227722772,0.0038461293489,0.000348390505036,1091.37408695,690,0.130131292659,400.836900566,36.9449275362,2477.11807131,4,0,0,,,,,
G09,1,0,2338,10.2202737382,0.282720273738,0.00349924239169,0.000348620693833,1083.26977124,714,0.126144733514,378.790447648,36.4761904762,2489.47467012,4,0,0,,,,,
G10,1,0,2117,7.75578649032,0.250354274917,0.00261411865573,0.000310841967866,1065.22977479,582,0.126637886759,344.819119563,31.5532646048,2321.86351039,4,0,0,,,,,
G11,1,0,2287,11.4088325317,0.302142544819,0.0034858515417,0.000412502864715,1112.81350512,723,0.119894387314,330.996135453,38.0982019364,2420.37967013,4,0,0,,,,,
G12,1,0,59,106.084745763,1.49152542373,0.0468137767643,0.00143168242992,1868.33939357,134,0.189922610743,754.523111824,61.9179104478,3562.1641335,4,0,0,,,,,
G13,1,0,2455,9.2733197556,0.277393075356,0.00322810877548,0.000334944612532,1056.37093701,726,0.126734336272,332.198397296,33.4545454545,2198.72881697,4,0,0,,,,,
G14,1,0,2285,9.55098468271,0.275711159737,0.00346332897163,0.000341240845861,1052.6797157,687,0.125458450186,372.578976563,35.2896652111,2377.26310719,4,0,0,,,,,
G15,1,0,2331,9.48305448305,0.281424281424,0.00400851283158,0.00035140642964,1087.20254442,704,0.131611387965,420.49427206,33.8110795455,2564.91912741,4,0,0,,,,,
G16,1,0,2218,8.87962128043,0.249323715059,0.00332904249209,0.000292491310665,1070.54927242,605,0.133190888295,437.286608809,35.7024793388,2523.51872693,4,0,0,,,,,
G17,1,0,2209,9.76595744681,0.288365776369,0.00347283211369,0.000360746275887,1018.43395007,687,0.128037915981,370.392865484,34.4352256186,2332.56644547,4,0,0,,,,,
G18,1,0,2257,8.75232609659,0.256535223748,0.00326937718956,0.00035244470434,1007.48670175,624,0.124366038019,321.600624049,34.4455128205,2104.36460882,4,0,0,,,,,
G19,1,0,2371,9.74989455926,0.309152256432,0.00318623705808,0.000390805198687,1015.89130223,774,0.122214596611,315.970346534,31.8087855297,2214.16036798,4,0,0,,,,,
G20,1,0,2362,9.14690939881,0.260795935648,0.0033886188098,0.000350941619887,1000.10576472,678,0.131270988335,336.421739705,35.6091445428,2126.50159267,4,0,0,,,,,
G21,1,0,2204,9.58983666062,0.2722323049,0.00377457960879,0.000350356352449,978.355223349,667,0.130541479387,390.746601433,35.4602698651,2295.34292523,4,0,0,,,,,
G22,1,0,2338,8.95508982036,0.278443113772,0.00315621114886,0.000359577952688,935.248340522,707,0.123990153874,286.240838527,32.4978783593,1882.65829178,4,0,0,,,,,
G23,1,0,2122,8.85249764373,0.273798303487,0.00265356128433,0.000349419436819,919.948763129,635,0.122158807716,255.987963806,32.7338582677,1840.99444105,4,0,0,,,,,
G24,1,0,2095,105.70071599,4.58186157518,0.0456351187002,0.00626255494022,1628.0232043,10310,0.148199488404,503.431876156,23.2097963143,3173.23851932,4,0,0,,,,,
H01,1,0,2369,10.5913887716,0.289573659772,0.00354390044679,0.000373070564267,928.00815812,736,0.127345122407,280.052282758,37.3899456522,1831.86833255,4,0,0,,,,,
H02,1,0,2395,49.1540709812,1.57912317328,0.0151510810715,0.00205099486854,1161.78560482,4097,0.122995082354,281.474273769,31.133024164,2072.44578293,4,0,0,,,,,
H03,1,0,2402,10.1149042465,0.291840133222,0.00358141320032,0.000370718784484,985.054426531,762,0.130917892701,324.256875046,35.2139107612,2091.91603179,4,0,0,,,,,
H04,1,0,2483,10.7390253725,0.312927909787,0.00357210384525,0.000389197828792,1013.49022273,847,0.127260320309,319.311752084,34.292798111,2138.34774456,4,0,0,,,,,
H05,1,0,2398,10.2468723937,0.314845704754,0.00309151827787,0.00038235797778,1115.71626237,812,0.122895693845,304.096574735,32.8583743842,2089.7992316,4,0,0,,,,,
H06,1,0,1758,8.42718998862,0.251990898749,0.00256596462322,0.00031693123945,1054.39670286,472,0.121591560527,314.333718436,33.6483050847,2215.42234067,3,0,0,,,,,
H07,1,0,2444,7.66857610475,0.227495908347,0.00328056536464,0.000313918377999,1195.92859609,607,0.130389985046,435.172615856,34.1598023064,2691.10249403,4,0,0,,,,,
H08,1,0,2354,9.11257434155,0.245539507222,0.00353766487935,0.000320833735232,1074.64592705,608,0.129418361189,382.601407523,37.0493421053,2363.98418587,4,0,0,,,,,
H09,1,0,2307,6.61725184222,0.123970524491,0.00235320970049,0.000185854307219,1070.29514756,304,0.123899877126,344.11032832,52.9703947368,2197.95639727,4,0,0,,,,,
H10,1,0,1934,11.5941054809,0.307135470527,0.00281841621688,0.000312178213481,1050.04881517,663,0.120365857653,269.18579018,38.4932126697,1934.35909309,4,0,0,,,,,
H11,1,0,2293,8.60924552987,0.254252071522,0.00315660293108,0.000317646305327,1055.17656995,629,0.126015787307,370.284371533,34.1224165342,2311.89502461,4,0,0,,,,,
H12,1,0,2209,9.36713444998,0.3282028067,0.00305632481347,0.000388151239164,1050.52366089,793,0.125692761114,347.133399377,28.5472887768,2338.46435914,4,0,0,,,,,
H13,1,0,2376,8.88089225589,0.264730639731,0.00317486748069,0.000334201566968,1080.48167415,685,0.126203249028,338.076789914,33.5912408759,2273.97615115,4,0,0,,,,,
H14,1,0,2225,8.67011235955,0.251235955056,0.00309785924943,0.000330592807607,1066.90737837,598,0.127429047527,351.525418705,34.6555183946,2345.10933786,4,0,0,,,,,
H15,1,0,2388,9.6662479062,0.285175879397,0.00383270253868,0.000375955042449,1097.4281213,718,0.129193535017,385.295769795,33.8927576602,2523.26602988,4,0,0,,,,,
H16,1,0,2239,9.25011165699,0.269763287182,0.00391134230132,0.000334879084412,1066.34669835,650,0.134671938344,468.758441491,34.2953846154,2654.01201173,4,0,0,,,,,
H17,1,0,2220,8.8045045045,0.290990990991,0.00295790088,0.000370732598664,1018.17320591,710,0.124517993881,285.989166255,30.8957746479,1906.67917828,4,0,0,,,,,
H18,1,0,2174,10.6780128795,0.327506899724,0.0045537152268,0.000448383552254,1020.34965569,767,0.128722850709,377.583128241,32.9413298566,2451.52351603,4,0,0,,,,,
H19,1,0,2275,9.99384615385,0.257582417582,0.00316980662732,0.000328780412594,1009.37379312,647,0.122803966773,330.135188403,38.4064914992,2211.44205731,4,0,0,,,,,
H20,1,0,2336,9.76498287671,0.332191780822,0.00354306083623,0.00042372952298,984.436295102,841,0.125844680726,324.166699321,29.4316290131,2096.92250564,4,0,0,,,,,
H21,1,0,2246,9.90961709706,0.329029385574,0.00381199039257,0.000409858091219,984.307309687,789,0.133548180758,365.308335729,30.6603295311,2182.96865238,4,0,0,,,,,
H22,1,0,2259,10.1983178398,0.292607348384,0.00343496062066,0.000381424714408,1004.00179758,707,0.128227204408,287.355952423,35.0622347949,1856.90504689,4,0,0,,,,,
H23,1,0,2091,10.7895743663,0.343854615017,0.0030264401676,0.000422238949277,943.365559215,786,0.11896217187,258.136095007,31.8053435115,1821.29562216,4,0,0,,,,,
H24,1,0,2112,42.5104166667,1.51941287879,0.0122992227575,0.0019848176663,1099.85904535,3481,0.122557953022,247.471578816,28.282102844,1893.90450977,4,0,0,,,,,
I01,1,0,2307,111.427394885,4.79020372779,0.0502513806679,0.00694766279135,1506.11896758,11925,0.151895815503,458.597557789,23.3763522013,2786.70696465,4,0,0,,,,,
I02,1,0,2249,7.86705202312,0.192974655402,0.00239296979259,0.000257427690096,1039.76881194,473,0.121352662594,278.004269067,41.1035940803,1929.84181069,4,0,0,,,,,
I03,1,0,2245,9.55590200445,0.257461024499,0.00279456821203,0.000312606163088,948.375686129,628,0.12259611864,247.252857309,37.1847133758,1748.70926788,4,0,0,,,,,
I04,1,0,2131,10.5387142187,0.277334584702,0.00283360887835,0.000350379000941,1019.53229555,646,0.119011811317,236.019417698,38.6424148607,1789.48890706,4,0,0,,,,,
I05,1,0,2099,13.6979514054,0.399714149595,0.00357222576516,0.000442808420519,1054.51889796,939,0.121444469608,268.8810223,34.3567625133,1958.08947299,4,0,0,,,,,
I06,1,0,2159,11.0736452061,0.358962482631,0.00318005276855,0.000455568835767,1036.64194335,848,0.11935912689,275.779880304,31.3172169811,1981.65255658,4,0,0,,,,,
I07,1,0,2270,8.54889867841,0.263876651982,0.00255621748979,0.000331930885164,1049.09537998,651,0.119832543504,258.121172444,32.356374808,1878.85512206,4,0,0,,,,,
I08,1,0,2015,19.1682382134,0.586600496278,0.00579545766555,0.000790304237576,1052.54736592,1291,0.118224080833,257.083753573,32.8040278854,1915.38032442,4,0,0,,,,,
I09,1,0,1981,19.5825340737,0.638061585058,0.00591411073063,0.000806223963637,1205.62112717,1350,0.121245066882,299.525058341,30.7644444444,2181.29193433,4,0,0,,,,,
I10,1,0,2093,7.9221213569,0.229813664596,0.00292174391096,0.000292544394059,1049.51006642,514,0.125403280379,381.204374037,34.6750972763,2544.00771426,4,0,0,,,,,
I11,1,0,2222,8.09135913591,0.259225922592,0.00254216522016,0.00033262193333,1056.2999047,637,0.120133593345,281.045490794,31.5494505495,2055.87197505,4,0,0,,,,,
I12,1,0,2234,9.9503133393,0.282005371531,0.00320400999448,0.000361628566518,1050.88245835,705,0.121615158529,333.013051626,35.5886524823,2268.79284626,4,0,0,,,,,
I13,1,0,2107,9.52586616042,0.27717133365,0.0029481807924,0.000355381946333,1040.96243093,641,0.120326856117,268.848112066,34.647425897,1961.81732704,4,0,0,,,,,
I14,1,0,2235,8.09574944072,0.296196868009,0.00284275251991,0.000368062293592,1033.83640469,717,0.128202928932,322.457516529,27.4979079498,2137.46105282,4,0,0,,,,,
I15,1,0,2150,12.6125581395,0.423255813953,0.00353149870713,0.000549945272329,1096.00642063,991,0.118530653079,266.463135186,30.1654894046,1969.51055485,4,0,0,,,,,
I16,1,0,2285,10.1382932166,0.280087527352,0.00332017665443,0.000349558541002,1027.88124338,700,0.124461905237,312.455101185,36.5628571429,2045.62503193,4,0,0,,,,,
I17,1,0,2289,8.86500655308,0.256443861948,0.00268084779389,0.000331904223178,992.567639971,626,0.119230112969,248.153501065,34.6054313099,1821.87834997,4,0,0,,,,,
I18,1,0,2214,8.6738934056,0.313008130081,0.00315428474189,0.000388382478587,1003.22367997,754,0.128259898902,342.162719397,27.5358090186,2239.74266881,4,0,0,,,,,
I19,1,0,2227,10.3408172429,0.286933093848,0.00380962008764,0.00035075998051,997.234213258,681,0.131384573031,343.656728333,36.2364170338,2180.11144188,4,0,0,,,,,
I20,1,0,2152,9.63336431227,0.322026022305,0.00312616990858,0.000403937071229,947.490707065,742,0.121336573784,289.83372836,29.9447439353,1982.67286141,4,0,0,,,,,
I21,1,0,2165,11.2605080831,0.299769053118,0.00367938615608,0.000369762471061,923.96239252,696,0.12347148904,268.572497546,37.4712643678,1812.19627084,4,0,0,,,,,
I22,1,0,2195,10.1129840547,0.295216400911,0.00328583577604,0.000373856486951,919.956813138,703,0.121323729615,261.658702755,34.5220483642,1811.40331022,4,0,0,,,,,
I23,1,0,2097,104.892703863,4.81068192656,0.0425596814006,0.0066469665534,1440.78423571,10878,0.148548625888,418.166510391,22.0035852179,2612.60210161,4,0,0,,,,,
I24,1,0,2273,10.0356357237,0.280246370436,0.00324285929074,0.000360919190019,1258.94770616,696,0.129405964053,347.811410331,36.5215517241,2333.81081714,4,0,0,,,,,
J01,1,0,2442,111.22972973,4.79647829648,0.0510102772758,0.00717802866844,1687.45891291,12475,0.152103133971,508.405544545,23.3470140281,3105.46293006,4,0,0,,,,,
J02,1,0,2454,10.3219233904,0.269356153219,0.00315922648313,0.000347813964348,1000.06143255,703,0.120611355976,299.193901944,38.3058321479,2141.31975108,4,0,0,,,,,
J03,1,0,2253,9.76964047936,0.261873058145,0.00302825098243,0.000328133206305,981.144929852,634,0.122600035998,267.556506606,37.1971608833,1890.6034568,4,0,0,,,,,
J04,1,0,2274,12.1486367634,0.342568161829,0.003481345623,0.000451223683658,1006.6535328,865,0.116517036171,235.229169929,35.1502890173,1831.07964778,4,0,0,,,,,
J05,1,0,2216,9.8916967509,0.293772563177,0.00293396453965,0.000349490804101,1034.95556142,713,0.118784336931,275.162312681,33.5497896213,1990.11272636,4,0,0,,,,,
J06,1,0,2298,7.81418624891,0.241514360313,0.00245769877304,0.000295265232262,1058.68075212,614,0.124596648413,286.099100685,32.1791530945,1975.00029985,4,0,0,,,,,
J07,1,0,2345,7.2132196162,0.220042643923,0.00208550341839,0.000273316282463,1049.82203575,554,0.120590141125,268.949922842,33.2707581227,1938.42416765,4,0,0,,,,,
J08,1,0,2211,9.52329262777,0.301673450927,0.00308970914358,0.000377216223967,1042.45982462,713,0.122914089883,305.890538807,31.9004207574,2062.72379336,4,0,0,,,,,
J09,1,0,2206,45.0149592022,1.64279238441,0.013185757459,0.002223893223,1189.46847267,3891,0.122437927773,260.428280956,27.489077358,2007.93604539,4,0,0,,,,,
J10,1,0,2166,7.44090489381,0.209141274238,0.00282318094908,0.000264698310078,1145.82522044,498,0.130631589501,387.216883203,36.2831325301,2360.43013862,4,0,0,,,,,
J11,1,0,1633,8.85548071035,0.270055113288,0.00287837214325,0.000336904278617,1036.49801334,478,0.124788934068,319.97776545,32.9728033473,2024.41762398,3,0,0,,,,,
J12,1,0,2181,10.6593305823,0.285190279688,0.00280702304874,0.000347650377634,1063.82753913,685,0.121443966317,280.449107306,37.2875912409,2074.65525891,4,0,0,,,,,
J13,1,0,2293,8.54557348452,0.224596598343,0.00255539487099,0.000299254752894,1032.67019031,552,0.117576547995,251.893959359,37.8278985507,1873.92818693,4,0,0,,,,,
J14,1,0,2182,7.63153070577,0.238313473877,0.00203601266095,0.000289510358259,999.111660071,568,0.120888484703,248.904910966,32.3468309859,1811.0293624,4,0,0,,,,,
J15,1,0,2154,9.99442896936,0.308727948004,0.00302462273855,0.000406250550086,1025.56095714,727,0.117968674208,263.898380491,32.8005502063,1904.79149801,4,0,0,,,,,
J16,1,0,1506,12.6965471448,0.323373173971,0.00340122499024,0.000374410169436,1033.97177751,532,0.123816361798,291.76159376,39.7913533835,2013.53520652,3,0,0,,,,,
J17,1,0,3,49,1,0.000364895272522,2.52436002484E-05,805.220570785,58,0.180534738087,463.47882685,51.6724137931,2073.62556391,4,0,0,,,,,
J18,1,0,2281,9.08548882069,0.276633055677,0.0029328146083,0.000359972340525,1000.37644636,684,0.125626793236,279.234215102,32.918128655,1922.26659294,4,0,0,,,,,
J19,1,0,2220,8.89414414414,0.265315315315,0.00271925926203,0.00034813027561,989.05468693,639,0.123609302719,275.667150722,33.710485133,1935.77843744,4,0,0,,,,,
J20,1,0,2131,9.59361801971,0.313467855467,0.00350373816684,0.000375653462332,1003.59833207,722,0.128379731297,337.11195875,30.3462603878,2179.62855771,4,0,0,,,,,
J21,1,0,2190,9.76803652968,0.293150684932,0.00294816013842,0.000342886986561,953.292653177,689,0.124716405918,275.428020055,33.4208998549,1872.6082922,4,0,0,,,,,
J22,1,0,2224,10.2882194245,0.319694244604,0.00299566616345,0.000386379798675,906.775954577,747,0.120407272516,237.112627465,32.2235609103,1682.56109906,4,0,0,,,,,
J23,1,0,2130,92.3253521127,4.32300469484,0.034810216646,0.00592114441078,1275.2832626,10031,0.144890763634,355.131023514,21.4959625162,2282.87341406,4,0,0,,,,,
J24,1,0,2145,8.96643356643,0.265268065268,0.00246871467593,0.000323200715887,1091.95090987,618,0.124027761894,268.068251724,34.0970873786,1963.08682499,4,0,0,,,,,
K01,1,0,2178,106.880624426,4.24655647383,0.0456879634989,0.00618260028295,1563.81714262,10079,0.148417799252,458.522641843,25.2319674571,2851.2253482,4,0,0,,,,,
K02,1,0,2264,9.53621908127,0.244699646643,0.00278543621812,0.000307734444299,952.939319774,611,0.122742436245,259.207817472,39.0572831424,1792.40327428,4,0,0,,,,,
K03,1,0,1489,14.323707186,0.38280725319,0.00303888650794,0.000314390292139,918.607751428,641,0.116744103131,231.260586951,37.6037441498,1718.921317,4,0,0,,,,,
K04,1,0,2177,9.26458429031,0.260909508498,0.00262622632568,0.000325161050047,958.809604085,629,0.122845459873,258.458379923,35.2861685215,1821.26780391,4,0,0,,,,,
K05,1,0,2263,9.34511710119,0.254971277066,0.00302069091384,0.000321064179856,994.535778308,623,0.123989283601,294.481944971,37.0497592295,1953.68445632,4,0,0,,,,,
K06,1,0,2153,65.5508592661,2.69670227589,0.0225097827168,0.0036409107131,1309.22456452,6273,0.133185769593,339.014789293,24.4487486051,2363.84068878,4,0,0,,,,,
K07,1,0,2090,9.62775119617,0.277033492823,0.0031650329169,0.000358714835992,1033.78655462,634,0.125337089612,319.567059396,35.0299684543,2132.27232462,4,0,0,,,,,
K08,1,0,2199,9.20964074579,0.2482946794,0.00312808934493,0.000309040820704,1080.03987541,605,0.124451726531,380.903031577,37.3950413223,2533.66630492,4,0,0,,,,,
K09,1,0,2144,7.86333955224,0.208955223881,0.0027652179141,0.000261020881205,1072.54182563,497,0.128325141017,388.214900323,37.384305835,2531.14581545,4,0,0,,,,,
K10,1,0,2043,9.03817914831,0.262359275575,0.00318795142334,0.000364584077254,1073.0484,595,0.120507998568,330.577415601,35.0453781513,2280.47638105,4,0,0,,,,,
K11,1,0,2217,7.53766350925,0.19350473613,0.00272078510245,0.000246649683106,1113.21540093,472,0.130103620927,380.520071712,39.3411016949,2425.37173751,4,0,0,,,,,
K12,1,0,72,637.277777778,23.6111111111,0.0308021043784,0.00217408298204,8794.19887986,3573,0.144663993157,995.791130728,26.0540162329,6651.48288214,4,0,0,,,,,
K13,1,0,2067,8.59603289792,0.254475084664,0.00265125021421,0.000319500604654,1049.08732854,560,0.121925518449,299.173460442,33.9446428571,2073.67157201,4,0,0,,,,,
K14,1,0,2168,9.48939114391,0.328413284133,0.00324084005771,0.000399973079095,1030.67025366,753,0.124350864248,318.459711647,29.0982735724,2206.80332611,4,0,0,,,,,
K15,1,0,2322,8.30921619294,0.225236864772,0.00300341065136,0.000302757796912,1040.58062573,578,0.126405121145,334.758541412,37.5311418685,2131.05412315,4,0,0,,,,,
K16,1,0,2217,8.23094271538,0.247631935047,0.00255962715093,0.000313367597525,1025.43366421,602,0.122807880822,277.396509095,34.0564784053,1926.2353295,4,0,0,,,,,
K17,1,0,2173,22.9930971008,0.830188679245,0.00648920587733,0.00104164449047,1049.74203697,1952,0.120001035888,253.190964493,28.0158811475,1931.73938342,4,0,0,,,,,
K18,1,0,2209,70.36713445,2.95246717972,0.0265842056131,0.00413727252733,1365.20792801,6998,0.134818154149,378.415699067,23.940983138,2630.62667227,4,0,0,,,,,
K19,1,0,2058,13.5014577259,0.456268221574,0.00446974979378,0.000566477960559,1013.66123806,1035,0.124699740813,288.010736835,30.1797101449,1987.09693375,4,0,0,,,,,
K20,1,0,2284,9.25656742557,0.275831873905,0.00346100485713,0.000400169227675,988.098135794,686,0.128558929434,338.481310512,33.5218658892,2258.60887769,4,0,0,,,,,
K21,1,0,2127,18.7127409497,0.650211565585,0.00538697392081,0.000848166058884,934.095360988,1486,0.119387295601,216.259137906,28.8263795424,1648.49298503,4,0,0,,,,,
K22,1,0,2133,10.4889826535,0.300515705579,0.00336680641118,0.000378374348227,943.788885937,699,0.123528098573,303.650387976,35.4806866953,1976.89337704,4,0,0,,,,,
K23,1,0,2019,96.2075284794,3.82367508668,0.0352082916324,0.00522252946134,1282.4757377,8265,0.142001136677,367.025082144,25.4619479734,2369.76592911,4,0,0,,,,,
K24,1,0,2032,9.10777559055,0.258858267717,0.00262380933682,0.000330084473287,948.306200992,575,0.120736253278,281.390577537,35.3426086957,1947.97498503,4,0,0,,,,,
L01,1,0,2141,104.602055114,4.14712751051,0.0429337047459,0.00562623728693,1642.04510989,9431,0.14716449432,502.526480959,25.4488389354,3182.14162966,4,0,0,,,,,
L02,1,0,2244,86.2994652406,3.41666666667,0.031351188404,0.00472952114411,1299.65257816,8269,0.141679661894,355.25726855,25.4579755714,2324.26069023,4,0,0,,,,,
L03,1,0,2192,9.88275547445,0.278284671533,0.00285417027114,0.000349228630713,997.987461178,670,0.11934408908,270.193920129,35.5149253731,1898.12788956,4,0,0,,,,,
L04,1,0,2207,10.1209787041,0.2736746715,0.00348434479958,0.00033826934624,994.508195684,662,0.128666903743,307.127735603,37.2628398792,2000.52658608,4,0,0,,,,,
L05,1,0,2002,9.22727272727,0.244755244755,0.00323399894277,0.000303480628442,1031.89681675,530,0.126558264523,330.001325613,37.4283018868,2096.19702047,4,0,0,,,,,
L06,1,0,569,77.2460456942,2.49384885764,0.0607668648589,0.00369426797092,2437.72627121,1564,0.179180148342,1215.09711086,31.5038363171,5794.53927573,4,0,0,,,,,
L07,1,0,2100,7.88,0.225714285714,0.00240496782129,0.000292041169457,1047.62578439,533,0.120423163395,316.8677034,35.4840525328,2131.90712946,4,0,0,,,,,
L08,1,0,2255,59.6514412417,2.34944567627,0.0177648558023,0.00316920463957,1223.38894305,5724,0.126425455003,284.369558194,25.5412299092,2109.40486188,4,0,0,,,,,
L09,1,0,2208,8.00543478261,0.219202898551,0.00277071806231,0.000286240903878,1032.5671375,525,0.123973466339,324.645744841,36.8323809524,2161.55049567,4,0,0,,,,,
L10,1,0,2201,8.4956837801,0.241708314403,0.00301095376896,0.000309495691406,1088.28289675,571,0.128124356325,367.000228128,35.3555166375,2386.66475232,4,0,0,,,,,
L11,1,0,2259,23.9517485613,0.892430278884,0.00659490813684,0.00110041146008,1111.75214334,2195,0.121998010261,261.685195687,27.210022779,1965.27687325,4,0,0,,,,,
L12,1,0,2236,9.33139534884,0.248211091234,0.00317264791133,0.000307654829753,1061.52722478,602,0.12406039254,333.157305023,38.3006644518,2238.15503448,4,0,0,,,,,
L13,1,0,2048,40.8037109375,1.552734375,0.0117038312287,0.00210365393929,1172.57401049,3436,0.122700222086,259.014180291,26.5838183935,1964.27148367,4,0,0,,,,,
L14,1,0,2237,10.6151095217,0.31426016987,0.00381632628325,0.000409163519393,1039.48074004,771,0.125433127967,343.977305658,34.3683527886,2276.76164892,4,0,0,,,,,
L15,1,0,2045,15.2621026895,0.503178484108,0.00433795039356,0.000613024740874,1083.66608366,1127,0.11912320792,269.970330436,30.6823425022,2029.49312674,4,0,0,,,,,
L16,1,0,2114,9.57379375591,0.248817407758,0.00326155155925,0.000335760166213,1020.92559573,569,0.123687012062,313.848275072,38.848857645,2138.48864634,4,0,0,,,,,
L17,1,0,2131,9.24683247302,0.249648052557,0.00363379729039,0.000319347286866,1001.49517865,581,0.130190859857,383.10001844,37.2874354561,2376.31023402,4,0,0,,,,,
L18,1,0,2032,8.4030511811,0.243602362205,0.0025187530927,0.00032478423885,989.5289428,531,0.119549211595,246.719506113,34.8399246704,1869.25914159,4,0,0,,,,,
L19,1,0,2235,10.0845637584,0.304697986577,0.00348393162294,0.000408694186374,1003.94387648,744,0.125147793633,283.640540846,33.3857526882,1908.77654338,4,0,0,,,,,
L20,1,0,1950,64.8953846154,2.60923076923,0.0244954971181,0.00350208129944,1257.65988468,5499,0.139558837359,383.754499541,25.0749227132,2406.19018998,4,0,0,,,,,
L21,1,0,2042,10.2027424094,0.29236043095,0.0032889960704,0.000351855988198,940.975116522,658,0.124926015713,299.315941067,35.4574468085,1958.79158907,4,0,0,,,,,
L22,1,0,1161,68.1851851852,1.30318690784,0.0231075476774,0.00169497258199,1052.06201473,1681,0.139759093339,328.56913786,52.9666864961,1982.11422933,4,0,0,,,,,
L23,1,0,1984,108.070060484,4.58921370968,0.0459150157925,0.00632653086283,1780.2687585,9706,0.147345482344,541.663686873,23.7098701834,3407.07846188,4,0,0,,,,,
L24,1,0,2058,116.026724976,4.79737609329,0.0469005632499,0.00662904441389,1528.29191894,10693,0.148702857143,439.8947364,24.3766950341,2744.23523172,4,0,0,,,,,
M01,1,0,2123,67.6208195949,2.30617051342,0.0227023850151,0.0030791796762,1276.63916452,5349,0.128286582428,318.41836564,29.578425874,2356.69519481,4,0,0,,,,,
M02,1,0,2030,92.5334975369,3.22857142857,0.0328637146895,0.00435452215282,1518.12715027,7045,0.140946424501,409.507313853,28.7858055358,2703.32205623,4,0,0,,,,,
M03,1,0,2170,9.20506912442,0.241474654378,0.00264600023873,0.000297094097153,956.115412905,581,0.123684242202,253.74549837,38.430292599,1823.65865425,4,0,0,,,,,
M04,1,0,2172,8.68001841621,0.266114180479,0.00295830630502,0.000352056312966,957.344486597,625,0.121999017762,265.738814891,32.9584,1912.4262773,4,0,0,,,,,
M05,1,0,2184,8.57509157509,0.238553113553,0.0026230560592,0.000295264393392,967.102978059,584,0.122622537514,288.349422384,35.5839041096,1965.66090122,4,0,0,,,,,
M06,1,0,719,37.5716272601,1.14325452017,0.00759061940361,0.000993682248601,1105.53558182,927,0.11654863985,219.550464687,33.0140237325,1671.54435403,4,0,0,,,,,
M07,1,0,2201,8.47796456156,0.230349840981,0.00270688465155,0.000295431557725,1069.8461245,556,0.122828059392,304.655845152,36.940647482,2141.65402119,4,0,0,,,,,
M08,1,0,934,21.9582441113,0.689507494647,0.00924967841902,0.00110980630701,1181.16879347,702,0.135061654969,336.32682661,31.7763532764,2206.55191253,4,0,0,,,,,
M09,1,0,1930,25.6471502591,0.899481865285,0.00770203387912,0.00115561192057,1135.95951863,1870,0.123112002621,285.84736303,28.656684492,2075.96921454,4,0,0,,,,,
M10,1,0,1985,7.75314861461,0.229722921914,0.0024946835056,0.000288005731516,1004.60414839,502,0.12549579741,294.267801778,34.3227091633,1993.44717592,4,0,0,,,,,
M11,1,0,2062,10.4451988361,0.314742967992,0.00292936151478,0.000382429265569,1029.50588176,722,0.120993825486,261.476390744,33.4141274238,1858.01281805,4,0,0,,,,,
M12,1,0,2129,28.8496946923,0.340535462659,0.00795986443463,0.000445316389442,2284.60135566,780,0.120728128044,739.011650149,84.9756410256,4927.84278293,4,0,0,,,,,
M13,1,0,1597,21.0832811522,0.743894802755,0.0088677554435,0.0011517476013,1106.14387905,1285,0.13396943003,336.32771723,28.6365758755,2145.34983322,4,0,0,,,,,
M14,1,0,2221,9.35839711842,0.277352543899,0.00332499529696,0.000364966645227,1069.34467277,669,0.125297546128,337.652948958,33.66367713,2236.48784191,4,0,0,,,,,
M15,1,0,2131,27.4382918817,1.03237916471,0.00763921214469,0.00134921864105,1046.63256867,2395,0.120816259549,231.942195089,26.7949895616,1783.06365788,4,0,0,,,,,
M16,1,0,2223,7.35177687809,0.229869545659,0.00298504550347,0.000299625704374,1016.1321308,558,0.129238656526,368.647177889,31.8566308244,2349.77859991,4,0,0,,,,,
M17,1,0,2148,7.66945996276,0.229981378026,0.00244172278719,0.00028724345942,1015.73741561,535,0.123609559957,297.582605816,33.661682243,2047.08237059,4,0,0,,,,,
M18,1,0,2019,97.2748885587,4.44675581971,0.044879543758,0.00631021327634,1517.16973893,9815,0.14853468259,492.635327525,21.9660723383,2949.48342445,4,0,0,,,,,
M19,1,0,2120,9.89669811321,0.292924528302,0.00322864522237,0.000359172981758,972.497501167,687,0.126403499647,304.864647039,34.0480349345,1954.55961718,4,0,0,,,,,
M20,1,0,2180,7.99266055046,0.250458715596,0.00254276071509,0.000329036704465,951.700909308,597,0.120241367892,273.431742703,32.2495812395,1936.01816513,4,0,0,,,,,
M21,1,0,2116,9.66209829868,0.2797731569,0.00361457490238,0.000360548988219,965.242051476,643,0.125463049141,390.944976839,34.9517884914,2524.53365956,4,0,0,,,,,
M22,1,0,2092,9.98804971319,0.27724665392,0.00300077696663,0.000354617982812,981.899814144,632,0.122837491266,288.929538803,36.2689873418,2008.56946167,4,0,0,,,,,
M23,1,0,2299,60.4932579382,2.14397564158,0.019467962034,0.00291435271463,1286.48310301,5255,0.12529875384,286.148264818,28.3545195052,2167.27432321,4,0,0,,,,,
M24,1,0,2096,89.9217557252,3.87070610687,0.0319291485831,0.00522862862668,1296.2910365,8933,0.141489247504,347.374437914,23.3450128736,2288.29318504,4,0,0,,,,,
N01,1,0,2325,9.14709677419,0.201720430108,0.00275335344837,0.000280612107366,940.103796285,514,0.120154599756,241.650173016,45.2101167315,1795.98865762,4,0,0,,,,,
N02,1,0,1989,95.3509301156,3.90749120161,0.0362379211198,0.0053912550026,1349.15741621,8365,0.144198981681,387.16232687,24.4810520024,2481.00186057,4,0,0,,,,,
N03,1,0,1998,6.11611611612,0.144644644645,0.00253144176919,0.000183018781112,930.081166413,319,0.135289784018,395.122748473,42.539184953,2319.82031099,4,0,0,,,,,
N04,1,0,2121,9.00377180575,0.261197548326,0.00278031410096,0.000322062743038,956.894846152,599,0.124364342096,264.667980209,34.4357262104,1853.25096075,4,0,0,,,,,
N05,1,0,1178,26.5865874363,0.929541595925,0.00648539152239,0.000994846230838,1021.43719166,1163,0.124288328229,252.079143084,29.0429922614,1778.76850882,4,0,0,,,,,
N06,1,0,2033,10.1028037383,0.262666010821,0.00363418608056,0.000338247082813,1013.49718674,589,0.127994387481,410.589325334,39.415959253,2620.2511238,4,0,0,,,,,
N07,1,0,2040,8.5568627451,0.232843137255,0.00297370071948,0.000296233792909,1029.04682289,519,0.129433590931,361.128083983,36.6069364162,2274.7195036,4,0,0,,,,,
N08,1,0,2114,7.70293282876,0.19394512772,0.00261779548754,0.000257064788433,987.080548855,444,0.127086544362,334.590545402,40.4527027027,2171.53934282,4,0,0,,,,,
N09,1,0,2036,9.85461689587,0.253438113949,0.0030787283747,0.000298499015441,959.328461084,552,0.124470354739,314.79650185,39.1086956522,2114.37805582,4,0,0,,,,,
N10,1,0,2222,8.58730873087,0.237173717372,0.00281422985089,0.000304433891068,1020.33640835,583,0.123927537849,288.993465099,36.0308747856,1975.67301281,4,0,0,,,,,
N11,1,0,2087,39.7379012937,1.52803066603,0.012058924533,0.00205637434899,1142.79145239,3448,0.12345754635,271.624573721,26.2178074246,2031.73765728,4,0,0,,,,,
N12,1,0,2062,8.26818622696,0.225509214355,0.00282700635774,0.000282277748353,1047.00806328,509,0.129398444272,369.997026161,36.4381139489,2273.28747715,4,0,0,,,,,
N13,1,0,2080,6.46923076923,0.162980769231,0.00185933972319,0.000208433476837,1013.26004572,362,0.120674226037,260.828844034,39.7845303867,1898.56553069,4,0,0,,,,,
N14,1,0,2100,9.05285714286,0.266666666667,0.00309730150259,0.000352391932789,995.387850193,612,0.125543805995,293.595838795,34.3611111111,2009.05111175,4,0,0,,,,,
N15,1,0,1867,9.10069630423,0.347080878415,0.0023799489511,0.000380240531529,1015.43376365,710,0.1206333355,257.41326617,26.0478873239,1919.6627992,4,0,0,,,,,
N16,1,0,1904,78.3644957983,3.82615546218,0.0294436290923,0.00522609269472,1357.57221924,7847,0.137661412356,374.503726727,20.7215496368,2546.81292378,4,0,0,,,,,
N17,1,0,2015,11.6004962779,0.325558312655,0.00335386161443,0.000376744206594,988.576587111,723,0.119937011217,303.5168419,35.235131397,2011.03358586,4,0,0,,,,,
N18,1,0,2080,9.48798076923,0.308653846154,0.00324636011784,0.000380390323615,993.543586949,702,0.125640373438,313.377915305,30.7720797721,2172.39988457,4,0,0,,,,,
N19,1,0,2066,8.86156824782,0.256534365924,0.00244392214452,0.000312784916372,958.096341444,586,0.124523047748,256.139130803,34.4709897611,1822.52782995,4,0,0,,,,,
N20,1,0,2043,9.38032305433,0.285364659814,0.00345944916469,0.00036547034284,950.932422184,634,0.127395561152,375.477839851,32.9100946372,2446.06742369,4,0,0,,,,,
N21,1,0,2103,9.05896338564,0.288159771755,0.00297045088674,0.0003658949864,931.387261644,654,0.123920263624,273.68814395,31.8042813456,1901.71271339,4,0,0,,,,,
N22,1,0,2152,10.4934944238,0.294144981413,0.00322247080938,0.000380709537527,966.083277108,686,0.119641165388,256.437166111,35.5728862974,1819.90120328,4,0,0,,,,,
N23,1,0,1969,8.39715591671,0.236668359573,0.00254539120165,0.000289611575719,982.9481215,511,0.124377113169,324.899279433,35.7847358121,2171.17520279,4,0,0,,,,,
N24,1,0,1986,116.742698892,4.99647532729,0.0456826024133,0.0068336894682,1555.64594333,10807,0.14734222303,449.691685586,23.4491533265,2830.14508617,4,0,0,,,,,
O01,1,0,2064,8.54166666667,0.202519379845,0.0025634878549,0.000252771362087,981.690381802,466,0.126294808972,306.789422616,42.5128755365,2023.85789278,4,0,0,,,,,
O02,1,0,1777,136.77039955,5.69780528981,0.0842872805005,0.00849734807522,2617.09798799,10968,0.167687670514,1000.61764983,24.056892778999998,5591.16625116,4,0,0,,,,,
O03,1,0,2112,9.49621212121,0.255681818182,0.00297157027596,0.000321294327746,946.003482609,578,0.117383709178,249.173070195,36.9480968858,1798.92164794,4,0,0,,,,,
O04,1,0,2303,10.7203647416,0.265740338689,0.00351022164825,0.000325079438691,1030.82112586,649,0.124753396774,341.199847919,40.1956856703,2181.01536277,4,0,0,,,,,
O05,1,0,1745,8.49054441261,0.279083094556,0.0025703444902,0.000347073498832,979.166222342,524,0.124369860509,279.767905754,30.9980916031,2002.80589044,3,0,0,,,,,
O06,1,0,2248,8.78959074733,0.257117437722,0.00330634674284,0.000357839595975,992.588211174,612,0.126957267298,302.294103588,33.9869281046,2014.25734596,4,0,0,,,,,
O07,1,0,2173,9.5158766682,0.245283018868,0.00315547841606,0.00031208976377,1092.47923585,565,0.126430714643,367.975833827,39.0230088496,2418.92938319,4,0,0,,,,,
O08,1,0,2191,10.5230488361,0.286170698311,0.00398533359591,0.00036036785775,1062.50188812,684,0.132046757459,366.055683088,37.6315789474,2296.90982401,4,0,0,,,,,
O09,1,0,1945,8.20822622108,0.20616966581,0.00244623489485,0.000261649561766,995.41368452,437,0.121605506792,248.606698775,39.3386727689,1839.94029023,4,0,0,,,,,
O10,1,0,2054,8.72833495618,0.22005842259,0.00270399675102,0.00028011930041,1026.3435641,499,0.122450695984,322.931792052,40.0601202405,2181.06081158,4,0,0,,,,,
O11,1,0,2102,8.72882968601,0.256422454805,0.00311317440706,0.000311115645269,1051.91794205,593,0.12651383749,326.38617353,34.6374367622,2093.39079751,4,0,0,,,,,
O12,1,0,2139,9.67040673212,0.218326320711,0.00326768690343,0.000281143910268,1050.24314704,503,0.126922676554,337.176776937,44.2246520875,2117.67890358,4,0,0,,,,,
O13,1,0,1965,10.6554707379,0.326717557252,0.00319740929683,0.000426961691015,1032.67238462,689,0.121133838871,286.027682561,32.7373004354,1971.07261607,4,0,0,,,,,
O14,1,0,2226,9.16217430368,0.243036837376,0.00302717658059,0.000321430447556,1040.54511493,599,0.125396594438,299.210786355,37.9248747913,2025.55157289,4,0,0,,,,,
O15,1,0,2074,9.57955641273,0.302796528447,0.00329938886013,0.000353546740308,1053.79699109,683,0.129130712503,385.043804232,31.8491947291,2519.14728621,4,0,0,,,,,
O16,1,0,2148,8.67225325885,0.240223463687,0.00254006464899,0.000310610717522,1015.08178109,571,0.12316240351,323.610916168,36.2942206655,2184.53720768,4,0,0,,,,,
O17,1,0,1965,12.2030534351,0.408651399491,0.00411465856033,0.000530277585696,1084.88612281,877,0.123778481306,326.055399363,30.4401368301,2215.62675601,4,0,0,,,,,
O18,1,0,1990,9.49949748744,0.284924623116,0.00258258088401,0.000343875278998,987.663803538,622,0.12149828008,257.570533191,33.5080385852,1797.23066526,4,0,0,,,,,
O19,1,0,2027,9.23630981746,0.283670448939,0.00276786997001,0.000350362638176,991.890396137,629,0.121993931189,283.575469179,32.9459459459,1993.43721971,4,0,0,,,,,
O20,1,0,2159,8.74339972209,0.261232051876,0.00261251693501,0.000331886724005,944.002190485,612,0.121422273756,251.830128727,33.7990196078,1789.96161655,4,0,0,,,,,
O21,1,0,2042,8.76836434868,0.29236043095,0.00307791421406,0.000372754959248,948.225526012,638,0.127236340873,275.150515219,30.4623824451,1869.42813999,4,0,0,,,,,
O22,1,0,2233,11.7151813704,0.342588446037,0.00370185711716,0.000457570917506,993.49363366,830,0.119629938966,267.188292402,34.5602409639,1899.13192488,4,0,0,,,,,
O23,1,0,2043,8.84385707293,0.255017131669,0.00248049842674,0.000323811401631,951.849652217,569,0.121835239198,248.930710815,34.5676625659,1835.50109309,4,0,0,,,,,
O24,1,0,2122,109.220546654,4.63666352498,0.0508854718527,0.00664265156084,2100.18776324,10609,0.149684089179,659.750920942,23.8401357338,4095.57702979,4,0,0,,,,,
P01,1,0,2161,9.48681166127,0.23877834336,0.0030223995289,0.000301509644359,992.567864184,575,0.124505401433,309.717598095,39.9304347826,2043.2268011,4,0,0,,,,,
P02,1,0,1950,45.2158974359,1.42358974359,0.0128674397474,0.00186578679342,1160.24851931,3019,0.121262286684,256.948900409,31.940046373,2005.3751659,4,0,0,,,,,
P03,1,0,1824,126.473135965,5.00657894737,0.068952394445,0.00754191778884,2066.01950658,9865,0.160704368177,731.391842558,25.3749619868,4236.38192643,4,0,0,,,,,
P04,1,0,2101,11.7177534507,0.366968110424,0.00406551962513,0.000469160163803,997.437188101,836,0.124717200479,337.125219148,32.2715311005,2278.14789363,4,0,0,,,,,
P05,1,0,2101,8.45454545455,0.245597334603,0.00241210844271,0.000303325848421,963.893753001,554,0.120608648922,246.400200178,34.6173285199,1773.00200514,4,0,0,,,,,
P06,1,0,2252,7.493339254,0.201598579041,0.00226268591004,0.000285305741378,987.129262793,476,0.119768882861,252.543390582,37.1008403361,1844.07434821,4,0,0,,,,,
P07,1,0,2100,7.45285714286,0.198095238095,0.00254716575026,0.000244947982913,999.915347529,449,0.123088468626,346.565600967,38.1091314031,2198.57294234,4,0,0,,,,,
P08,1,0,1965,7.36539440204,0.182188295165,0.0023867586068,0.000232527544144,1019.211755,392,0.124213620748,322.04889007,40.068877551,2136.77933994,4,0,0,,,,,
P09,1,0,2032,9.81003937008,0.24311023622,0.00318560610226,0.000305161307232,1076.65301324,524,0.124255872033,332.756331624,41.0400763359,2208.09432715,4,0,0,,,,,
P10,1,0,2072,7.81805019305,0.223455598456,0.00320203864216,0.000281008972721,1001.96499731,509,0.12904308926,348.623717637,35.0903732809,2183.7890571,4,0,0,,,,,
P11,1,0,2017,8.6812097174,0.225582548339,0.00313549398448,0.000315735324558,980.507331651,512,0.12174218815,285.929145076,39.638671875,1975.63543936,4,0,0,,,,,
P12,1,0,2136,8.94101123596,0.227996254682,0.00281734840207,0.000285788227966,1042.61394107,530,0.124964524617,304.258731781,39.7566037736,2015.31169124,4,0,0,,,,,
P13,1,0,2209,28.6432775011,1.03485740154,0.00784345530974,0.00136222717334,1116.40422379,2461,0.121353942933,246.62342074,27.8801300284,1899.94148579,4,0,0,,,,,
P14,1,0,2165,7.01570438799,0.194919168591,0.00213579278453,0.000252377471535,1016.81977159,476,0.121440904931,263.825597949,36.743697479,1895.292275,4,0,0,,,,,
P15,1,0,2093,9.54180602007,0.278069756331,0.00290217287136,0.000349152657098,1020.45672079,653,0.123765308999,295.224483567,34.4517611026,2096.89338733,4,0,0,,,,,
P16,1,0,2127,10.660554772,0.300893276916,0.00336783402987,0.00038766651361,1001.41965264,685,0.120218564416,271.348221813,35.9868613139,1947.07641604,4,0,0,,,,,
P17,1,0,1996,13.1728456914,0.447895791583,0.00458737867758,0.000604599735757,1013.83320514,937,0.121545855674,266.922040845,29.62113127,1876.52514676,4,0,0,,,,,
P18,1,0,2142,13.3193277311,0.428104575163,0.00365522790912,0.000532462642421,1008.93181456,1001,0.120422820737,247.484431062,31.6883116883,1862.81894876,4,0,0,,,,,
P19,1,0,1957,8.79560551865,0.222278998467,0.00273959994899,0.000281949897836,951.775778633,480,0.12210914639,282.001049971,39.69375,1880.85524945,4,0,0,,,,,
P20,1,0,2149,8.32712889716,0.249883666822,0.00239304857382,0.000310316172145,978.10382225,587,0.122805842293,282.300664715,33.2112436116,2048.12349128,4,0,0,,,,,
P21,1,0,2223,7.37246963563,0.219973009447,0.00257163743426,0.000314408729965,970.06278716,539,0.11976688781,272.024537238,33.6456400742,1905.63552099,4,0,0,,,,,
P22,1,0,1934,8.93691830403,0.242502585315,0.0029360226825,0.000314814497946,940.139931047,508,0.119678851872,269.539497772,37.6850393701,1834.40831763,4,0,0,,,,,
P23,1,0,2189,9.17359524897,0.258565555048,0.0025534376398,0.0003269617962,931.729484188,615,0.122427484841,239.835720574,35.8520325203,1715.74255748,4,0,0,,,,,
P24,1,0,1969,37.6079228035,1.32402234637,0.010128788508,0.00162483773327,1322.72195697,2815,0.118587044551,290.920287398,28.7207815275,2278.17447951,4,0,0,,,,,
