Well	Plane	Timepoint	Cell Selected - Number of Objects	Cell Selected - Total Spot Area - Mean per Well	Cell Selected - Number of Spots - Mean per Well	Cell Selected - Relative Spot Intensity - Mean per Well	Cell Selected - Number of Spots per Area of Cytoplasm - Mean per Well	Cell Selected - Intensity Cytoplasm Mean - Mean per Well	Spots Selected - Number of Objects	Spots Selected - Relative Spot  Intensity - Mean per Well	Spots Selected - Corrected Spot  Intensity - Mean per Well	Spots Selected - Spot Area [px²] - Mean per Well	Spots Selected - Intensity Spot Mean - Mean per Well	Number of Analyzed Fields	Height [µm]	Time [s]	Compound	Concentration	Cell Type	Cell Count	
A01	1	0	1918	123.681438999	4.37747653806	0.0504592678964	0.00622986071627	2249.54549431	9128	0.147239022448	619.543859603	28.5817265557	3933.42424004	4	0	0					
A02	1	0	2237	10.5051408136	0.256593652213	0.00414229687701	0.000322176225671	973.931176539	612	0.127929538317	499.629419254	41.1437908497	2857.26212863	4	0	0					
A03	1	0	2275	7.95120879121	0.213186813187	0.0024432683401	0.000282750148701	1035.36555552	508	0.120540238147	267.37744951	37.2559055118	1966.3348298	4	0	0					
A04	1	0	2315	8.14125269978	0.237149028078	0.00248273275656	0.000306260338347	1052.6595095	595	0.124023033766	278.842800333	34.8369747899	1921.50191503	4	0	0					
A05	1	0	2272	8.51144366197	0.244278169014	0.00253316284894	0.000322806984024	990.472517148	600	0.120666190547	253.888268365	35.1166666667	1886.08282028	4	0	0					
A06	1	0	2432	6.91447368421	0.192023026316	0.00244337948245	0.000245715294652	1074.05510871	525	0.126891380138	339.180270938	35.9314285714	2209.17598696	4	0	0					
A07	1	0	2244	13.7856506239	0.401515151515	0.00467435010467	0.000502867043281	1081.79391417	958	0.124259224782	347.82899571	34.74217119	2305.66929232	4	0	0					
A08	1	0	2093	13.2441471572	0.372193024367	0.00368711596543	0.000406412836916	1021.67428363	850	0.125725724607	321.551151247	36.3835294118	2156.48532732	4	0	0					
A09	1	0	2361	11.4531977975	0.329944938585	0.00374921824132	0.000416407039672	1171.49457864	833	0.126986966573	354.001463569	35.2004801921	2459.0722066	4	0	0					
A10	1	0	2215	8.91286681716	0.244243792325	0.00320952332477	0.000306292838873	1086.05684927	583	0.131560980959	382.51833357	36.8765008576	2362.164869	4	0	0					
A11	1	0	2236	9.14355992844	0.268783542039	0.00338019655057	0.000352844812073	1065.89688966	652	0.131834450473	373.690368211	34.2208588957	2317.30484665	4	0	0					
A12	1	0	2173	6.91624482283	0.178554993097	0.00255824443026	0.00022047096344	1034.63270728	430	0.130027591965	364.170696499	38.7372093023	2243.39850558	4	0	0					
A13	1	0	2234	11.1213070725	0.329901521934	0.00473516589573	0.000437871055907	1116.28521551	807	0.131937885412	423.313267513	33.8897149938	2725.99998467	4	0	0					
A14	1	0	2158	7.28776645042	0.205282669138	0.00239985089394	0.000276712104285	1052.216004	479	0.124813644387	293.781487318	36.3152400835	2050.33130739	4	0	0					
A15	1	0	2300	7.61260869565	0.208695652174	0.00202116292793	0.000240742082064	1031.36562751	518	0.118608117607	264.962286253	36.8146718147	1965.89981179	4	0	0					
A16	1	0	82	68.1951219512	1.0487804878	0.0188413267683	0.000996376201351	1137.58024657	98	0.15331860493	360.891526832	63.0714285714	2016.91877939	4	0	0					
A17	1	0	1780	8.54550561798	0.227528089888	0.00308963267825	0.000283445454457	1181.38746121	442	0.133094492147	429.10379007	37.6923076923	2586.72843135	3	0	0					
A18	1	0	2359	7.65112335735	0.205595591352	0.00262902457937	0.000275189321088	1075.31832527	518	0.124828422838	328.224948242	37.6216216216	2224.46014458	4	0	0					
A19	1	0	1731	144.987868284	6.04621606008	0.077187323818	0.00878882290573	2337.58436025	11482	0.159255746411	771.960735151	24.2514370319	4528.31295146	4	0	0					
A20	1	0	1667	9.09058188362	0.23275344931	0.00274122532231	0.000283848605198	942.828009921	414	0.124481755048	272.997906808	38.9299516908	1916.44778742	3	0	0					
A21	1	0	1531	8.53429131287	0.226649248857	0.00251401130378	0.000200031321438	1028.00003426	385	0.134376012236	397.454247448	37.2233766234	2287.61144325	4	0	0					
A22	1	0	2348	8.11286201022	0.237649063032	0.00281001978109	0.000302701113323	971.037883546	602	0.130883280517	340.969355973	34.6428571429	2124.7253868	4	0	0					
A23	1	0	2102	118.483824929	5.42768791627	0.0518803792238	0.00775837591581	1767.9491587	12291	0.151116698953	520.621992929	22.1680091124	3226.783547	4	0	0					
A24	1	0	2225	9.57617977528	0.262921348315	0.00403259658557	0.00032155944147	1161.87979676	628	0.136403197708	555.085927423	36.3964968153	3335.92730699	4	0	0					
B01	1	0	2029	131.625924101	4.98915722031	0.0627700213401	0.00733900411562	1684.45489349	10988	0.15604726547	524.909970777	26.5959228249	3113.63976082	4	0	0					
B02	1	0	2224	10.0238309353	0.24190647482	0.00349304505141	0.000338601462882	950.897131103	587	0.126007449921	314.741831235	41.6286201022	2062.60503632	4	0	0					
B03	1	0	2277	22.1493192798	0.779973649539	0.00625479706907	0.00103721762576	1028.32205238	1950	0.122031220629	240.106986684	28.4425641026	1797.2585811	4	0	0					
B04	1	0	2309	8.08575140754	0.214378518839	0.00273213728695	0.00029314115491	1020.8651285	536	0.124430775222	313.889343772	38.3843283582	2184.48890561	4	0	0					
B05	1	0	2399	8.43268028345	0.239266360984	0.00301132313437	0.000328170778607	985.85755243	619	0.126918972922	328.508218358	35.4911147011	2132.73145118	4	0	0					
B06	1	0	2235	13.9507829978	0.349888143177	0.00419974468486	0.000470884397894	1078.76830939	853	0.122906153717	302.548192779	40.1066822978	2160.13886338	4	0	0					
B07	1	0	2404	36.4155574043	1.48086522463	0.0106987225251	0.00192563984407	1151.78388624	3805	0.126594152776	269.798439651	24.8662286465	1968.04690672	4	0	0					
B08	1	0	2454	9.20945395273	0.279136104319	0.00330493192562	0.00036583765349	1069.65247381	737	0.124517849535	322.685105418	32.6037991859	2197.09346945	4	0	0					
B09	1	0	2404	8.66139767055	0.275790349418	0.00261594688622	0.000333482407044	1110.71197876	751	0.124721016442	322.941163877	31.9494007989	2165.31550092	4	0	0					
B10	1	0	2238	73.5446827525	3.20420017873	0.0271584624007	0.00457808737903	1449.28300045	7686	0.133396549485	375.972515912	23.1580796253	2636.10363397	4	0	0					
B11	1	0	2266	6.11782877317	0.157546337158	0.00210857926217	0.00020238909849	1120.00366413	388	0.127637568988	376.140296069	38.8298969072	2563.87826926	4	0	0					
B12	1	0	2323	7.95221696083	0.23073611709	0.00266031447967	0.000302031655983	1070.90327412	576	0.124260278824	341.495956209	34.9357638889	2188.44417246	4	0	0					
B13	1	0	2379	8.54981084489	0.243799915931	0.00336098726131	0.000332763354304	1133.0494991	621	0.132871908224	414.111674395	35.4766505636	2661.97810169	4	0	0					
B14	1	0	2401	7.11578508955	0.190753852561	0.00236520335589	0.000239894516878	1038.76046923	505	0.128218603865	339.176702783	37.5782178218	2177.21601846	4	0	0					
B15	1	0	2335	7.84282655246	0.226980728051	0.00276883290078	0.000291532722895	1060.18149086	582	0.126719752518	348.997882464	34.9604810997	2264.8371711	4	0	0					
B16	1	0	2402	7.99167360533	0.234804329725	0.00268183361608	0.000293954327928	1009.5084747	606	0.121938920448	272.196502671	34.5577557756	1893.74269258	4	0	0					
B17	1	0	2298	9.46910356832	0.276327241079	0.00329254219958	0.000342434715807	1071.00494678	700	0.125822064534	339.166736439	34.5057142857	2183.40436647	4	0	0					
B18	1	0	2265	9.12185430464	0.264459161148	0.0032103299016	0.000344779432705	1020.81357831	670	0.123744796017	340.334187192	35.4253731343	2251.63488625	4	0	0					
B19	1	0	2312	8.4714532872	0.256055363322	0.00268540784485	0.000321899554009	1007.08620986	659	0.127149617778	319.554817795	33.871016692	2121.16782614	4	0	0					
B20	1	0	2256	7.3905141844	0.218528368794	0.00266309757129	0.000285519842027	991.176581424	557	0.127528167823	317.245544693	33.4219030521	2121.4375051	4	0	0					
B21	1	0	2292	8.60558464223	0.236038394415	0.00293447069309	0.000304539786778	1015.41482151	582	0.123023549115	325.794409883	36.5962199313	2208.27833192	4	0	0					
B22	1	0	2242	8.44647636039	0.235950044603	0.00369858166114	0.000314428295341	1049.76145274	576	0.133365141648	459.344296285	35.6059027778	2792.85001475	4	0	0					
B23	1	0	2306	103.212055507	5.04379878578	0.0400645353083	0.00685310117732	1371.69162209	12469	0.146783779498	389.528791308	20.601812495	2474.92012142	4	0	0					
B24	1	0	2206	9.1953762466	0.308250226655	0.00402280488924	0.000381677774213	1015.83571022	733	0.133341392492	469.056955483	30.1036834925	2641.5306313	4	0	0					
C01	1	0	2260	116.496902655	4.61637168142	0.0518994048352	0.00687352360434	1599.62478907	11407	0.150043292075	474.287851468	25.4766371526	2919.81752622	4	0	0					
C02	1	0	2276	8.86555360281	0.207381370826	0.00278843801028	0.00026891279506	964.732895881	511	0.119758110159	294.073846114	42.637964775	1990.31497554	4	0	0					
C03	1	0	2306	8.19991326973	0.224631396357	0.002675978541	0.000287754515187	1000.31638594	556	0.122623055173	285.914176496	37.4388489209	1967.15607188	4	0	0					
C04	1	0	2393	8.8637693272	0.211450062683	0.00299899983437	0.000267098276761	1019.35087432	544	0.126209401249	331.011406557	42.0606617647	2090.62475935	4	0	0					
C05	1	0	2390	7.32092050209	0.195815899582	0.0027117051513	0.000262650174942	1022.79222026	505	0.128752117897	355.265268804	37.3762376238	2183.64589021	4	0	0					
C06	1	0	2367	6.25602027883	0.161808196029	0.00259293563259	0.000211054959004	1017.53621013	412	0.129928385997	385.659088118	38.6893203883	2270.97533789	4	0	0					
C07	1	0	2256	8.16046099291	0.222074468085	0.00298502620179	0.000290747384162	1037.84066147	537	0.132204915419	371.258768348	37.2532588454	2208.80810374	4	0	0					
C08	1	0	2351	8.16035729477	0.223734581029	0.0025435757506	0.000267049965568	1083.11907811	567	0.128299802396	318.787056422	36.6948853616	2137.65065883	4	0	0					
C09	1	0	2313	7.39731949849	0.217466493731	0.00289076839258	0.000286947839168	1185.91602091	550	0.13140642185	455.362896874	34.4927272727	2785.2262967	4	0	0					
C10	1	0	2281	9.17799210872	0.231039017975	0.00305147717305	0.000314792723349	1082.36916476	573	0.123275671037	303.299891701	39.982547993	2117.56125449	4	0	0					
C11	1	0	2154	9.18895078923	0.243268337976	0.00291398711321	0.000287540038563	1084.63053797	568	0.125240507219	337.375510937	38.4559859155	2291.6131412	4	0	0					
C12	1	0	2285	7.95054704595	0.195185995624	0.00240951309463	0.000248188668929	1047.69156051	477	0.123159062225	307.920149936	40.9559748428	2125.88880542	4	0	0					
C13	1	0	2231	8.38727028238	0.217391304348	0.00259617486862	0.000272454323345	1088.00232037	519	0.12858949944	348.34753783	39.140655106	2230.22665928	4	0	0					
C14	1	0	2334	7.53041988003	0.212082262211	0.0025909471316	0.00026497637342	1066.5464604	546	0.124561277056	331.566201571	36.0897435897	2155.90795039	4	0	0					
C15	1	0	2319	85.6140577835	3.7602414834	0.0335510511436	0.00550859914688	1391.1765347	9389	0.139434698449	371.640817546	22.9406752583	2499.29443768	4	0	0					
C16	1	0	2441	7.96558787382	0.220401474805	0.00297334053295	0.00030391033671	1033.14146633	584	0.129425858872	323.944339676	36.1575342466	2100.74164661	4	0	0					
C17	1	0	2558	7.05863956216	0.197419859265	0.00237014328752	0.000267635669424	1038.0958708	548	0.12506696334	298.645673373	35.8266423358	2013.9745156	4	0	0					
C18	1	0	2503	6.30363563724	0.190171793847	0.00228398241972	0.000253227352529	1035.66637458	517	0.127637528058	332.672729871	33.6595744681	2226.46109582	4	0	0					
C19	1	0	2345	6.94371002132	0.208955223881	0.00216898490021	0.000267073420099	1005.37242603	528	0.12345463344	275.517487143	33.3806818182	1873.59514231	4	0	0					
C20	1	0	2448	9.54656862745	0.265114379085	0.00343744095714	0.00036352713769	1020.06661148	705	0.125960098808	317.866069968	36.2070921986	2134.75026318	4	0	0					
C21	1	0	2466	7.20397404704	0.204785077048	0.00233711523732	0.000281124890259	952.760157919	551	0.117648152329	255.014199151	35.2667876588	1830.37643403	4	0	0					
C22	1	0	2373	7.98187947745	0.229667088074	0.00273817676075	0.000307262383772	946.183362784	596	0.120252295605	287.356688127	34.8708053691	1981.44499827	4	0	0					
C23	1	0	2282	87.8645924628	4.07887817704	0.0327268029649	0.00574774485662	1386.4593891	9918	0.140586522687	372.720288706	21.7158701351	2457.01148918	4	0	0					
C24	1	0	2160	11.2680555556	0.351388888889	0.00419532302207	0.00042964380073	1007.01262509	822	0.131530615427	444.252952178	32.5462287105	2669.20247406	4	0	0					
D01	1	0	2262	102.022546419	4.25596816976	0.0406471171517	0.00567119759532	1600.29026898	10458	0.146148966047	454.230566073	24.1785236183	2896.0798532	4	0	0					
D02	1	0	2473	107.071572988	4.48119692681	0.0461451186767	0.00652709439539	1480.27205431	11847	0.149696226289	441.854469823	24.0969021693	2737.59558641	4	0	0					
D03	1	0	2349	9.73776074926	0.242230736484	0.00321496935285	0.000323699931663	969.659237492	607	0.123325330309	293.686418007	40.4019769357	1979.29996711	4	0	0					
D04	1	0	1375	49.4276363636	1.01018181818	0.0156837461584	0.00141459108097	1070.61797746	1523	0.130852888851	307.655069803	49.891661195	2008.35920294	4	0	0					
D05	1	0	2319	15.3488572661	0.435101336783	0.00417492900052	0.000551524487374	1058.54253666	1099	0.116352471987	254.138882633	35.7743403094	1928.26487648	4	0	0					
D06	1	0	2290	9.62008733624	0.280786026201	0.00413765190561	0.000341814282967	1098.80379581	676	0.132911602003	572.769262899	33.9482248521	3175.06525345	4	0	0					
D07	1	0	2359	13.9618482408	0.470114455278	0.00388365968906	0.000602231574273	1053.16684076	1223	0.118974497471	255.162789002	29.9174161897	1942.87463061	4	0	0					
D08	1	0	2366	8.04902789518	0.215131022823	0.0032121555206	0.000283871383027	1073.40172154	546	0.127864636152	407.34132789	37.9633699634	2582.04933222	4	0	0					
D09	1	0	2317	8.68839015969	0.259387138541	0.00330416840215	0.000309242421659	1048.45494592	649	0.13287827107	356.375900935	33.3929121726	2220.50968782	4	0	0					
D10	1	0	2318	7.07894736842	0.207075064711	0.00216621553683	0.000262776864457	1012.84967421	529	0.12108687258	290.12033077	34.5293005671	2061.41043091	4	0	0					
D11	1	0	2313	8.62213575443	0.257241677475	0.0027881881216	0.000324223352372	1078.22962965	659	0.123403433567	359.339484509	33.468892261	2445.9504201	4	0	0					
D12	1	0	2437	6.2347148133	0.189167008617	0.00197450203705	0.000247903022455	1058.47832265	516	0.123394765102	315.462339136	32.742248062	2214.96884195	4	0	0					
D13	1	0	2282	8.6069237511	0.25898334794	0.00313969038693	0.000331927563393	1075.11816477	624	0.129721945997	344.334641497	33.3733974359	2208.70551344	4	0	0					
D14	1	0	2257	8.23172352681	0.230394328755	0.00262146935148	0.00029120548459	1048.38217885	563	0.121084711357	308.597180126	35.8436944938	2025.93042927	4	0	0					
D15	1	0	2206	6.93109700816	0.190843155032	0.0022252283819	0.000246333468621	1051.97850848	463	0.122786394025	298.686989328	36.555075594	2090.72638185	4	0	0					
D16	1	0	2344	7.30503412969	0.232508532423	0.00238022651666	0.000308442195861	1064.58041193	592	0.121679664711	284.358441141	31.5236486486	1993.67077565	4	0	0					
D17	1	0	2493	6.69554753309	0.207380665864	0.00214655580495	0.000273918388238	1023.02502643	568	0.120431268495	269.92999648	32.5193661972	1927.17039607	4	0	0					
D18	1	0	2479	7.30213795885	0.204114562324	0.00236041182477	0.000276463466509	1014.74864497	543	0.119678308817	279.761651832	35.9355432781	1972.74457707	4	0	0					
D19	1	0	2366	9.80515638208	0.298393913779	0.00333044692296	0.00040418951757	1039.6637388	768	0.120335900651	293.668561721	33.3619791667	2093.27087474	4	0	0					
D20	1	0	2245	15.2779510022	0.501559020045	0.00444147327688	0.000705287827634	962.276886784	1223	0.117398483089	223.087310742	30.589533933	1702.40951781	4	0	0					
D21	1	0	1715	8.73644314869	0.226822157434	0.00241114687748	0.0002508447409	958.12158732	443	0.126215672482	277.024474066	39.9006772009	1848.04560213	4	0	0					
D22	1	0	2362	8.69136325148	0.258255715495	0.00255295567791	0.000312957846356	1092.47171461	682	0.121712991242	290.240381718	33.7961876833	2076.43924799	4	0	0					
D23	1	0	2294	99.6054925894	4.20139494333	0.0395329529579	0.00581993993633	1543.97486545	10348	0.14358902469	444.327492283	23.9051024353	2883.61010039	4	0	0					
D24	1	0	2250	120.309333333	5.72622222222	0.0568188772899	0.00831334418495	1661.59991263	13963	0.155862791999	516.772970091	21.2312540285	3089.56703627	4	0	0					
E01	1	0	2322	70.3897502153	2.33979328165	0.0244331856197	0.00313830105769	1268.33209904	5819	0.127564026122	329.095296785	30.3473105345	2427.91877937	4	0	0					
E02	1	0	2379	103.016813787	4.22698612863	0.0420612742926	0.00615133764222	1533.84787012	10777	0.145308926541	425.673765676	24.6579753178	2722.54734765	4	0	0					
E03	1	0	950	29.0431578947	0.793684210526	0.00774057268706	0.000728495237755	1034.82276489	823	0.124104842844	324.537615103	37.3936816525	2019.25036314	4	0	0					
E04	1	0	2220	4.70540540541	0.133783783784	0.00192272695562	0.000176725452787	892.218530658	323	0.134459813352	338.578185115	35.9133126935	2110.39806721	4	0	0					
E05	1	0	1677	107.370304114	4.14013118664	0.0424502060311	0.00607131707068	1560.55573976	7591	0.142624386401	419.919703924	26.1482018179	2739.62863165	3	0	0					
E06	1	0	2403	7.56387848523	0.196004993758	0.00238728263154	0.000246258040739	1029.61540389	513	0.122984881819	298.488164027	38.7329434698	1991.35298659	4	0	0					
E07	1	0	2427	8.76720230738	0.241038318912	0.00287992646297	0.000308722697463	987.603225757	638	0.122033644885	340.348320081	36.512539185	2266.72614011	4	0	0					
E08	1	0	2446	8.55600981194	0.23998364677	0.00303169999253	0.000299032860418	1087.09400688	643	0.126245687329	375.771457077	36.2706065319	2481.33778374	4	0	0					
E09	1	0	2312	8.37110726644	0.213235294118	0.0025640691321	0.000264532077963	1183.40518992	536	0.124606670375	306.829742256	39.6884328358	2078.24936103	4	0	0					
E10	1	0	2153	7.30654900139	0.211797491872	0.00205961995159	0.000256473278646	1065.0417675	495	0.122751396325	315.469411274	34.7616161616	2171.2437431499998	4	0	0					
E11	1	0	2221	10.6276452049	0.314272850068	0.0035731272416	0.000415520378902	1054.39817127	744	0.123157998881	290.783950499	33.7446236559	2005.65894964	4	0	0					
E12	1	0	2271	8.38309114927	0.239542051959	0.00255347666474	0.000315459128451	1043.15340396	586	0.120383801988	277.625004304	35.0375426621	2070.44548162	4	0	0					
E13	1	0	2300	7.46565217391	0.228695652174	0.00240453412991	0.000281239077387	1079.1811621	576	0.124985037945	377.772912233	33.0989583333	2516.82496321	4	0	0					
E14	1	0	2441	8.39737812372	0.249897582958	0.00266132878903	0.000295931805265	1050.09819189	677	0.129404522953	328.542655447	33.4948301329	2116.68085856	4	0	0					
E15	1	0	2350	9.30382978723	0.303829787234	0.00340548902961	0.00040731625676	1043.20050492	771	0.129527947776	345.594705859	30.6433203632	2248.17770783	4	0	0					
E16	1	0	2229	9.07267833109	0.258411843876	0.003050786273	0.000336268575432	1043.20743361	616	0.127940884241	372.415770594	35.6217532468	2427.55422953	4	0	0					
E17	1	0	2367	8.85002112379	0.269117025771	0.00329883895438	0.000351341621336	1025.60849768	682	0.125070456715	338.462935283	33.3343108504	2164.81858031	4	0	0					
E18	1	0	647	22.9459041731	0.398763523957	0.00768823842195	0.000412904479652	952.898211219	289	0.141988279214	353.500502948	57.7508650519	2066.9048799	4	0	0					
E19	1	0	2481	8.46352277308	0.210399032648	0.003024564783	0.00028001207277	1005.59811642	550	0.12287479424	355.100241402	40.0145454545	2286.11632638	4	0	0					
E20	1	0	2353	12.570760731	0.377815554611	0.00404464094792	0.000496397615574	1002.43950427	935	0.121275119502	276.114578626	33.3818181818	1927.58398222	4	0	0					
E21	1	0	1842	16.7589576547	0.442996742671	0.00392319313359	0.000402118902156	977.952562196	946	0.12127040738	271.553079597	39.1966173362	1933.12639934	4	0	0					
E22	1	0	2184	114.114010989	4.77838827839	0.0553026266013	0.00674640053042	1738.63857344	11163	0.159155127597	615.039220811	24.0965690227	3555.39753451	4	0	0					
E23	1	0	2264	57.5591872792	2.0609540636	0.0182558383613	0.00276022341034	1198.1698976	5121	0.124160326711	281.734995044	28.1031048623	2140.09660868	4	0	0					
E24	1	0	2235	89.8017897092	4.00268456376	0.030983480895	0.00529078576483	1420.74286983	9683	0.13963840833	371.668362482	22.684395332	2485.43114426	4	0	0					
F01	1	0	2431	8.60468942822	0.234060057589	0.00362074966985	0.000315183387897	922.78740308	616	0.128656469038	330.220837241	36.8441558442	2009.17024136	4	0	0					
F02	1	0	2489	78.4491763761	3.17838489353	0.0274502225875	0.00435907473333	1311.03763663	8543	0.139269373011	352.834644786	24.8491162355	2337.92344582	4	0	0					
F03	1	0	2019	4.2862803368	0.104011887073	0.00260147890946	0.000144454899947	885.551139951	228	0.149195309997	470.336481784	41.5789473684	2441.40002572	4	0	0					
F04	1	0	2424	95.6728547855	4.08415841584	0.0453057303308	0.00609880569228	1648.49587229	10641	0.147160702535	529.911247012	23.5152711211	3279.62054617	4	0	0					
F05	1	0	899	154.32814238	5.55617352614	0.0654512979856	0.00676020213784	2001.75100885	5483	0.160266634553	641.022724996	27.9715484224	3755.08789432	4	0	0					
F06	1	0	1757	144.062037564	5.16846898122	0.0721381133628	0.00694103055118	2171.28643266	9714	0.157284627905	719.865848788	27.9715873996	4236.48757768	4	0	0					
F07	1	0	1180	20.8838983051	0.362711864407	0.00888131210935	0.00040114768567400003	1073.76609494	470	0.169908185918	543.367740585	59.5	2687.33923293	4	0	0					
F08	1	0	938	11.9520255864	0.220682302772	0.00585449753103	0.000211730901456	1015.20581156	229	0.175020116803	679.155679317	53.7816593886	3308.02694132	4	0	0					
F09	1	0	775	131.770322581	4.80774193548	0.0557690971404	0.00589930400874	1821.38990105	4087	0.144868741462	572.284424841	27.6141424027	3642.91201897	4	0	0					
F10	1	0	2408	8.61794019934	0.271594684385	0.00260272679998	0.000331220402518	1075.30060167	702	0.122651695609	297.06679673	31.8789173789	2049.78439026	4	0	0					
F11	1	0	1060	9.23490566038	0.165094339623	0.00548221847299	0.000181243854096	1067.58860089	191	0.188437500811	753.836350038	56.6701570681	3307.96129308	4	0	0					
F12	1	0	1719	36.770796975	1.19313554392	0.0106083199442	0.00150246777242	1138.02646725	2301	0.124487370658	298.448106915	31.6075619296	2075.35552643	4	0	0					
F13	1	0	2326	11.801805675	0.35554600172	0.00390348453998	0.000442183559726	1070.72993062	892	0.125551588748	329.641710059	33.6132286996	2252.1021503	4	0	0					
F14	1	0	1943	30.8965517241	1.11528564076	0.00865027023931	0.00140262210931	1097.22027062	2332	0.123454798803	263.193164002	28.0420240137	1956.79929027	4	0	0					
F15	1	0	2398	22.7402001668	0.811092577148	0.00634452061763	0.00102930168828	1084.25894012	2074	0.121169756791	256.890902773	28.2647058824	1941.75234637	4	0	0					
F16	1	0	1344	71.2604166667	2.24181547619	0.0235537251977	0.00327433055446	1345.9886684	3214	0.126242635304	310.939016523	31.974486621	2268.8784595	4	0	0					
F17	1	0	959	13.4160583942	0.270072992701	0.00677228451906	0.000309565290517	991.726431874	295	0.174595967139	606.368118008	50.0610169492	2931.22872995	4	0	0					
F18	1	0	2301	8.23381138635	0.238591916558	0.0028869838998	0.000312769806684	1015.41386999	610	0.124945406495	337.848156189	35.3114754098	2209.52875643	4	0	0					
F19	1	0	2185	17.4032036613	0.582151029748	0.00584347146396	0.000773804334421	1041.23590917	1390	0.123356229521	303.839542553	30.0625899281	2101.23640697	4	0	0					
F20	1	0	2291	10.5818419904	0.252728066347	0.0031241341411	0.000331622115426	996.991752339	615	0.120711038095	296.810949403	42.1918699187	2087.77762422	4	0	0					
F21	1	0	2360	7.59661016949	0.216525423729	0.00251075422308	0.000313165233018	954.846600867	562	0.119703396337	260.30702851	35.1209964413	1797.47547747	4	0	0					
F22	1	0	2321	65.2912537699	2.81214993537	0.023303848745	0.00396165787275	1178.69295521	7007	0.133703268434	304.501826924	23.3770515199	2121.22468727	4	0	0					
F23	1	0	2517	8.519268971	0.234803337306	0.00262488210413	0.000311576458866	964.723303806	634	0.117986577512	252.726743771	36.2255520505	1858.43420973	4	0	0					
F24	1	0	2227	98.8850471486	4.59272563987	0.0406746694487	0.00650949660401	1444.65601671	11063	0.14682906586	425.171269486	21.7619994577	2677.94770652	4	0	0					
G01	1	0	1769	7.57433578293	0.211984171849	0.00269322397028	0.000271080616661	1007.45172782	406	0.124489802846	310.03163742	36.0270935961	2014.37481505	3	0	0					
G02	1	0	2059	131.186012627	5.41622146673	0.0823091395428	0.00834586483743	2506.16586181	11989	0.164448241215	944.345130696	24.4564183835	5366.17505272	4	0	0					
G03	1	0	2128	10.2420112782	0.304981203008	0.0029706731905	0.000357395853929	966.837034316	698	0.119078234395	255.243077358	33.5458452722	1877.09675933	4	0	0					
G04	1	0	2185	11.6425629291	0.346453089245	0.00378077633723	0.000477844624114	982.548270101	837	0.118883731765	252.940645604	33.6989247312	1830.1980519	4	0	0					
G05	1	0	1803	10.182473655	0.314475873544	0.00345647701617	0.000369741532971	997.129866455	614	0.127339602963	312.444219929	32.490228013	2018.38931328	4	0	0					
G06	1	0	2282	10.3514460999	0.291411042945	0.00294376165633	0.000341440737362	1023.72067426	724	0.124469491836	297.897061891	36.4226519337	2016.8403436	4	0	0					
G07	1	0	2123	11.2077249176	0.344795101272	0.00441289943874	0.000435163637986	1067.45389045	804	0.130501803509	391.578219041	33.0199004975	2405.85929759	4	0	0					
G08	1	0	1912	9.54968619247	0.224372384937	0.00458269101741	0.000262073752341	1051.37523316	472	0.159313388191	597.913469431	43.2288135593	3133.96588501	4	0	0					
G09	1	0	1311	17.5606407323	0.575133485889	0.00503877935956	0.00059818102381	1035.50677146	834	0.128591023546	307.384569472	30.9520383693	2045.51874099	4	0	0					
G10	1	0	2281	13.25208242	0.467777290662	0.00422473671114	0.000645527649387	1085.45311717	1162	0.120195394212	295.337942074	28.32616179	2184.23232212	4	0	0					
G11	1	0	1512	11.0925925926	0.279100529101	0.00400399433573	0.000396412289285	1099.23095695	463	0.128506940654	375.624402581	40.4146868251	2378.76739148	3	0	0					
G12	1	0	2450	20.5918367347	0.728163265306	0.0061779998627	0.000950570385464	1102.77623488	1939	0.120085047375	264.651070129	28.5214027849	2003.16227426	4	0	0					
G13	1	0	1644	30.2469586375	0.913625304136	0.011340683709	0.0013095457727	1135.23880016	1600	0.12564188909	304.283323975	33.394375	2119.92502245	4	0	0					
G14	1	0	2050	9.5756097561	0.270243902439	0.00366207296178	0.00034519273562	1073.18414697	607	0.129523673076	380.02743274	35.9011532125	2389.38276369	4	0	0					
G15	1	0	2174	38.7479300828	1.55427782889	0.012322387096	0.00201834008016	1245.64019258	3633	0.129683521314	314.481471342	25.2317643821	2191.34757441	4	0	0					
G16	1	0	58	285.793103448	9.65517241379	0.0490235026646	0.00523006981981	1625.92373555	774	0.15537438795	883.534523487	29.8397932817	5477.25317671	4	0	0					
G17	1	0	22	122.772727273	2.5	0.0225374480587	0.00109013570512	1473.43267132	104	0.199232335283	1201.59664315	56.9230769231	4846.87481812	4	0	0					
G18	1	0	758	22.8733509235	0.484168865435	0.00973524877974	0.000554794823715	1096.14893347	397	0.149142985865	552.558645633	47.8564231738	3150.54705098	4	0	0					
G19	1	0	2328	20.3724226804	0.628436426117	0.006957855268	0.000865597218034	1162.49734803	1574	0.122247991983	304.361145307	32.7687420584	2193.68410287	4	0	0					
G20	1	0	1007	32.7487586892	0.876861966236	0.0097572893227	0.00090098242925	1110.70671452	969	0.126414380613	286.479455757	37.2125902993	1972.91818103	4	0	0					
G21	1	0	972	8.59259259259	0.185185185185	0.00380525844626	0.000182347129702	884.381698703	194	0.163797154302	493.888364443	46.293814433	2488.17162843	4	0	0					
G22	1	0	2374	8.57961246841	0.266217354676	0.0028947656056	0.00035076589921	1067.61726223	676	0.121624572686	309.91925352	32.0532544379	2125.10714129	4	0	0					
G23	1	0	2241	7.75368139224	0.223114680946	0.00249514106461	0.000284395088656	945.997656863	566	0.120147942321	285.303690364	34.75795053	1983.92551306	4	0	0					
G24	1	0	2101	106.820561637	4.6530223703	0.0452720202532	0.00628906479789	1587.81017315	10481	0.147876189625	486.466367147	23.1412079	3070.61809965	4	0	0					
H01	1	0	2457	9.69556369556	0.275132275132	0.00284857226318	0.000333283007036	924.548458941	713	0.121007411498	260.768171741	35.1430575035	1872.70556482	4	0	0					
H02	1	0	2469	44.428108546	1.56581611989	0.0133919305583	0.00207865879988	1213.13240798	4197	0.122643473121	268.13754278	28.4391231832	2028.88093565	4	0	0					
H03	1	0	1452	28.5668044077	0.694903581267	0.0116827503058	0.000739459991137	1121.72043968	1109	0.140796432093	499.26681886	41.8376916141	2749.06184982	4	0	0					
H04	1	0	2441	8.66325276526	0.224088488324	0.00278421638117	0.000282996690142	979.203340821	593	0.122506381542	273.421416884	38.4637436762	1888.0362785	4	0	0					
H05	1	0	2345	9.06396588486	0.252452025586	0.00316569900816	0.000317642001422	999.796758727	646	0.128518686023	374.692833838	35.8761609907	2307.70081071	4	0	0					
H06	1	0	1439	71.9235580264	0.933981931897	0.0248241032988	0.00158060410913	1130.60641754	1455	0.128503382237	249.041035439	77.0570446735	1839.98577763	4	0	0					
H07	1	0	2079	11.4098124098	0.313612313612	0.00378972461655	0.000418971937144	1090.98927932	712	0.122584103215	359.596215169	36.2064606742	2387.22500116	4	0	0					
H08	1	0	2321	11.478242137	0.350710900474	0.00396956087277	0.000472938731701	1085.44735212	905	0.123319992728	314.432182302	32.3370165746	2176.64290705	4	0	0					
H09	1	0	2239	8.42474318892	0.277355962483	0.0030236896622	0.000335092607882	1043.54422687	671	0.128720856481	361.391335891	30.7988077496	2346.99569899	4	0	0					
H10	1	0	2048	15.5263671875	0.4287109375	0.00479311334686	0.0005640137513	1125.30808512	932	0.12021871422	289.80389572	36.6920600858	2101.70405546	4	0	0					
H11	1	0	2130	9.22300469484	0.315023474178	0.00295444141393	0.000364204698851	1068.99893946	723	0.127262921417	338.282366755	29.8257261411	2228.95822556	4	0	0					
H12	1	0	2216	8.71931407942	0.238718411552	0.00325629496418	0.000305115997674	1059.49829728	557	0.127688819074	394.333247518	36.4129263914	2522.22592851	4	0	0					
H13	1	0	2256	12.3293439716	0.359042553191	0.00395595076887	0.000483419140089	1081.42608887	881	0.119960922571	298.120321727	34.7752553916	2089.98672008	4	0	0					
H14	1	0	1881	6.54651780968	0.207336523126	0.00257965379309	0.000265084493006	1055.13632397	427	0.130544839987	370.013500462	32.2271662763	2245.83833129	4	0	0					
H15	1	0	2276	9.31239015817	0.271968365554	0.00285358417457	0.000336978223288	1033.95432468	671	0.123771388016	292.088779444	34.3427719821	2018.85943019	4	0	0					
H16	1	0	2355	9.75498938429	0.270488322718	0.00447960935665	0.00036531935091	1076.91829674	697	0.136218494634	487.492144519	36.7259684362	2914.68282921	4	0	0					
H17	1	0	2300	10.1113043478	0.298260869565	0.00372436671437	0.000394068875188	1047.37934446	744	0.12875457949	345.230791449	34.4112903226	2237.91567816	4	0	0					
H18	1	0	2233	9.98119122257	0.288849081953	0.00379348184741	0.000344869748216	1006.37505072	702	0.132211670663	400.588643659	34.7834757835	2370.05640245	4	0	0					
H19	1	0	2332	9.12006861063	0.292452830189	0.00317958025777	0.000363532728777	987.335656428	746	0.125065977628	308.956162129	31.764075067	2053.47184042	4	0	0					
H20	1	0	2241	10.8282016957	0.29004908523	0.00380380179685	0.000370834272994	999.339002453	711	0.125536261094	355.963259514	37.8860759494	2278.69888903	4	0	0					
H21	1	0	2343	9.82543747332	0.284677763551	0.00343910118442	0.00037959379875	946.677814438	729	0.123459566838	295.552349078	34.4691358025	1972.26823064	4	0	0					
H22	1	0	2269	9.1595416483	0.285147642133	0.00286221583743	0.000363860373111	942.877258212	721	0.123101707059	275.331383543	32.0013869626	1909.49946527	4	0	0					
H23	1	0	2328	9.93470790378	0.317869415808	0.00299436486776	0.000392892423279	933.630629735	787	0.121161086719	248.30979021	31.2287166455	1749.33004424	4	0	0					
H24	1	0	2181	46.3094910591	1.57725813847	0.012903131935	0.00202672547045	1087.39849326	3690	0.120907089729	238.838352108	29.4929539295	1851.67934428	4	0	0					
I01	1	0	2261	116.281733746	4.53958425475	0.0499012280294	0.00635333534245	1480.70761615	11063	0.151410777483	444.500719332	25.8238271717	2720.81490979	4	0	0					
I02	1	0	2080	7.83990384615	0.222115384615	0.00237904317702	0.000284007722859	963.113120145	504	0.122729263559	284.713019997	35.3531746032	1918.4436072	4	0	0					
I03	1	0	2336	8.46275684932	0.25727739726	0.00318798585054	0.000355646471054	957.56999556	650	0.122861199457	282.258193181	32.7969230769	1947.9767856	4	0	0					
I04	1	0	2175	9.75540229885	0.255632183908	0.00251772536401	0.000310240914015	985.171300313	606	0.119996696736	240.96825279	38.2805280528	1774.78137739	4	0	0					
I05	1	0	2329	9.81708887935	0.266638042078	0.00350729477621	0.000341123110112	990.57111787	670	0.128029008739	326.716181845	36.6910447761	2097.67973998	4	0	0					
I06	1	0	813	37.8290282903	1.32226322263	0.00688926862831	0.00117244363131	1105.96314597	1204	0.118563826969	218.64350296	28.5182724252	1635.48126808	4	0	0					
I07	1	0	58	41.9655172414	0.637931034483	0.0127363632492	0.000911924664377	1086.25246175	46	0.141121969331	307.518698074	64.8695652174	2055.85217699	4	0	0					
I08	1	0	832	16.6766826923	0.325721153846	0.00613574322293	0.000370026387215	1320.45197828	302	0.149012546765	392.419302184	52.5695364238	2218.10866286	4	0	0					
I09	1	0	2312	7.34688581315	0.231833910035	0.00219059186742	0.000302169544902	1017.74549472	583	0.121873859317	264.900133074	31.8421955403	1914.63063716	4	0	0					
I10	1	0	1885	12.7877984085	0.373474801061	0.00374450621427	0.000444766259456	1071.86630069	755	0.128573800401	308.706470841	34.3629139073	2049.83018754	4	0	0					
I11	1	0	2175	8.40137931034	0.209655172414	0.00248946992957	0.00025430039773	1061.70707809	494	0.124253598441	297.561006778	41.036437247	2027.17588217	4	0	0					
I12	1	0	2306	16.0750216826	0.568516912402	0.00509057138635	0.000737660041523	1129.93185092	1394	0.121600214026	283.459033016	28.4088952654	2052.20515095	4	0	0					
I13	1	0	2044	5.73336594912	0.165362035225	0.0018419643109	0.000216380733428	1016.97795781	373	0.127535813034	308.338824839	35.2868632708	2067.34624092	4	0	0					
I14	1	0	2244	9.4692513369	0.279857397504	0.00360748018074	0.000351038297008	1057.18296091	663	0.12908582505	353.991797354	33.9004524887	2202.39778159	4	0	0					
I15	1	0	1811	8.67973495306	0.26559911651	0.00252311318292	0.000287641914688	1036.95732482	527	0.130253209371	352.033828781	32.6451612903	2332.18481581	4	0	0					
I16	1	0	2265	9.11258278146	0.293156732892	0.00292666320891	0.000356505918031	1013.44115699	721	0.126241092934	301.509261905	31.346740638	2004.61250197	4	0	0					
I17	1	0	905	27.2596685083	0.889502762431	0.00539016946137	0.000781479640188	1032.11349589	862	0.119927553358	242.494275663	31.1252900232	1755.88662784	4	0	0					
I18	1	0	897	39.0301003344	1.37012263099	0.0072542440354	0.00126545693861	1088.31266153	1340	0.116460051298	223.501395082	28.4835820896	1674.95712182	4	0	0					
I19	1	0	2365	9.84397463002	0.257505285412	0.00354757324404	0.000341029114254	996.019813316	662	0.12457966011299999	312.144383643	38.0574018127	2110.84580611	4	0	0					
I20	1	0	1440	8.3125	0.191666666667	0.00298615520056	0.000239627262636	935.183407936	287	0.131190268841	341.835266041	43.7421602787	2045.2951689	4	0	0					
I21	1	0	2318	8.79508196721	0.265314926661	0.00279582865923	0.000337711683512	944.752472415	673	0.12228789407	250.103157704	33.8558692422	1741.18637417	4	0	0					
I22	1	0	2406	9.69742310889	0.306733167082	0.00309451785915	0.000381680455061	923.790301773	804	0.123850408851	263.033164561	32.0435323383	1782.29776811	4	0	0					
I23	1	0	2242	107.965655665	5.4139161463	0.0484649834462	0.0076729924144	1456.7136394	13070	0.153373281222	452.054802399	20.0553940321	2736.2965384	4	0	0					
I24	1	0	1429	9.87823652904	0.230230930721	0.0026826597065	0.00028958852153	917.041233327	353	0.121460818882	240.547007114	42.9348441926	1708.58594353	3	0	0					
J01	1	0	2185	100.988100686	4.10663615561	0.0395901276719	0.00573910235372	1427.40502964	9691	0.147155253985	409.615735897	24.7837168507	2587.84842915	4	0	0					
J02	1	0	2355	9.49426751592	0.260721868365	0.00338781153657	0.000324909935071	930.271084023	649	0.127798017526	368.428504726	37.0785824345	2182.21471012	4	0	0					
J03	1	0	2447	9.0257458112	0.26563138537	0.00288599765146	0.000348374256626	934.824940624	695	0.118055914584	249.189637295	33.8863309353	1778.6061902	4	0	0					
J04	1	0	2086	7.68504314477	0.240651965484	0.0026671542041	0.000318386877533	948.44696025	543	0.121454309196	270.834256576	31.6003683241	1874.95515448	4	0	0					
J05	1	0	2272	16.738556338	0.510563380282	0.00484033120175	0.000657738998598	1039.63791749	1268	0.119580616114	258.729589216	33.1443217666	1887.93843461	4	0	0					
J06	1	0	2268	52.2014991182	2.139329806	0.0190441182743	0.00285048947212	1221.72418435	5240	0.135938571549	359.665927452	24.5940839695	2406.94705186	4	0	0					
J07	1	0	28	77.25	0.964285714286	0.0270721021901	0.00132001335598	1554.50606843	37	0.148136697589	394.990225873	72.4864864865	2363.27340449	4	0	0					
J08	1	0	2251	21.3127498889	0.731230564194	0.00667628398404	0.000930854266277	1182.18220374	1776	0.122596419398	298.379913233	29.1413288288	2164.09148243	4	0	0					
J09	1	0	2242	8.54772524532	0.293041926851	0.00280357508981	0.000362363982156	1070.74330529	707	0.122562893496	329.616637899	29.5388967468	2219.53329382	4	0	0					
J10	1	0	2219	6.85128436233	0.220369535827	0.00209413292517	0.000270263388899	1154.88318443	526	0.124142051604	320.468897527	31.0285171103	2206.83690676	4	0	0					
J11	1	0	2233	22.5338110166	0.884460367219	0.006604708653	0.00117128487676	1120.13638937	2140	0.121545821253	259.128956275	25.6775700935	1967.86478967	4	0	0					
J12	1	0	2327	8.56123764504	0.251396648045	0.00265038182512	0.000305243272808	1069.7946205	632	0.124081917087	307.352573997	34.0569620253	2115.87207301	4	0	0					
J13	1	0	1409	11.2334989354	0.362668559262	0.00243047872788	0.000300983721953	1081.19574738	567	0.122714692663	325.664681174	31.5114638448	2237.72266804	4	0	0					
J14	1	0	2183	11.4672469079	0.359596885021	0.00337715577328	0.000442192791923	1035.23990816	841	0.124945123463	297.715285588	32.4720570749	2073.43745857	4	0	0					
J15	1	0	225	21.5466666667	0.542222222222	0.00535734488876	0.000575263765378	1276.65956089	141	0.125552585872	318.055359468	39.0921985816	2418.30116327	4	0	0					
J16	1	0	2292	9.58682373473	0.307591623037	0.00355859479977	0.000407952931176	1018.33648298	761	0.128150168449	321.661408166	31.3377135348	2148.19186797	4	0	0					
J17	1	0	2194	9.60118505014	0.302187784868	0.00313710647143	0.000415955582044	1029.35871138	721	0.119326803798	286.87843813	32.0846047157	1991.29302455	4	0	0					
J18	1	0	2139	8.89387564282	0.267882187938	0.00287897176508	0.000353473560981	1012.88111374	626	0.118816075014	295.333654523	33.4361022364	2092.82562569	4	0	0					
J19	1	0	2066	12.9685382381	0.347047434656	0.00381345927716	0.000448925550827	1078.24478292	762	0.119490416471	308.888915303	37.8333333333	2229.18494445	4	0	0					
J20	1	0	2332	10.3379073756	0.315180102916	0.00352819226557	0.00038593306408	990.849801262	797	0.122579449291	300.410104551	33.1455457967	2047.08259171	4	0	0					
J21	1	0	889	66.0022497188	1.1811023622	0.0195343957822	0.00149787994803	998.381549869	1148	0.135639851163	255.979872179	56.4764808362	1700.43472577	4	0	0					
J22	1	0	2302	8.27019982624	0.270634231103	0.0027764711049	0.000337498035398	930.808362505	695	0.124130974972	261.21454656	31.0014388489	1802.12876921	4	0	0					
J23	1	0	2121	102.516737388	4.61716171617	0.0394599966745	0.00639874360852	1324.95616987	10572	0.144993418119	369.510443478	22.4239500568	2375.62336967	4	0	0					
J24	1	0	2261	8.46041574525	0.240601503759	0.00245358510975	0.000324776106095	926.00041714	593	0.11686406331	228.516648446	35.5379426644	1683.42089734	4	0	0					
K01	1	0	2129	113.900422734	4.50258337248	0.0499967843342	0.00653291579353	1762.44187249	10392	0.150570350217	529.380087893	25.4739222479	3249.75685139	4	0	0					
K02	1	0	2269	10.0171881886	0.297928602909	0.00292336685357	0.000366501862085	918.54875097	733	0.117828417556	235.818287558	33.3547066849	1709.73030212	4	0	0					
K03	1	0	2307	9.39358474209	0.267013437365	0.00253607313879	0.000341965755856	904.481545353	660	0.117754318547	215.324067271	34.7015151515	1644.15394756	4	0	0					
K04	1	0	2129	9.41615782057	0.255988727102	0.0033610343498	0.000314727000178	953.616227406	591	0.12558375338	314.823385513	36.6057529611	2007.99559997	4	0	0					
K05	1	0	2166	11.6320406279	0.319944598338	0.00321714905435	0.000381730281527	995.507115657	738	0.119794371714	288.84779875	36.5907859079	2048.51907742	4	0	0					
K06	1	0	1665	113.106306306	4.63243243243	0.0496474293941	0.00653505655323	1650.02207506	8418	0.150194922244	513.417969718	24.4150629603	3155.19213095	4	0	0					
K07	1	0	2134	7.393158388	0.200093720712	0.00246144985459	0.000251621292329	1024.04341367	466	0.123768251722	334.144942157	37.178111588	2177.29040872	4	0	0					
K08	1	0	2082	9.12391930836	0.305475504323	0.00323825985741	0.000398424452985	1051.1955712	696	0.124429272071	306.697482908	29.8807471264	2069.67400612	4	0	0					
K09	1	0	2059	10.6983972802	0.323457989315	0.00347155577787	0.000427124335966	1024.11588938	724	0.123572263924	289.000727457	33.2748618785	1971.1379431	4	0	0					
K10	1	0	1974	8.57345491388	0.225937183384	0.00297958111376	0.000288572811329	1036.69681477	485	0.127762921207	336.258180129	37.8886597938	2215.7875653	4	0	0					
K11	1	0	2113	9.54141031708	0.248461902508	0.00363562781237	0.000330000709117	1090.04409237	575	0.131068924952	432.802553478	38.52	2813.03121803	4	0	0					
K12	1	0	2098	7.012392755	0.251191611058	0.00222960613836	0.000304110536539	1033.31640877	564	0.124021938778	318.045858108	27.9982269504	2140.99178902	4	0	0					
K13	1	0	2324	10.3820998279	0.31669535284	0.00324280279946	0.000386000424469	1048.41441265	782	0.125933935467	305.824492623	33.0460358056	2092.50813502	4	0	0					
K14	1	0	2355	8.13078556263	0.288322717622	0.0027035942926	0.000365523277607	1021.72688981	744	0.122684298697	323.772614192	28.3951612903	2142.00235383	4	0	0					
K15	1	0	2167	9.9875403784	0.293954776188	0.00314915805322	0.000378180120821	1012.59720353	677	0.121807542952	276.084808326	34.1979320532	1956.76128615	4	0	0					
K16	1	0	2089	9.30780277645	0.302058401149	0.00311210489959	0.000390850829324	990.997350168	667	0.12267163895	278.151667404	31.4077961019	1943.7498825	4	0	0					
K17	1	0	1608	90.3003731343	3.20087064677	0.0409078540902	0.00477653820911	1533.21323598	5549	0.138568681566	463.689518768	28.4382771671	3128.3812377	4	0	0					
K18	1	0	1744	9.46387614679	0.304472477064	0.0031189313296	0.000313885199096	974.118803624	593	0.131121494923	370.395418348	31.5598650927	2322.2146487	4	0	0					
K19	1	0	2377	8.55153554901	0.245687841817	0.00294753418538	0.000307838900221	1002.45746539	637	0.127735956843	304.589814936	34.9921507064	1988.61214787	4	0	0					
K20	1	0	2059	81.0811073337	3.4176784847	0.0275507077783	0.00482760779869	1243.27366704	7548	0.134311214369	306.917934598	24.0584260731	2140.70725199	4	0	0					
K21	1	0	2126	9.26669802446	0.261053621825	0.0032239814464	0.000344106988117	988.425161392	603	0.127864384747	317.157943029	35.6683250415	2113.41398807	4	0	0					
K22	1	0	714	79.8767507003	2.2731092437	0.0357636202768	0.00391915723829	1244.96875857	1746	0.1377482419	334.342575298	34.9593356243	2248.15131704	4	0	0					
K23	1	0	2121	110.995285243	4.36445073079	0.0465418056342	0.00635558169364	1527.83394056	9963	0.147221218621	439.996929108	25.558365954	2761.85576508	4	0	0					
K24	1	0	2285	10.7969365427	0.290153172867	0.00300760092701	0.000349337204639	914.447343977	717	0.118928445716	230.407887928	37.2524407252	1704.52888286	4	0	0					
L01	1	0	2213	101.049254406	3.72887483055	0.0418256757233	0.0052956125566	1824.57724383	9095	0.146275196329	517.132413072	27.1399670148	3287.13977513	4	0	0					
L02	1	0	2224	105.303057554	4.03642086331	0.0407165261226	0.00565811404195	1383.6362837	9593	0.145286582369	385.242007656	26.1673094965	2465.29734502	4	0	0					
L03	1	0	2268	16.4545855379	0.554232804233	0.00488424871083	0.000667481121951	1020.16162965	1363	0.123066502681	279.101162333	30.7314746882	1989.95160352	4	0	0					
L04	1	0	2181	9.17423200367	0.268225584594	0.00306511159667	0.000330644921866	951.69439042	648	0.127201829457	310.650064496	34.7484567901	2053.12834792	4	0	0					
L05	1	0	2073	10.9131693198	0.30342498794	0.00353056416668	0.000366066027485	1005.0870501	678	0.127435384219	394.239432771	35.9793510324	2494.01613094	4	0	0					
L06	1	0	2119	10.5002359604	0.323737612081	0.00346080825202	0.000405428696184	1011.17347603	757	0.120862566021	305.800753063	32.7635402906	2110.02294982	4	0	0					
L07	1	0	2234	8.83437779767	0.243061772605	0.00340628004809	0.000317761033197	1062.88803396	583	0.132194133573	468.46407897	36.5368782161	2821.70474644	4	0	0					
L08	1	0	2257	8.47408063802	0.261408949934	0.00241003304618	0.000325047399007	1024.89794369	648	0.120070363989	280.03369097	32.7638888889	1960.50046649	4	0	0					
L09	1	0	2127	9.04278326281	0.223319228961	0.00347047980293	0.000286437703309	1040.20210763	516	0.135743183313	448.566923129	40.4457364341	2676.60949535	4	0	0					
L10	1	0	2291	8.3814927979	0.237887385421	0.00270309137322	0.000304741641736	1039.86432852	597	0.121611380092	300.906459992	35.2579564489	2079.02392756	4	0	0					
L11	1	0	2147	8.49510945505	0.245458779693	0.00277513997176	0.000321378936256	1016.18663959	588	0.121084616085	289.779577279	34.7721088435	2021.75310876	4	0	0					
L12	1	0	2101	9.13660161828	0.246073298429	0.00345477974256	0.000318889262569	1045.55406072	562	0.133431730403	410.355326984	37.5409252669	2527.24545067	4	0	0					
L13	1	0	2168	7.6065498155	0.244003690037	0.00302532761102	0.000326333714738	1062.15434541	574	0.12807709235	397.165354763	31.3257839721	2504.19162566	4	0	0					
L14	1	0	2200	7.28590909091	0.252727272727	0.00264976498106	0.000326710204853	1053.0112206	589	0.12747527903	321.715395954	29.1256366723	2185.12227611	4	0	0					
L15	1	0	2356	8.05984719864	0.246604414261	0.00262261491114	0.000302944093737	1014.43381026	629	0.125049141658	320.272613966	32.9157392687	2120.97235903	4	0	0					
L16	1	0	2054	7.85686465433	0.2147030185	0.002624424262	0.00027137169171	988.994197486	483	0.124929770218	353.544769969	36.9648033126	2249.88753827	4	0	0					
L17	1	0	2205	7.51473922902	0.24716553288	0.00268370021891	0.000318484159263	1012.57891781	597	0.122167713826	306.647517609	30.6566164154	2141.29024791	4	0	0					
L18	1	0	2155	9.37958236659	0.264501160093	0.00281461209021	0.000341865002921	998.828366742	620	0.117319094892	267.881138823	36.1661290323	2029.01121127	4	0	0					
L19	1	0	2168	5.48431734317	0.165129151292	0.00199099922801	0.000199762262873	930.22877318	390	0.131931344597	327.231745681	32.7512820513	2040.42323168	4	0	0					
L20	1	0	2206	8.86083408885	0.249773345422	0.00269280663487	0.000323236402007	979.518712933	601	0.122652328712	293.75558147	35.9750415973	1931.05414379	4	0	0					
L21	1	0	2194	10.7953509572	0.326800364631	0.00288601713147	0.000395364725756	968.106391457	775	0.120393054595	246.459582968	33.0451612903	1812.21174298	4	0	0					
L22	1	0	2291	17.8747271934	0.588389349629	0.00575588328199	0.000756642462847	1029.88145104	1425	0.122314430411	274.985787524	30.5214035088	1967.57141044	4	0	0					
L23	1	0	2111	105.362861203	4.54666035054	0.0428788989384	0.00627585822671	1513.77925424	10321	0.146224293874	460.436924185	23.3925007267	2943.04133796	4	0	0					
L24	1	0	2052	107.979532164	4.68274853801	0.0433634191428	0.00647869785365	1475.54931702	10384	0.147644355698	419.629602076	23.2882318952	2635.0233918	4	0	0					
M01	1	0	2308	72.9644714038	2.07235701906	0.0247914567623	0.0027784244139	1307.0506745	5151	0.12823509299	334.20398907	35.4284604931	2449.50428704	4	0	0					
M02	1	0	2136	105.963483146	4.3206928839	0.0417829382722	0.0059680507313	1627.96327698	9981	0.147301027996	466.010809224	24.5208896904	2930.49193846	4	0	0					
M03	1	0	2029	8.92508624938	0.226219812716	0.00278988232004	0.000292305187013	965.62595022	497	0.122613831116	279.532213757	39.8772635815	1902.04492725	4	0	0					
M04	1	0	2195	21.3261958998	0.653758542141	0.00593298232552	0.000817288910234	1047.17197469	1523	0.119623221396	259.844829853	33.0610636901	1927.55542265	4	0	0					
M05	1	0	2168	8.94787822878	0.217712177122	0.00279259474494	0.000284251802233	977.720370639	512	0.122218455746	295.452535308	40.48828125	2039.42488857	4	0	0					
M06	1	0	1515	12.1425742574	0.356435643564	0.00458010827875	0.00047986258798	890.269624366	586	0.128455765656	283.824622837	34.5972696246	1872.47243619	4	0	0					
M07	1	0	2228	7.43806104129	0.200179533214	0.00257195683327	0.0002636231949	1015.25502154	482	0.126561726384	324.497373802	37.2302904564	2103.7283364	4	0	0					
M08	1	0	1856	13.4348060345	0.335668103448	0.00476267712317	0.000495989848434	1001.20070086	684	0.122964063487	279.586659885	40.0701754386	1943.46019006	4	0	0					
M09	1	0	1230	31.912195122	0.713821138211	0.00799302530239	0.00082118719943	1087.36052935	1085	0.136565451939	519.145136731	69.7585253456	3196.76183894	4	0	0					
M10	1	0	2004	8.17814371257	0.242015968064	0.00300624996101	0.000300909439198	1037.2525989	541	0.133568366406	405.228006638	34.9038817006	2516.2942417	4	0	0					
M11	1	0	2127	7.09732016925	0.236483309826	0.00216998327399	0.00029309206262	1036.83178884	551	0.121401435787	262.885897444	30.1433756806	1884.26900428	4	0	0					
M12	1	0	2034	7.30235988201	0.208947885939	0.00247277184657	0.00028759022761	1052.49070921	460	0.123646930959	342.488000486	35.2260869565	2202.09642148	4	0	0					
M13	1	0	2143	8.27018198787	0.238917405506	0.00255720484406	0.000303067109593	1066.19236712	555	0.124102878561	293.065558688	34.7765765766	2038.52726949	4	0	0					
M14	1	0	2296	8.27831010453	0.221254355401	0.00311448286114	0.000299077949925	1055.72107575	548	0.126441241258	406.950129888	37.1751824818	2665.16679288	4	0	0					
M15	1	0	2224	7.75989208633	0.224820143885	0.0027634095404	0.000279640309979	1033.46854321	554	0.131426609758	395.81835842	34.8880866426	2558.82473324	4	0	0					
M16	1	0	2292	9.19720767888	0.266143106457	0.00302878906814	0.000342337942034	968.991605598	650	0.122634279657	297.216236616	34.5507692308	2054.93980848	4	0	0					
M17	1	0	2104	8.50807984791	0.236216730038	0.00262872585385	0.00030251767585	1002.78189694	531	0.121931178176	273.414619058	36.8644067797	1971.69664776	4	0	0					
M18	1	0	2228	8.95646319569	0.254488330341	0.00309023649092	0.000330000863714	965.808733345	621	0.125571117795	372.683373894	35.576489533	2479.64729112	4	0	0					
M19	1	0	2300	7.23826086957	0.201304347826	0.0023118408258	0.000259607290677	1019.34909032	511	0.12472274834	290.078640632	35.5381604697	2005.10052771	4	0	0					
M20	1	0	882	90.1870748299	3.04195011338	0.018503714675	0.00288827073562	1215.73308624	2899	0.125280276003	258.871120469	29.854432563	1888.94637138	4	0	0					
M21	1	0	2214	9.72899728997	0.261065943993	0.0040797019748	0.000401272631515	1065.19574887	621	0.12489113053	381.473467994	37.4299516908	2664.05156023	4	0	0					
M22	1	0	2155	98.2287703016	4.37587006961	0.0422842170441	0.00594671946563	1436.74876103	10146	0.145387957288	445.261155911	22.6475458309	2794.56853816	4	0	0					
M23	1	0	2063	59.0683470674	2.24139602521	0.0185188187714	0.00299581687915	1193.14244826	4954	0.125071506472	279.964127331	26.4901090028	2115.52132137	4	0	0					
M24	1	0	2156	103.788497217	4.33951762523	0.0428608181816	0.00620933480582	1312.54113149	10162	0.147759866041	382.952961284	24.0798071246	2411.01808711	4	0	0					
N01	1	0	2194	9.11896080219	0.242935278031	0.00266644019952	0.000298875142275	982.529115279	586	0.122590793747	265.96398567	37.2013651877	1851.49052407	4	0	0					
N02	1	0	2135	112.66088993	4.56206088993	0.0462311116944	0.00648972030568	1474.60312748	10407	0.149736126677	442.556202976	25.0225809551	2730.19239405	4	0	0					
N03	1	0	2006	11.646560319	0.30109670987	0.00335375307428	0.000382599334869	962.274766654	660	0.121399162617	243.435321349	38.046969697	1788.2355514	4	0	0					
N04	1	0	2220	9.38873873874	0.233333333333	0.00283367947518	0.000309315151641	949.410549192	557	0.121063740667	283.406547392	40.8096947935	1933.7177187	4	0	0					
N05	1	0	2225	8.9806741573	0.245393258427	0.00291323193495	0.000335424670458	990.01933693	597	0.124133380524	279.004819569	36.5393634841	1961.69588478	4	0	0					
N06	1	0	2234	8.47538048344	0.213518352731	0.00283189788206	0.000268898250556	1007.08536409	517	0.125352061246	340.213786361	39.8375241779	2249.34512254	4	0	0					
N07	1	0	2213	8.09399005874	0.235878897424	0.00249106245848	0.000301154415054	989.603035323	573	0.123326767319	310.891030955	34.3944153578	2043.86131394	4	0	0					
N08	1	0	2112	7.58191287879	0.205492424242	0.00242063293727	0.000276973126485	954.355634178	470	0.123039380429	279.773250036	36.6574468085	1953.63361217	4	0	0					
N09	1	0	2174	9.47470101196	0.298528058878	0.00292340959276	0.000358382020762	979.771288587	705	0.118704284384	281.278316815	31.3971631206	1983.63912933	4	0	0					
N10	1	0	1969	10.6795327577	0.292026409345	0.00322636588534	0.000411214070927	1018.65095866	624	0.118070550767	246.511759178	36.8830128205	1837.7938456	4	0	0					
N11	1	0	2193	7.73415412677	0.22252621979	0.00245346234272	0.000284279291764	1003.62067549	523	0.123048644483	293.660711582	35.154875717	2073.93460662	4	0	0					
N12	1	0	2147	8.94923148579	0.310666045645	0.00285609745479	0.000422558368679	1040.54873687	716	0.122052331059	279.336003437	29.2025139665	2001.9963674	4	0	0					
N13	1	0	2184	90.0654761905	3.75	0.0366969752826	0.005364391083	1537.87088571	8872	0.141052584673	444.144308027	24.2244138864	2937.38550705	4	0	0					
N14	1	0	289	72.5778546713	2.37024221453	0.0449335274223	0.00476746624013	1461.09735063	746	0.154514878002	504.711295567	30.7104557641	2967.94998641	4	0	0					
N15	1	0	2120	7.76367924528	0.237735849057	0.00259896439352	0.00031011117295	1004.60140732	537	0.124588586189	316.616878251	32.852886406	2142.29080855	4	0	0					
N16	1	0	2102	10.3154138915	0.320647002854	0.00348677197652	0.000350618617793	973.459678428	735	0.126908566253	339.401679104	32.3836734694	2127.01090878	4	0	0					
N17	1	0	2001	9.34282858571	0.220389805097	0.00290622280731	0.000267009189732	998.961551447	477	0.127343624544	323.287504873	41.8050314465	2036.490352	4	0	0					
N18	1	0	2100	8.58904761905	0.245714285714	0.00284905149942	0.000301976814655	959.224518871	557	0.124527993952	354.04232775	34.8958707361	2339.24678654	4	0	0					
N19	1	0	2222	9.00855085509	0.261926192619	0.00290876067333	0.000327354384537	972.085212115	629	0.123758736979	300.093994267	35.0254372019	2048.54747336	4	0	0					
N20	1	0	2162	9.5420906568	0.245143385754	0.0033848136939	0.000310464508704	965.771336118	570	0.13055261422	431.50525083	39.4157894737	2374.06989163	4	0	0					
N21	1	0	2230	9.49596412556	0.270852017937	0.00359335335749	0.000352393957223	947.529680176	652	0.131227101417	352.649838272	35.0122699387	2268.42516267	4	0	0					
N22	1	0	2176	10.7568933824	0.303768382353	0.00327367645754	0.000386283989856	931.362369786	695	0.119331503659	248.272927854	35.2129496403	1812.13554647	4	0	0					
N23	1	0	2240	9.228125	0.251339285714	0.00270827425816	0.000309809793836	935.070194588	620	0.125039824569	287.22595934	35.8951612903	2104.77335114	4	0	0					
N24	1	0	1960	118.396428571	4.7362244898	0.0486273974082	0.00648152555304	1546.08200912	10083	0.148885201317	458.375704647	25.2420906476	2854.11784711	4	0	0					
O01	1	0	2074	9.39922854388	0.249276759884	0.00254248611306	0.000304077873081	957.220339118	563	0.118639202202	239.587129219	37.2895204263	1736.69836929	4	0	0					
O02	1	0	1941	134.867594024	5.51416795466	0.0833851061402	0.0081807582988	2491.19697228	11625	0.165565226212	942.986485778	24.6198709677	5329.21068835	4	0	0					
O03	1	0	2270	9.08810572687	0.259030837004	0.00283706986152	0.000319347453689	1005.41076191	648	0.120248822798	296.217229915	34.9027777778	2028.9925795	4	0	0					
O04	1	0	2046	8.80009775171	0.243890518084	0.00295345556635	0.000299459630218	990.727353708	563	0.12558158661	351.872446467	36.3570159858	2336.4147198	4	0	0					
O05	1	0	2267	50.413762682	1.81737979709	0.0175787946665	0.00256773748782	1180.38614905	4428	0.133580164817	316.769257324	27.6289521229	2178.95075136	4	0	0					
O06	1	0	2126	8.59830667921	0.216368767639	0.00233343342076	0.000273404654493	1012.68888582	511	0.117935229472	265.285539659	40.6516634051	1999.8250289	4	0	0					
O07	1	0	2174	9.87120515179	0.287948482061	0.00286806100219	0.000348060978097	1016.17013532	685	0.122227528068	261.982807025	34.1153284672	1917.90808595	4	0	0					
O08	1	0	2197	7.58989531179	0.228948566227	0.00250621394289	0.000278398418772	975.2029585	554	0.127270218445	311.344591188	34.2888086643	2081.86208403	4	0	0					
O09	1	0	2283	8.19053876478	0.234340779676	0.00303585266701	0.000322376899697	1008.19627711	589	0.133453506446	408.371274149	35.3174872666	2425.1791183	4	0	0					
O10	1	0	751	31.5472703063	0.940079893475	0.00734615548832	0.000871919160932	1049.00678959	804	0.123910047813	270.510767708	33.6106965174	1858.8281859	4	0	0					
O11	1	0	2161	7.24849606664	0.219342896807	0.00240242442597	0.000282150427328	978.246681496	522	0.124008421729	270.858093784	32.9712643678	1887.20530275	4	0	0					
O12	1	0	2167	10.5436086756	0.320258421781	0.00335502044843	0.000409669092002	989.348682993	740	0.117710298659	275.880020669	32.8405405405	1922.5865183	4	0	0					
O13	1	0	2185	7.41235697941	0.2352402746	0.00242186589261	0.000315733725877	990.175874331	556	0.122669039559	269.119391973	31.8381294964	1877.16365628	4	0	0					
O14	1	0	2407	7.98795180723	0.256751142501	0.00240162165775	0.000330339628104	982.759668984	657	0.119852325069	250.556815748	30.8432267884	1850.63811331	4	0	0					
O15	1	0	2147	8.14578481602	0.231951560317	0.00249332187101	0.000284480828767	952.706306435	544	0.123557477894	281.333423899	35.2132352941	1877.57696036	4	0	0					
O16	1	0	2160	46.4625	1.95833333333	0.0153332526778	0.00273863376934	1098.527105	4558	0.127445987821	266.979644305	23.7999122422	1967.0408	4	0	0					
O17	1	0	2151	6.430032543	0.176662017666	0.00185393042377	0.000215263830981	1083.51756322	424	0.125644832708	296.79701629	36.4174528302	2073.10199152	4	0	0					
O18	1	0	2159	8.17786012043	0.230662343678	0.00311659843878	0.000305081017277	971.345223	532	0.126167192233	317.613011189	35.8890977444	1999.75321141	4	0	0					
O19	1	0	2360	8.45127118644	0.223728813559	0.00268806436494	0.000280790852128	974.728005676	567	0.122305964918	296.472280708	37.8835978836	2030.3294206	4	0	0					
O20	1	0	2125	7.57458823529	0.215058823529	0.00205514651621	0.000266512419974	929.531942264	509	0.121856750383	259.54348932	35.5481335953	1829.40237859	4	0	0					
O21	1	0	2124	9.02024482109	0.254237288136	0.00278269118919	0.000334606947661	1003.1259367	582	0.118778593261	271.408677618	35.7800687285	1879.31709436	4	0	0					
O22	1	0	1127	66.1038154392	1.29636202307	0.0231396435783	0.00179519092165	1091.76384991	1627	0.136066429838	325.688629731	51.2661339889	2046.07927	4	0	0					
O23	1	0	2030	8.38374384236	0.230541871921	0.00279927068249	0.000300466921768	1015.58827108	503	0.125122131418	295.097030691	36.3141153082	2033.73649587	4	0	0					
O24	1	0	2035	114.714004914	4.36363636364	0.0503795905418	0.00613128559549	1914.67617259	9482	0.148283043522	574.932242127	26.4907192575	3602.96716357	4	0	0					
P01	1	0	2161	9.0944007404	0.220268394262	0.00295148479908	0.000272545911015	991.642499048	527	0.123249509132	311.578205269	40.5711574953	2138.3243485	4	0	0					
P02	1	0	2076	42.6401734104	1.44749518304	0.011860454441	0.00186223587833	1214.72650851	3255	0.121579338495	265.19323237	29.5975422427	2075.78496513	4	0	0					
P03	1	0	2083	11.7013922228	0.313010081613	0.0031810521316	0.00038147213431	960.677939818	698	0.121042182859	237.188160886	37.6776504298	1754.52832841	4	0	0					
P04	1	0	2187	8.71056241427	0.25971650663	0.00275031303065	0.00033130314902	935.122626052	623	0.127253302683	286.033627108	33.8170144462	1915.83654607	4	0	0					
P05	1	0	2146	8.3522833178	0.230661696179	0.0024221534579	0.000298909519408	920.811362767	553	0.119834667621	236.608741526	35.9927667269	1699.04597801	4	0	0					
P06	1	0	2065	7.60435835351	0.236319612591	0.00255950816275	0.000315442407934	944.299901562	527	0.125307209095	283.10182461	32.6717267552	1910.97835283	4	0	0					
P07	1	0	2181	8.63182026593	0.238422741862	0.00297502890175	0.000302179531763	991.486071508	554	0.126977928296	345.932915349	36.285198556	2328.80132402	4	0	0					
P08	1	0	2131	7.86297512905	0.22383857344	0.00269120690197	0.000279035912406	998.74275057	531	0.126031985258	324.275751747	34.2297551789	2140.17911296	4	0	0					
P09	1	0	2207	10.0557317626	0.289080199366	0.00304747258878	0.000396425650695	988.21154934	687	0.119518373638	250.839970521	35.0509461426	1850.97087687	4	0	0					
P10	1	0	2152	12.9144981413	0.342472118959	0.00402279285777	0.000469162755829	1003.41116541	802	0.119965698662	260.747811916	37.7206982544	1898.06140104	4	0	0					
P11	1	0	2222	7.53060306031	0.209720972097	0.00263837744116	0.000276094099791	994.469371036	535	0.12393268268	336.372248965	35.4299065421	2237.46263387	4	0	0					
P12	1	0	1772	27.5965011287	0.878668171558	0.00573407657291	0.000892623488359	1039.22498904	1732	0.1218854281	240.175580464	31.9670900693	1773.1706356	4	0	0					
P13	1	0	2019	8.33382862803	0.217434373452	0.0022916617129	0.000279020091331	1003.26359357	476	0.120710896695	248.934738069	38.3550420168	1823.06137584	4	0	0					
P14	1	0	2142	10.4649859944	0.317927170868	0.00299456264725	0.000403005386106	979.801580366	741	0.117224281476	241.062237855	33.1309041835	1785.96421896	4	0	0					
P15	1	0	2332	7.94939965695	0.235420240137	0.00332869993639	0.000317284539868	1027.68235171	599	0.130821468355	399.837311178	33.8831385643	2396.32180857	4	0	0					
P16	1	0	1979	7.63213744315	0.21879737241	0.00234057220922	0.000264935812935	984.978261839	465	0.126311611705	299.368298263	35.3720430108	2037.09293254	4	0	0					
P17	1	0	2169	7.39326878746	0.223144306132	0.00274083441972	0.000281930427666	973.781682416	519	0.12931244121	333.051838887	33.1657032755	2070.41138233	4	0	0					
P18	1	0	2121	6.79302215936	0.164073550212	0.00232924932771	0.000219233624842	948.153869423	375	0.125350030075	277.20725156	41.1866666667	1850.45408971	4	0	0					
P19	1	0	2116	11.6351606805	0.338374291115	0.00333719543629	0.000469777814372	973.939668334	775	0.11679691881	228.965559136	34.7741935484	1759.14677111	4	0	0					
P20	1	0	2166	7.87257617729	0.240073868883	0.00246797290957	0.000292719121714	918.993959976	561	0.125447797053	249.261439437	32.9982174688	1731.20724085	4	0	0					
P21	1	0	2138	8.62160898036	0.258185219832	0.00284842070378	0.000316715776664	956.199368548	580	0.126157723258	288.821515978	33.9310344828	1922.0063877	4	0	0					
P22	1	0	2423	23.5509698721	0.870821295914	0.00692594675039	0.0011517055637	1001.78479142	2256	0.123404530244	248.956233674	27.0265957447	1816.81157769	4	0	0					
P23	1	0	2086	10.7876318313	0.264621284756	0.00302960320056	0.000319699113167	927.558607577	580	0.121129442618	256.181031494	40.775862069	1792.72264789	4	0	0					
P24	1	0	2111	33.4111795358	1.12316437707	0.00902418339508	0.00141816418666	1404.24617601	2576	0.118944359522	300.097390824	30.0454192547	2356.82885121	4	0	0					
