Well	Plane	Timepoint	Cell Selected - Number of Objects	Cell Selected - Total Spot Area - Mean per Well	Cell Selected - Number of Spots - Mean per Well	Cell Selected - Relative Spot Intensity - Mean per Well	Cell Selected - Number of Spots per Area of Cytoplasm - Mean per Well	Cell Selected - Intensity Cytoplasm Mean - Mean per Well	Spots Selected - Number of Objects	Spots Selected - Relative Spot  Intensity - Mean per Well	Spots Selected - Corrected Spot  Intensity - Mean per Well	Spots Selected - Spot Area [px²] - Mean per Well	Spots Selected - Intensity Spot Mean - Mean per Well	Number of Analyzed Fields	Height [µm]	Time [s]	Compound	Concentration	Cell Type	Cell Count	
A01	1	0	2066	122.231364956	4.70038722168	0.0534845225493	0.00705384008872	2412.57425197	10511	0.146510596663	658.240374792	26.2086385691	4179.26543847	4	0	0					
A02	1	0	2202	7.04405086285	0.208446866485	0.00287233069015	0.000263759608204	1112.80212976	512	0.133716452606	387.954107747	34.076171875	2367.97449214	4	0	0					
A03	1	0	2050	66.1468292683	2.69073170732	0.0224050570687	0.00381783754788	1507.44992047	5895	0.130783982177	362.548634511	24.8687022901	2599.94580354	4	0	0					
A04	1	0	1342	102.581967213	3.86438152012	0.0422609174198	0.00533849603365	1470.8377798	5668	0.145550007257	450.889579468	26.8881439661	2838.42282675	4	0	0					
A05	1	0	2122	9.527332705	0.290292177191	0.00371293420567	0.000387221578022	998.669093641	669	0.128047481012	331.654983359	33.1031390135	2130.45656405	4	0	0					
A06	1	0	2229	15.6451323463	0.450874831763	0.00536499380894	0.000574923417993	1024.62304432	1082	0.125506480862	318.229268392	35.2116451017	2094.92402418	4	0	0					
A07	1	0	1868	9.75535331906	0.21948608137	0.00444520987559	0.000294263226606	1020.90806305	445	0.140922301503	443.004447656	43.6674157303	2480.64410568	4	0	0					
A08	1	0	1607	9.50715619166	0.228998133167	0.00309335336111	0.000265475155306	1141.00332603	402	0.132682553209	390.918798913	42.1094527363	2416.60673082	4	0	0					
A09	1	0	1377	139.730573711	4.61147421932	0.08157517573	0.00731270075969	3089.0200369	6881	0.156969474219	1023.06136732	30.6404592356	6029.64901933	4	0	0					
A10	1	0	1937	8.59266907589	0.256066081569	0.00367768241339	0.000311072110311	1079.31155886	545	0.135479539709	415.76497132	34.1834862385	2399.80547118	4	0	0					
A11	1	0	957	38.21107628	1.16091954023	0.00730578091721	0.000974577808865	1156.44198944	1190	0.118175514837	240.136759888	33.6033613445	1794.03257641	4	0	0					
A12	1	0	2532	6.93601895735	0.19747235387	0.00236524560939	0.000254457583122	1005.3031582	540	0.123641359947	289.316970192	35.5462962963	1946.2979489	4	0	0					
A13	1	0	2294	6.04664341761	0.170444638187	0.00224881663908	0.00020841532822	1181.82486048	427	0.134667529621	398.647679423	35.9320843091	2447.69786084	4	0	0					
A14	1	0	2143	7.6486234251	0.239850676622	0.00246793414621	0.000296721637102	1253.13783911	555	0.126303350825	357.462300199	32.3243243243	2417.98747801	4	0	0					
A15	1	0	2365	6.42494714588	0.171670190275	0.00207340519808	0.00022411223079	1073.54170609	433	0.119681807875	293.02391765	37.9076212471	2057.16002875	4	0	0					
A16	1	0	2328	8.99828178694	0.274914089347	0.00370986648609	0.000359048945671	1020.70918807	696	0.127656487971	354.61514962	32.7988505747	2246.47328794	4	0	0					
A17	1	0	1989	44.6324786325	1.5520361991	0.0136187718335	0.00203446304541	1149.87059102	3286	0.122862866305	279.780644389	29.1159464394	2074.80056057	4	0	0					
A18	1	0	2072	11.9555984556	0.410231660232	0.00332052463777	0.000502535358612	1048.695669	919	0.119950923348	263.558202818	29.8552774755	1944.70609432	4	0	0					
A19	1	0	2026	8.74383020731	0.277887462981	0.00268432029352	0.000336031493024	961.534642126	608	0.124462844175	281.323432171	32.4391447368	1958.39430465	4	0	0					
A20	1	0	2053	9.22113979542	0.267413541159	0.00321720050185	0.000318532163306	1014.25955451	601	0.125023983371	356.475514854	34.9034941764	2242.79920751	4	0	0					
A21	1	0	2048	11.330078125	0.38427734375	0.00432717475157	0.00048634530809	999.091625966	866	0.127959412766	331.22281255	29.3983833718	2130.12918673	4	0	0					
A22	1	0	1989	8.50930115636	0.260432378079	0.00327401232318	0.000364670869619	926.916487632	552	0.12787315725	284.866787988	32.8369565217	1876.41888173	4	0	0					
A23	1	0	1796	112.683741648	4.81514476615	0.0483957936854	0.00681217938217	1532.43838954	9357	0.150244832892	454.744606759	23.5967724698	2784.7748704	4	0	0					
A24	1	0	2034	9.66273352999	0.325958702065	0.00341390410513	0.000398099969261	959.409813175	701	0.128230666403	299.881703723	30.0356633381	1977.56490823	4	0	0					
B01	1	0	2130	118.169014085	5.0544600939	0.055635540398	0.00731118320394	1614.501771	11685	0.153332639937	495.248989395	23.7589216945	2985.19966242	4	0	0					
B02	1	0	2153	8.20204366001	0.254528564793	0.0032309649016	0.000318727125689	1066.88061718	583	0.12762269208	365.216862208	32.6003430532	2348.28154364	4	0	0					
B03	1	0	2049	9.18155197657	0.309419228892	0.00357702169886	0.000415638053795	957.705793313	680	0.123864050592	296.102755346	29.8102941176	2031.53778418	4	0	0					
B04	1	0	2021	12.0999505195	0.412666996536	0.00393324809393	0.000512322059117	1026.24590793	915	0.122053373863	332.670346879	29.6666666667	2319.29740879	4	0	0					
B05	1	0	2136	10.4630149813	0.308520599251	0.00377567206026	0.000388557354761	957.783519194	729	0.129774181423	334.920430009	34.4224965706	2094.80912948	4	0	0					
B06	1	0	2089	8.97989468645	0.303015797032	0.00374701838186	0.000380482799023	1102.44445547	698	0.130443581443	378.68391628	29.946991404	2426.44146708	4	0	0					
B07	1	0	1973	108.003547897	4.19006588951	0.0555209710454	0.00632455900458	1851.34236972	8936	0.151264742111	605.914357672	25.9336392122	3706.50620586	4	0	0					
B08	1	0	2080	11.9543269231	0.375480769231	0.00359517371729	0.000454342942234	1079.13659293	858	0.12413990445	289.026202326	32.4207459207	2024.8645631	4	0	0					
B09	1	0	1978	7.71031344793	0.216885743175	0.00313631707355	0.000266441007947	1044.97803477	472	0.133160481896	407.993349358	36.031779661	2386.7904276	4	0	0					
B10	1	0	1937	7.44966442953	0.235931853382	0.00255034461961	0.000293584606372	1046.47782699	518	0.126641182644	330.107848488	32.167953668	2261.69076517	4	0	0					
B11	1	0	1674	10.6851851852	0.397849462366	0.00567795879182	0.000507349662439	3088.41677864	758	0.155372740818	1150.45789815	26.7915567282	6250.24305337	4	0	0					
B12	1	0	1926	9.98078920042	0.285046728972	0.0036544312351	0.000420286642876	1011.65223326	595	0.121835472403	285.04615926	35.0974789916	1936.20125423	4	0	0					
B13	1	0	1958	7.68232890705	0.226251276813	0.00272402048882	0.000284072629972	1216.12541251	495	0.125161057228	373.131002986	34.0262626263	2595.35855567	4	0	0					
B14	1	0	2038	8.46516192345	0.275269872424	0.00327398700519	0.000338856588017	968.950542654	610	0.127418206202	332.414162797	30.7475409836	2110.49624102	4	0	0					
B15	1	0	2092	9.05019120459	0.274378585086	0.0031491614977	0.000320857643298	1016.78746668	624	0.126393790336	348.369896395	33.9310897436	2167.60403764	4	0	0					
B16	1	0	1714	9.16802800467	0.251458576429	0.00374408612328	0.000351934842873	955.522470859	461	0.131655046127	295.648536216	36.1973969631	1946.55246215	4	0	0					
B17	1	0	1932	8.89906832298	0.275362318841	0.00342904932181	0.000341899353317	991.190780778	580	0.125640031759	347.127039216	32.4189655172	2150.5904348	4	0	0					
B18	1	0	1933	13.7822038282	0.424211070874	0.00412004081445	0.000515078549663	1069.37837963	874	0.123385119208	293.373171845	32.5652173913	2103.09540731	4	0	0					
B19	1	0	2040	12.2828431373	0.436764705882	0.00399410775619	0.000544444494995	970.373922458	961	0.124092437001	277.277067933	28.1727367326	1894.06203335	4	0	0					
B20	1	0	1916	10.740605428	0.375782881002	0.00334314342871	0.000436354951031	1011.9841444	780	0.123223678677	290.509665685	28.9025641026	2013.19578188	4	0	0					
B21	1	0	2006	10.1575274177	0.321535393819	0.00364049274884	0.000401991866164	958.635556736	733	0.120079760457	321.151331346	31.7858117326	2154.4418835	4	0	0					
B22	1	0	2086	10.4242569511	0.340843720038	0.00419401442247	0.000423198941163	972.748391176	774	0.129899924376	380.556232474	30.6369509044	2265.41684178	4	0	0					
B23	1	0	2007	96.6402590932	4.30842052815	0.0361673318163	0.0058384364191	1422.19642397	9354	0.143603400472	386.24364318	22.6343810135	2481.90914656	4	0	0					
B24	1	0	2117	8.39726027397	0.24468587624	0.00343689801911	0.000305685143088	1058.81644576	569	0.136319626901	458.0074533	34.6766256591	2627.57982124	4	0	0					
C01	1	0	2277	121.079490558	4.71805006588	0.0544869168597	0.00674736475979	1653.2006808	11636	0.151179001184	489.615443564	25.8559642489	2975.91295246	4	0	0					
C02	1	0	2371	10.342049768	0.299029945171	0.00330113971811	0.000376891650382	969.920994995	788	0.120681208232	267.716771302	34.2868020305	1913.39639721	4	0	0					
C03	1	0	553	4.27305605787	0.117540687161	0.00152194494707	0.000148906985247	860.10614979	80	0.145048034472	287.569253816	35.7125	1800.45774172	4	0	0					
C04	1	0	1869	10.4333868379	0.269662921348	0.00377572377836	0.000305871236502	1069.65254656	547	0.127787523992	349.793631033	39.0219378428	2251.07659101	4	0	0					
C05	1	0	2071	9.72139063254	0.258812168035	0.0031945916021	0.000302717781382	967.822807551	577	0.127082602161	339.701632059	37.8613518198	2240.80772154	4	0	0					
C06	1	0	2070	9.60338164251	0.317391304348	0.00354833132342	0.000388482640959	945.915329209	708	0.12506887356	316.565483948	30.2076271186	2035.51501105	4	0	0					
C07	1	0	2051	9.44368600683	0.243783520234	0.00408124553133	0.000302321376974	1026.10738312	536	0.134537952275	403.295064765	38.7574626866	2332.41719507	4	0	0					
C08	1	0	1881	9.42477405635	0.266879319511	0.00336756824873	0.000343559149599	973.977979114	544	0.127325894059	318.940054688	35.4944852941	2052.65747287	4	0	0					
C09	1	0	2071	8.73056494447	0.250603573153	0.00313545730916	0.000307835975922	1013.77210054	562	0.132392625463	383.438935007	35.0800711744	2374.65470862	4	0	0					
C10	1	0	1963	121.519612837	4.66123280693	0.0742503962994	0.00739412846827	2299.21232449	9875	0.157885298992	808.917426142	26.2923544304	4747.8920281	4	0	0					
C11	1	0	148	40.5472972973	0.601351351351	0.010750790076	0.000493656310494	1050.06624737	149	0.170348447771	473.031694018	60.0134228188	2355.55122376	4	0	0					
C12	1	0	2321	7.00258509263	0.219732873761	0.00240331496804	0.000275806155382	1042.39836038	559	0.12778082409	366.462844142	32.8998211091	2456.9528932	4	0	0					
C13	1	0	2134	7.24226804124	0.192127460169	0.00276136127323	0.000233434168068	1084.25562267	444	0.131867376557	393.22551937	37.9459459459	2320.1618573	4	0	0					
C14	1	0	2062	132.966052376	5.37875848691	0.0848978569161	0.00801197214898	2872.67996755	12115	0.16244383126	1061.20177879	24.8981427982	6086.00997401	4	0	0					
C15	1	0	9	49.3333333333	0.666666666667	0.0277621537393	0.00116339869176	1301.76985876	70	0.208363174287	813.258028845	53.6714285714	3369.22119964	4	0	0					
C16	1	0	2370	9.61687763713	0.238818565401	0.00312336843319	0.000312057064374	1131.33970038	611	0.126236734007	342.663038805	40.7037643208	2310.98926622	4	0	0					
C17	1	0	2287	10.0944468736	0.313073895934	0.00326907988219	0.00039550390189	1028.1241617	781	0.124275351075	292.56404255	32.3623559539	1972.50858719	4	0	0					
C18	1	0	2520	69.3404761905	2.8623015873	0.0216187076953	0.00378725789871	1300.94472302	7866	0.129003524779	312.18110755	24.3668954996	2262.30519644	4	0	0					
C19	1	0	2411	7.46412277063	0.238905018664	0.00282060820314	0.000324433397868	998.984080896	616	0.123631648423	328.187219679	31.8668831169	2077.05261835	4	0	0					
C20	1	0	2405	8.46278586279	0.280665280665	0.00288202550512	0.000350413693763	993.606945878	721	0.120822672889	268.223329038	30.4424410541	1829.13355204	4	0	0					
C21	1	0	2124	13.9030131827	0.487288135593	0.0039080054172	0.000589916459055	1038.77586277	1115	0.116395057243	239.704836403	28.9130044843	1812.68355625	4	0	0					
C22	1	0	2359	10.3382789318	0.340822382365	0.00324668682875	0.000450302933869	936.600476684	858	0.119927568208	246.152920795	30.6305361305	1754.6451955	4	0	0					
C23	1	0	2042	114.517629775	4.90401567091	0.0507516875849	0.00688122959051	1635.6763543	10890	0.150181228902	498.255132804	23.6489439853	3028.76678462	4	0	0					
C24	1	0	2138	12.5893358279	0.405519176801	0.00471483629795	0.000495794088768	928.940358898	925	0.128924087765	361.159406133	31.3383783784	2216.43419276	4	0	0					
D01	1	0	2244	103.132352941	4.14973262032	0.043564024377	0.00565981069586	1799.72858735	9988	0.145651117162	543.445187427	25.0650780937	3429.6972177	4	0	0					
D02	1	0	2222	93.8190819082	3.44509450945	0.0359912623549	0.00491051273078	1362.19760926	8214	0.140950013159	359.173874133	27.4027270514	2353.62356008	4	0	0					
D03	1	0	2188	10.8450639854	0.331352833638	0.00345708796085	0.000387335175052	930.534594616	777	0.126168773706	274.086927193	32.7425997426	1826.02870341	4	0	0					
D04	1	0	2242	9.29661016949	0.269848349688	0.00361267902989	0.000337221684358	1000.68701729	650	0.127461635944	338.927508383	34.9676923077	2207.04908532	4	0	0					
D05	1	0	741	53.6950067476	1.45209176788	0.0282821970335	0.00296955185225	1115.9157793	1125	0.140467010163	337.958924213	37.2168888889	2208.81350359	4	0	0					
D06	1	0	2288	12.0340909091	0.380244755245	0.00439893785609	0.000478355437392	1063.54988752	934	0.125268786532	346.001736417	31.6541755889	2363.65498351	4	0	0					
D07	1	0	2351	9.18034878775	0.286261165462	0.00333932993642	0.000356403025294	1006.13142308	725	0.126796309914	328.55431872	32.7393103448	2167.99572653	4	0	0					
D08	1	0	1764	3.93253968254	0.107709750567	0.00190497694243	0.000138936128528	893.763875412	212	0.153400274852	448.933573781	35.7783018868	2479.26963194	4	0	0					
D09	1	0	2244	6.84581105169	0.22192513369	0.00248225963831	0.000268983523529	1007.45873839	530	0.127050485815	315.718275425	31.0339622642	2047.44248701	4	0	0					
D10	1	0	14	46.9285714286	1	0.0135834537786	0.000548777302486	1046.22254134	28	0.238458358199	1034.81750107	55.25	4107.93086837	4	0	0					
D11	1	0	2321	8.26411029729	0.250323136579	0.00336680926349	0.000319567662283	1049.54877028	641	0.133290405654	408.323313027	33.8237129485	2476.34752919	4	0	0					
D12	1	0	2318	6.2100949094	0.174288179465	0.00268099685241	0.00023496975458400001	1063.53789432	440	0.13143535891	466.376240785	36.1636363636	2807.76176513	4	0	0					
D13	1	0	1148	17.8832752613	0.519163763066	0.0048726560963	0.000512650446147	1126.51582263	646	0.123623869385	328.042281392	34.9179566563	2170.83565334	4	0	0					
D14	1	0	2257	6.70225963669	0.190075321223	0.00269764448266	0.000251265669733	1007.27751778	454	0.128370487785	348.429762881	35.6696035242	2187.23029424	4	0	0					
D15	1	0	2213	8.15183009489	0.270221418888	0.0032330161727	0.000339965439092	1115.31951058	647	0.131349124291	387.216467001	30.9165378671	2385.87721269	4	0	0					
D16	1	0	2230	6.51838565022	0.183856502242	0.00239835079319	0.000228369552519	1014.36070718	446	0.133851221439	429.437660491	37.1905829596	2524.95063428	4	0	0					
D17	1	0	2245	7.83652561247	0.214699331849	0.00259975441215	0.000264881411071	1035.49426009	521	0.128517220305	366.641818497	36.8310940499	2317.03647942	4	0	0					
D18	1	0	2186	8.96614821592	0.257548032937	0.003014004701	0.000316399087382	971.585650057	616	0.12508844101	298.201516128	34.9918831169	1993.57150449	4	0	0					
D19	1	0	2157	11.7630968938	0.405656003709	0.00411805002695	0.000503056183321	1015.07953437	948	0.122402281713	322.338104069	29.2869198312	2139.98044603	4	0	0					
D20	1	0	1858	9.24650161464	0.270182992465	0.00331477632775	0.000338159461907	995.904188786	538	0.127470671363	359.531064025	34.5873605948	2337.11501734	4	0	0					
D21	1	0	1765	18.0458923513	0.623796033994	0.00498812556629	0.000709253089587	966.565106335	1188	0.11591973696	220.829187048	29.1346801347	1687.28103497	4	0	0					
D22	1	0	17	63	1.05882352941	0.0425822011401	0.00198342249496	1267.30893833	19	0.177969793296	588.123725419	60.2631578947	3216.76640374	4	0	0					
D23	1	0	2030	120.420689655	5.07931034483	0.0527570385108	0.00676013148409	1935.21669103	11134	0.150058580522	594.333622389	23.9400035926	3681.53845508	4	0	0					
D24	1	0	1914	117.248171369	5.2210031348	0.0515013477161	0.00729110791987	1624.88690513	10741	0.14993066939	478.072017315	22.7044036868	2948.49004619	4	0	0					
E01	1	0	2443	67.6930004093	2.29799426934	0.0251247267396	0.00322195075963	1255.41999163	6013	0.128539288582	325.450500454	29.6517545318	2360.07185211	4	0	0					
E02	1	0	2397	92.9528577388	3.45098039216	0.0380887155841	0.00501834527791	1541.23831863	8849	0.14428691279	417.238648294	27.0818171545	2664.00940945	4	0	0					
E03	1	0	2076	10.4301541426	0.328998073218	0.00411715494228	0.000403979106411	931.778433095	748	0.128900378872	326.760644329	32.1082887701	2052.94100418	4	0	0					
E04	1	0	1670	9.61077844311	0.281437125749	0.0038446735043	0.000336578284501	942.755918469	516	0.133019433015	362.053731702	34.5213178295	2173.79460788	4	0	0					
E05	1	0	2010	9.27810945274	0.319900497512	0.00364205698229	0.000407916674288	965.928385801	689	0.12457938936	317.220339024	29.1654571843	2108.53497987	4	0	0					
E06	1	0	1913	8.36696288552	0.270256142185	0.00349710911181	0.000325482595718	1079.31683739	564	0.13040530749	427.826803558	31.5531914894	2564.74601862	4	0	0					
E07	1	0	1823	8.99670872189	0.264399341744	0.00377198489896	0.000333368194516	970.210821909	517	0.130531729414	398.78433206	34.1740812379	2323.82846398	4	0	0					
E08	1	0	1996	9.42084168337	0.25751503006	0.00450135268053	0.000319112412012	1051.38769182	555	0.14004154813	588.992232225	37.1981981982	3332.61270285	4	0	0					
E09	1	0	2433	9.27579120427	0.266748869708	0.00381087982467	0.000348890684843	1056.90236993	695	0.128498386889	397.546015146	35.1136690647	2489.06574295	4	0	0					
E10	1	0	2387	9.49099287809	0.282362798492	0.00318496021113	0.000349227011626	1163.90282826	727	0.126276098111	368.066951125	33.7620357634	2399.23548481	4	0	0					
E11	1	0	2473	7.04690659118	0.215123331985	0.00285383379463	0.000275840742326	1109.85656109	576	0.127250414469	459.377563429	33.1840277778	3003.00224516	4	0	0					
E12	1	0	2405	12.320997921	0.413305613306	0.00446387096245	0.000542528832923	1117.15162326	1080	0.122141157903	324.599546632	30.0824074074	2184.89717072	4	0	0					
E13	1	0	2659	40.3347122979	1.49492290335	0.0117856442559	0.00202892457966	1212.71922328	4238	0.120326614161	261.720041664	27.1451156206	2022.19789171	4	0	0					
E14	1	0	1915	7.32898172324	0.16501305483	0.00338786422848	0.000247207192976	974.862476746	350	0.144491358287	393.663425943	44.2371428571	2208.07062434	4	0	0					
E15	1	0	2011	9.98259572352	0.288910989557	0.00429752942052	0.000342858320016	1044.52331815	648	0.136607478199	477.757739949	35.0154320988	2712.71373703	4	0	0					
E16	1	0	1350	9.34444444444	0.226666666667	0.0042322804704	0.000268957586884	999.631525795	356	0.148874897995	500.195554793	43.4494382022	2916.63175209	4	0	0					
E17	1	0	1564	8.32480818414	0.212276214834	0.00418393141344	0.000244932700019	961.146933589	374	0.153762360829	532.639089671	39.4117647059	2809.66308448	4	0	0					
E18	1	0	2292	10.442408377	0.35034904014	0.0039269530494	0.00046317655665	966.868762286	874	0.124114753021	299.871588226	30.557208238	1993.40784467	4	0	0					
E19	1	0	2047	10.3492916463	0.350757205667	0.00345615844524	0.000429956982038	945.020441679	782	0.122734840459	281.476947668	29.8836317136	1884.23237104	4	0	0					
E20	1	0	1595	10.5210031348	0.343573667712	0.00396428549962	0.000356988610151	953.88917398	585	0.132341288935	391.809721309	30.8974358974	2388.75805461	4	0	0					
E21	1	0	2085	12.6709832134	0.432134292566	0.00411320158648	0.000510348664219	941.630233975	962	0.122337668266	300.762480832	29.5540540541	2003.95284225	4	0	0					
E22	1	0	1956	7.42433537832	0.228016359918	0.00259020519094	0.000321831705437	857.63916783	483	0.119710135901	235.069078333	33.0062111801	1682.68217335	4	0	0					
E23	1	0	1798	60.9032258065	2.44327030033	0.0197747367007	0.00305152389768	1274.03787748	4753	0.127299221081	334.234771983	25.247212287	2415.03365962	4	0	0					
E24	1	0	1884	90.7149681529	4.17197452229	0.0335476010184	0.00552917615689	1551.85168399	8616	0.142035183793	420.03423007	22.0337743733	2706.39617363	4	0	0					
F01	1	0	2244	7.24732620321	0.261140819964	0.00289096765785	0.000345469620667	926.702659826	632	0.124097565601	298.319573193	28.0189873418	1945.62242585	4	0	0					
F02	1	0	2077	101.823784304	4.03418391911	0.0426541170438	0.00563371405558	1472.82861822	9080	0.147405287294	434.242383744	25.3970264317	2684.56302825	4	0	0					
F03	1	0	1944	10.146090535	0.31121399177	0.00364097790106	0.000384469674595	924.088892618	659	0.121250021894	302.086379943	32.5735963581	2042.8786017	4	0	0					
F04	1	0	2140	129.522429907	5.42943925234	0.0931448183367	0.00801202077707	2928.43017945	12660	0.17077343204	1241.87599172	24.0339652449	6850.33958011	4	0	0					
F05	1	0	2571	38.7012835473	1.56164916375	0.0113935069552	0.0019361244405	987.917965303	4319	0.124356421979	242.735395731	25.0720074091	1778.3413804	4	0	0					
F06	1	0	1939	14.7271789582	0.361526560083	0.00465597412817	0.000380028254576	1000.71845668	796	0.134843491058	433.84140726	41.7763819095	2541.24915001	4	0	0					
F07	1	0	1631	12.8761496015	0.3145309626	0.00342751840272	0.000332412975719	1035.79140768	597	0.126575184597	331.187750422	41.2998324958	2172.74145737	4	0	0					
F08	1	0	14	169.642857143	1.64285714286	0.0485747903082	0.00235266940269	2479.69486355	23	0.14266380116	550.308519733	103.260869565	3611.60626271	4	0	0					
F09	1	0	2063	9.50799806108	0.279205041202	0.00346335505267	0.000332309606794	1027.22567621	632	0.125727442892	346.22167185	34.1566455696	2287.74243974	4	0	0					
F10	1	0	1447	33.3331029717	1.08293020041	0.00733690751318	0.000903014443929	1152.55019494	1675	0.122735574818	307.066220091	30.856119403	2094.1703672	4	0	0					
F11	1	0	1931	101.75608493	4.48834800621	0.0414261196357	0.00619380409319	1504.47524078	9500	0.146110648215	435.641634697	22.8407368421	2767.13038755	4	0	0					
F12	1	0	916	15.5949781659	0.307860262009	0.00763777251373	0.000309788776552	1004.25716025	324	0.177696581903	627.883118593	50.4567901235	3074.45566442	4	0	0					
F13	1	0	1529	17.4126880314	0.528449967299	0.00534462046398	0.000448921146243	1097.23560621	960	0.131928211351	391.122898566	33.6447916667	2415.82975618	4	0	0					
F14	1	0	2210	6.55520361991	0.206334841629	0.0025464234441	0.000260903308396	1010.39775317	503	0.133117352216	393.706049688	31.8409542744	2371.29560691	4	0	0					
F15	1	0	2091	6.32902917264	0.184600669536	0.00253942416877	0.000205832946017	1004.85644006	428	0.13879073089	492.528789736	35.1401869159	2756.00072305	4	0	0					
F16	1	0	969	27.5479876161	0.732714138287	0.00889607123399	0.000616318769425	1030.85531692	803	0.14061449272	432.873345215	37.8293897883	2432.96535857	4	0	0					
F17	1	0	1423	6.25158116655	0.173576950105	0.00301781038795	0.000172342404868	937.490260495	285	0.162541486523	544.799504683	36.0807017544	2706.55733212	4	0	0					
F18	1	0	29	75.3793103448	1.1724137931	0.0157480993805	0.00105198174625	1244.62834257	38	0.146341051782	387.987642582	65.3947368421	2374.69495461	4	0	0					
F19	1	0	1916	7.48590814196	0.256263048017	0.00264403683368	0.000343814949107	890.313783837	535	0.121619856327	283.44078372	29.185046729	1841.72494129	4	0	0					
F20	1	0	1994	44.1830491474	1.7001003009	0.00998170743001	0.00167656169404	1024.5812167	3711	0.118424757157	238.493025762	26.4128267313	1868.71690777	4	0	0					
F21	1	0	2296	8.96297909408	0.312717770035	0.00288286707362	0.000388756727318	914.999343343	763	0.122730928	262.018907849	28.8571428571	1776.72516409	4	0	0					
F22	1	0	2143	14.9822678488	0.50583294447	0.0041507782003	0.000612910790168	893.131008977	1168	0.117507560173	223.201331833	30.0085616438	1655.61977117	4	0	0					
F23	1	0	2249	7.18052467763	0.258337038684	0.00225406195671	0.000343325493147	1048.52981969	626	0.119872836637	275.495415632	28.1629392971	1962.48037863	4	0	0					
F24	1	0	1770	110.937853107	4.71581920904	0.0416080744717	0.00598857648865	1820.41639936	9101	0.144397228326	518.972211166	23.7878255137	3294.96021841	4	0	0					
G01	1	0	2575	9.46601941748	0.286213592233	0.00360909160281	0.000392877823759	897.515889644	777	0.124808975287	267.615000858	33.1081081081	1801.51939982	4	0	0					
G02	1	0	2095	136.336515513	4.97040572792	0.0849611758838	0.00751308575073	2494.92448675	11250	0.164616677202	910.769775688	27.7323555556	5143.94975711	4	0	0					
G03	1	0	354	26.8248587571	0.378531073446	0.0105157700792	0.000589511804822	1000.97401996	142	0.13890702716	376.00755529	69.676056338	2243.48141023	4	0	0					
G04	1	0	1872	9.94764957265	0.333867521368	0.00385806635989	0.000433996139224	914.455265955	676	0.125860177022	283.348686226	29.7026627219	1869.8088649	4	0	0					
G05	1	0	1583	8.77953253316	0.238787113076	0.00376161815321	0.000296380482619	909.649492839	425	0.142458539725	441.242487885	37.2329411765	2583.88898916	4	0	0					
G06	1	0	2176	94.0523897059	4.43887867647	0.0360706863565	0.00596249495801	1330.94056032	10521	0.14465263656	372.790258689	21.3069099895	2383.91454537	4	0	0					
G07	1	0	790	73.5341772152	2.63164556962	0.0161276972399	0.00245699753898	1126.48189785	2311	0.12498035897	244.86594632	28.1406317611	1756.4473603	4	0	0					
G08	1	0	1363	6.06016140866	0.142333088775	0.00499091828128	0.000156691571418	1033.41867367	215	0.17798676268	754.68045329	41.7627906977	3732.55385944	4	0	0					
G09	1	0	2204	7.57849364791	0.223230490018	0.00358592267706	0.00029118359864	1018.40951506	542	0.13523782552	441.973148778	33.9464944649	2653.55022688	4	0	0					
G10	1	0	2419	7.88548987185	0.25837122778	0.00298837058138	0.00031962827949	1043.57578102	661	0.126779311646	377.148421684	30.8562783661	2463.8444832	4	0	0					
G11	1	0	2376	10.5677609428	0.368265993266	0.00442050891147	0.000449024974442	1040.96566697	953	0.125016246576	360.135279094	28.6232948583	2270.74758375	4	0	0					
G12	1	0	1145	13.0436681223	0.264628820961	0.00657233292424	0.000392495531779	989.162067617	334	0.151020649834	406.00276019	49.877245509	2250.44227895	4	0	0					
G13	1	0	2454	7.07334963325	0.214751426243	0.00311851579581	0.000288081311381	1054.87295874	568	0.131622859886	428.600863287	33.5316901408	2621.77069737	4	0	0					
G14	1	0	2469	9.12839206156	0.270149858242	0.00292332856904	0.000331746246471	1031.82674698	708	0.125338438317	308.611141697	34.0536723164	2083.03876245	4	0	0					
G15	1	0	1294	8.11360123648	0.206336939722	0.00484893177026	0.000236128877804	970.286236333	293	0.165727156739	658.437897755	39.2116040956	3366.22972942	4	0	0					
G16	1	0	2309	8.76743178865	0.256388046773	0.00336823118677	0.000312408647398	1026.15694979	634	0.127520516222	344.605707822	34.6293375394	2178.66965683	4	0	0					
G17	1	0	985	36.5959390863	1.09543147208	0.00789582093617	0.00102229469992	1072.92403052	1183	0.120645466271	257.747060172	33.6711749789	1814.6406089	4	0	0					
G18	1	0	1889	121.284806776	4.72472207517	0.0507596721638	0.00648559334066	1421.6732865	9816	0.143708646569	392.38749508	25.8813162184	2568.25841361	4	0	0					
G19	1	0	1962	97.3583078491	4.35779816514	0.0387260396808	0.0053048862696	1603.42120069	9332	0.151714546713	518.047017905	22.5383626232	3110.2431152	4	0	0					
G20	1	0	2191	15.8429940666	0.600182565039	0.00513997890336	0.000796010250574	925.692144441	1438	0.120815659557	242.91538719	26.5354659249	1740.48380282	4	0	0					
G21	1	0	2190	13.0643835616	0.388127853881	0.00421983077789	0.000464958843063	945.774925123	936	0.123122609916	303.554524105	33.9903846154	2048.33767353	4	0	0					
G22	1	0	1258	6.7893481717	0.192368839428	0.00300947178853	0.000197255646825	858.1014014	263	0.152337849171	472.995232694	34.8136882129	2483.07157996	4	0	0					
G23	1	0	1901	9.22830089427	0.325092056812	0.00269964614084	0.000419676135996	942.5155969	668	0.118319910624	230.802692244	28.3443113772	1743.40641018	4	0	0					
G24	1	0	2099	117.335874226	5.53882801334	0.0559481330003	0.00776885325218	1850.99188959	12317	0.153639486349	595.178223562	21.3895429082	3605.20728615	4	0	0					
H01	1	0	2279	9.64984642387	0.280386134269	0.00390563820369	0.000357094507143	877.827027517	700	0.12449122295	282.075516056	34.74	1799.07775897	4	0	0					
H02	1	0	2171	44.6255181944	1.31183786274	0.0136267982498	0.00174697160832	1087.41948746	3106	0.122430522582	257.529704289	34.2768834514	1942.25249144	4	0	0					
H03	1	0	1610	31.9956521739	0.895652173913	0.0107979048559	0.00124229204442	991.792193646	1554	0.126408162957	263.328792866	35.7271557272	1813.31942538	4	0	0					
H04	1	0	907	21.3329658214	0.373759647189	0.00783476779643	0.000348900091865	902.234061024	385	0.170157284992	495.522004353	58.2727272727	2430.07358967	4	0	0					
H05	1	0	2138	10.3503274088	0.387277829747	0.00373825094951	0.000464157744344	932.115335183	929	0.128032797114	308.346762312	27.0333692142	1939.61469487	4	0	0					
H06	1	0	2178	27.3530762167	1.01515151515	0.00897584444647	0.00127523827223	1130.70280301	2389	0.125431587762	317.459398436	27.1280870657	2194.45162746	4	0	0					
H07	1	0	2140	18.3925233645	0.63785046729	0.00716083212663	0.000749322498069	1035.71833552	1489	0.130073132414	381.200450147	29.2343854936	2395.12197455	4	0	0					
H08	1	0	38	95.6315789474	1.13157894737	0.0404043221583	0.00187036186138	2046.84823777	59	0.151567385741	560.09121972	77.2033898305	3282.44600493	4	0	0					
H09	1	0	1430	23.6839160839	0.606293706294	0.00992091228887	0.000954054940656	1139.06749863	956	0.130488534491	367.55603698	39.3880753138	2481.02509639	4	0	0					
H10	1	0	2219	10.7431275349	0.342496620099	0.00380170053604	0.00042099873646	1110.62226059	828	0.125086127688	356.034285502	31.4842995169	2230.05630274	4	0	0					
H11	1	0	670	160.33880597	5.65223880597	0.0632035828121	0.00632480317692	1934.18460273	4096	0.150615599077	623.400342169	28.7302246094	3807.83467656	4	0	0					
H12	1	0	1143	115.806649169	4.4593175853	0.0377500580368	0.00478058257778	1498.38216305	5628	0.143051713675	457.173295083	26.1762615494	2970.85206456	4	0	0					
H13	1	0	2091	9.02917264467	0.243424198948	0.00332003583912	0.000285663700719	1021.32169353	550	0.12887902507	357.363159328	37.44	2232.37659603	4	0	0					
H14	1	0	1419	14.6863988724	0.251585623679	0.00502159777073	0.000402555573661	991.2830812	379	0.126603400005	290.521895771	57.617414248	1952.90722099	4	0	0					
H15	1	0	2150	11.3874418605	0.362325581395	0.00366390110096	0.000494549330094	999.486746932	838	0.120773239666	272.349619449	31.6348448687	1940.84033832	4	0	0					
H16	1	0	1729	19.951995373	0.615384615385	0.00622598023528	0.000612751561305	1131.30466076	1175	0.128023520558	393.565081653	32.6042553191	2544.17186488	4	0	0					
H17	1	0	2083	9.5194431109	0.337013922228	0.00280108212796	0.00040677751292	988.21675213	763	0.121198150315	267.082650347	28.4089121887	1861.34932895	4	0	0					
H18	1	0	1968	12.0157520325	0.38668699187	0.00411510955024	0.000458636552819	987.17993154	819	0.123973761777	314.869257469	31.1538461538	2053.62653097	4	0	0					
H19	1	0	1880	10.3005319149	0.326063829787	0.00364742177963	0.000397208788986	948.90128747	672	0.128342717987	314.42981821	31.8288690476	1995.45504666	4	0	0					
H20	1	0	1950	15.5620512821	0.461025641026	0.00417071422624	0.000539626158783	942.306163843	972	0.120407029719	241.801587249	34.0390946502	1770.46437846	4	0	0					
H21	1	0	1957	13.79407256	0.470618293306	0.00493498614094	0.000601157144613	895.558568087	998	0.121210122809	253.876243612	29.6613226453	1791.82626632	4	0	0					
H22	1	0	1804	64.0737250554	2.40465631929	0.0175960727651	0.002862393777	1049.78347879	4665	0.1246366995	238.754044382	26.9078242229	1802.35700451	4	0	0					
H23	1	0	1983	9.45587493696	0.311144730207	0.0032330586931	0.000399934547298	883.567428108	664	0.125638856051	309.23772461	30.7454819277	1888.47840567	4	0	0					
H24	1	0	1959	43.3874425727	1.60132720776	0.0126618203724	0.00199976709607	1055.56810667	3422	0.121901635801	242.422993585	27.3582700175	1831.13406299	4	0	0					
I01	1	0	2330	120.692274678	4.93948497854	0.0589474883698	0.00734274172966	1644.38957083	12537	0.154928746118	507.487697102	24.5957565606	3010.64493419	4	0	0					
I02	1	0	2087	8.54288452324	0.255390512698	0.00279967070259	0.000300222476217	933.350781122	571	0.120123940692	294.784692254	33.2486865149	1967.05252791	4	0	0					
I03	1	0	2188	11.4629798903	0.335009140768	0.00350950470865	0.000396608600195	900.390026029	801	0.120154644522	251.586818802	34.5617977528	1742.34389967	4	0	0					
I04	1	0	1870	11.050802139	0.31550802139	0.00427981848249	0.000385779469292	962.253025647	636	0.129417743728	355.522658725	35.2767295597	2172.97152643	4	0	0					
I05	1	0	1010	13.0504950495	0.312871287129	0.0052290416017	0.000281240998815	1030.76310678	341	0.162181713753	568.451198975	42.0498533724	2890.868288	4	0	0					
I06	1	0	519	95.4354527938	3.13680154143	0.0395277171535	0.00468192607676	1283.51217376	1762	0.141624368378	331.884659249	30.742338252	2193.7474056	4	0	0					
I07	1	0	1581	8.67299177736	0.256799493991	0.00309180960386	0.000314254526344	1076.72466533	443	0.123804122838	379.107300507	33.9367945824	2407.10742437	4	0	0					
I08	1	0	1993	9.23983943803	0.317611640743	0.00380840542297	0.000418002480801	1059.27163012	693	0.126794551282	355.310155082	29.0966810967	2231.87556973	4	0	0					
I09	1	0	1841	7.49212384574	0.251493753395	0.00300460932136	0.000281946916564	1019.02592303	497	0.134151677385	413.841641817	29.9939637827	2481.15765309	4	0	0					
I10	1	0	15	199.4	3.4	0.0448783003943	0.00206143779166	2806.33698041	79	0.142180167973	673.400206319	51.9240506329	4412.57740101	4	0	0					
I11	1	0	2299	9.43366681166	0.296650717703	0.00376892747093	0.000377899992084	1051.48987185	733	0.130453824585	385.752076039	31.8567530696	2404.56138539	4	0	0					
I12	1	0	2124	5.62241054614	0.194915254237	0.00207857770989	0.000207863291291	978.254481215	446	0.133790010812	409.565679653	29.0134529148	2205.35195583	4	0	0					
I13	1	0	2128	8.07283834586	0.265037593985	0.00267519183933	0.000318372450935	1025.01140208	614	0.123610414812	356.919063149	30.848534202	2179.33948458	4	0	0					
I14	1	0	942	102.44373673	3.44267515924	0.0555051258373	0.00470267243487	1654.1984182	3631	0.150535533456	625.724326971	29.7953731754	3888.68877264	4	0	0					
I15	1	0	1718	13.4231664726	0.447031431898	0.00446909608688	0.000476120319958	1023.57718526	832	0.122177957961	375.849170862	30.296875	2402.44184282	4	0	0					
I16	1	0	1842	9.0124864278	0.245928338762	0.00319690143021	0.000284055524437	1014.32999113	495	0.129325637083	370.216444162	36.7878787879	2308.8006086	4	0	0					
I17	1	0	1713	42.1290134267	1.79626386457	0.0170377774569	0.00284437611965	1100.01303437	3309	0.130916285638	292.054860147	23.5696585071	2005.78638285	4	0	0					
I18	1	0	1739	8.83266244968	0.234042553191	0.0040991290911	0.000348176418849	931.646495171	447	0.13981674424	385.526499132	38.7091722595	2240.13789548	4	0	0					
I19	1	0	1975	11.7579746835	0.41164556962	0.00383560967583	0.000522579321434	949.747575395	892	0.12061596341	269.519245016	28.6412556054	1891.69409002	4	0	0					
I20	1	0	1948	12.8531827515	0.457392197125	0.00394091902421	0.000573851189162	885.19838261	980	0.116723521673	217.717320802	28.5163265306	1611.08540035	4	0	0					
I21	1	0	1966	12.1037639878	0.408443540183	0.00358901271642	0.000491606934072	889.492010749	864	0.116691006054	230.643929473	29.7094907407	1675.33991259	4	0	0					
I22	1	0	1758	12.3907849829	0.438566552901	0.00401860218615	0.0005450632888	858.676498283	846	0.11798933766	224.803982567	28.8191489362	1615.37998078	4	0	0					
I23	1	0	2016	120.396825397	4.91071428571	0.0501134526584	0.00655247429576	1419.71606136	10700	0.150199411782	430.366965461	24.6785981308	2632.77879794	4	0	0					
I24	1	0	2165	7.67205542725	0.294688221709	0.00222701722806	0.000365752594784	1035.14072817	700	0.120041199998	266.654552215	26.2385714286	1900.01584002	4	0	0					
J01	1	0	1983	88.8265254665	3.64952092789	0.0321582987408	0.00484700843263	1270.44104441	7822	0.141504722955	339.267603135	24.5712094094	2221.52039981	4	0	0					
J02	1	0	2236	9.64982110912	0.307245080501	0.0032995797687	0.00039019226663	920.041859219	745	0.125102427637	290.190013035	31.4348993289	1926.98917997	4	0	0					
J03	1	0	2048	12.0209960938	0.32373046875	0.00386005943383	0.000463391000772	926.030355266	709	0.118799266106	234.34380765	37.5317348378	1726.65765507	4	0	0					
J04	1	0	1959	7.84788157223	0.244512506381	0.00263091749787	0.000301324638137	955.220030377	516	0.124641613612	279.386465744	32.4147286822	1843.95983037	4	0	0					
J05	1	0	1994	7.7036108325	0.254262788365	0.00265871216505	0.000305581996884	971.781581887	556	0.125063725649	296.726030596	31.0107913669	1985.48044126	4	0	0					
J06	1	0	1903	104.341040462	4.81765633211	0.0545283097231	0.00630252238136	1721.96998491	10270	0.155685607443	683.978136073	21.7397273612	3806.3388926	4	0	0					
J07	1	0	1933	12.0548370409	0.429384376617	0.00343096926573	0.000463049874911	1015.15348061	951	0.124641542574	291.266294862	28.4069400631	1951.35891103	4	0	0					
J08	1	0	2053	7.82318558208	0.255236239649	0.00266886403767	0.000333266709223	964.885138691	585	0.124132806065	297.93808959	30.8341880342	1971.45451579	4	0	0					
J09	1	0	1993	8.52784746613	0.284997491219	0.00318601277207	0.000358315187182	994.360165199	609	0.12179052141	303.326758571	29.8719211823	2056.32239436	4	0	0					
J10	1	0	2136	8.1643258427	0.256554307116	0.00273247184707	0.000321006980539	1083.36795393	589	0.124637904462	320.636764399	31.9898132428	2125.42770211	4	0	0					
J11	1	0	1127	81.4649511979	2.84117125111	0.0558458011965	0.00505259087044	1509.37270885	3449	0.158580682881	550.097736531	28.7718179182	3179.68295599	4	0	0					
J12	1	0	2056	123.492217899	5.10262645914	0.0601505935183	0.00683867449908	2221.08148948	11306	0.145881609177	684.633903109	24.4064213692	4386.8187439	4	0	0					
J13	1	0	1774	8.396843292	0.281285231116	0.00294978131331	0.000352049838884	1024.93678197	552	0.123684421982	304.663560186	29.8405797101	2077.42175425	4	0	0					
J14	1	0	1971	10.729578894	0.327752409944	0.00392051611958	0.000412200785994	1000.6570247	703	0.126931431898	349.423719461	33.2119487909	2324.8254276	4	0	0					
J15	1	0	2009	83.9193628671	3.41214534594	0.0309896529643	0.00460161661362	1412.50285567	7302	0.131802188823	367.57352545	24.7403451109	2639.9725302	4	0	0					
J16	1	0	1427	17.7918710582	0.409950946041	0.0065173325853	0.000595086162422	954.376940303	628	0.135099419475	330.786766915	43.9378980892	1943.84080833	4	0	0					
J17	1	0	1984	35.5912298387	1.29435483871	0.00933857500381	0.00164806150359	1128.35780716	2784	0.117719080845	238.647205317	27.6853448276	1892.23619528	4	0	0					
J18	1	0	2212	8.83092224231	0.278933092224	0.00258160356236	0.000353080397176	953.628807863	656	0.121297174297	238.233215206	31.9512195122	1720.78503291	4	0	0					
J19	1	0	1993	7.8921224285	0.231811339689	0.00202183208437	0.000275688955673	951.339133367	499	0.119443696641	230.886623817	34.5571142285	1708.26884977	4	0	0					
J20	1	0	2200	12.9281818182	0.454090909091	0.0042987087166	0.000572081604451	929.003644553	1067	0.121914919392	263.431856702	28.7975632615	1816.11081048	4	0	0					
J21	1	0	1524	108.567585302	3.88845144357	0.0477095204536	0.0056419244119	1376.40861286	6441	0.14026190242	383.444351585	28.1434559851	2566.46432506	4	0	0					
J22	1	0	1726	7.40614136732	0.265353418308	0.00222573698792	0.000257104504052	871.671854979	513	0.126957698029	289.055040848	28.1247563353	1737.79904426	4	0	0					
J23	1	0	2200	113.207727273	4.95772727273	0.0472276488754	0.00663958970095	1339.44881355	11818	0.151117154174	405.209412857	23.0150617702	2472.97586806	4	0	0					
J24	1	0	2177	8.70188332568	0.263665594855	0.00287381969109	0.000335782967596	971.479779525	626	0.121187863981	275.053237095	33.2044728435	1872.12879538	4	0	0					
K01	1	0	2372	108.442242833	3.81323777403	0.0478581830759	0.00553798942362	1829.88253407	9777	0.149093449194	541.368104357	28.5951723433	3324.54989648	4	0	0					
K02	1	0	2314	8.99481417459	0.319792566984	0.00287081452787	0.000411401069161	876.005724443	804	0.119580529177	239.495853445	28.3121890547	1700.29730874	4	0	0					
K03	1	0	1899	10.3891521854	0.339125855714	0.00356162902818	0.000438841082823	886.843400581	679	0.121937903252	267.576681586	30.6494845361	1885.27474726	4	0	0					
K04	1	0	1485	7.30572390572	0.249831649832	0.0029399738843	0.000313152882105	851.720978578	405	0.131177240121	328.798933952	29.2271604938	2026.07693975	4	0	0					
K05	1	0	1636	25.3649144254	0.864303178484	0.00740575217073	0.00103011700604	970.604425116	1513	0.120487781553	253.861580656	29.3417052214	1821.29291883	4	0	0					
K06	1	0	1857	14.408723748	0.568659127625	0.0041145382378	0.000702264566719	955.027480693	1136	0.118836733526	235.245837755	25.5924295775	1761.60185491	4	0	0					
K07	1	0	1223	15.7563368765	0.56827473426	0.00405406852743	0.000669497690395	923.047672827	743	0.116392620524	212.934708554	27.7631224764	1663.35562419	3	0	0					
K08	1	0	1924	10.8331600832	0.363305613306	0.00378616991394	0.000423396321949	1018.52446522	781	0.127686312727	319.812743002	29.7387964149	2048.56682591	4	0	0					
K09	1	0	2227	39.7211495285	1.55051638976	0.0112037081277	0.00193951793962	1119.23493962	3725	0.121209897185	262.991879584	25.7245637584	1994.19446203	4	0	0					
K10	1	0	2237	133.485024586	5.71881984801	0.0663873182699	0.00804016771437	1982.29768019	13849	0.153219136985	623.866544257	23.4594555564	3814.9314752	4	0	0					
K11	1	0	2057	10.0004861449	0.34856587263	0.0036400653199	0.000350144018833	1087.39540342	771	0.132822519164	425.72335914	29.0583657588	2665.07921715	4	0	0					
K12	1	0	2351	109.240323267	4.26584432157	0.0436618898234	0.00581906582777	1656.99579816	10899	0.142433279294	473.796018598	25.7408019084	3076.0866621	4	0	0					
K13	1	0	1949	8.60903027193	0.211390456644	0.00387873952213	0.000293255247997	966.73545713	446	0.139646894418	419.771464572	40.7421524664	2378.66081769	4	0	0					
K14	1	0	2040	11.5833333333	0.353431372549	0.00410076452454	0.000448670778954	1008.95461155	797	0.126153757499	305.020745061	32.9171894605	2046.78705557	4	0	0					
K15	1	0	2242	13.2288135593	0.440677966102	0.00451920016853	0.000579594746942	1035.34292576	1081	0.121095591488	310.718738137	30.1174838113	2087.88646004	4	0	0					
K16	1	0	2239	19.0643144261	0.609647163912	0.00579993757109	0.000822089146056	1013.3328682	1493	0.118803435157	243.435594348	31.5787006028	1859.35995343	4	0	0					
K17	1	0	2061	9.07035419699	0.286268801553	0.00321710139856	0.000384113399084	975.112598471	645	0.126554090834	300.476957508	31.823255814	2019.14639206	4	0	0					
K18	1	0	2091	11.6504065041	0.384026781444	0.00478646231669	0.000449676707575	973.378082016	864	0.129414239485	380.832917216	30.5081018519	2355.34065055	4	0	0					
K19	1	0	2270	10.5242290749	0.348017621145	0.00368172588156	0.000458366022733	945.184621819	851	0.121702787045	306.736253432	30.5605170388	2023.74699086	4	0	0					
K20	1	0	2155	10.4445475638	0.352668213457	0.00372773846114	0.000450141990129	955.9128851	817	0.126579870444	325.898996644	29.9498164015	2094.68031284	4	0	0					
K21	1	0	1808	10.9275442478	0.35232300885	0.00353991577186	0.000431387946063	908.136337906	691	0.118291361159	256.876099501	31.5369030391	1806.58490408	4	0	0					
K22	1	0	1956	12.2106339468	0.409509202454	0.00403798990946	0.000497785900675	889.898490578	862	0.123981102505	296.166881604	29.8723897912	1905.05732343	4	0	0					
K23	1	0	2359	130.990250106	5.98728274693	0.0623180739506	0.00835286012819	1689.94734511	15112	0.156949408107	544.752329704	22.0266013764	3200.89525536	4	0	0					
K24	1	0	2169	9.08944213923	0.340248962656	0.00319458662648	0.000452593405679	898.474187971	813	0.121271049258	236.169148484	26.6752767528	1639.07228245	4	0	0					
L01	1	0	2146	117.203634669	4.22972972973	0.0486025103228	0.00556128800278	1873.67904269	9818	0.148091524955	566.440346409	27.7795885109	3548.79249151	4	0	0					
L02	1	0	2037	115.016691213	4.79479626902	0.0516233651218	0.00673411777747	1541.91020849	10649	0.152947417036	478.778432839	24.2684759132	2888.08031863	4	0	0					
L03	1	0	1907	11.7697954903	0.340849501835	0.00589930787466	0.000392825035133	922.419546095	721	0.144626469428	468.227416547	35.2371705964	2593.92492684	4	0	0					
L04	1	0	985	14.538071066	0.279187817259	0.00797786517085	0.000298488559467	918.286678346	307	0.180284419246	617.592393154	53.319218241	2865.58503535	4	0	0					
L05	1	0	2157	11.588780714	0.321279554937	0.00328100636634	0.000397298908847	944.61166481	754	0.120638900019	258.84339357	36.6976127321	1906.50970513	4	0	0					
L06	1	0	2003	40.7388916625	1.54268597104	0.012227836071	0.00190147225338	1049.91948223	3345	0.123935966703	268.212555868	26.6932735426	1960.56999724	4	0	0					
L07	1	0	2269	14.6007051565	0.480387836051	0.00431889154227	0.000571698822067	985.646379938	1177	0.122324119622	262.181491176	30.4052676296	1867.00001404	4	0	0					
L08	1	0	1781	130.857383492	4.5822571589	0.0800381505687	0.00682621281847	2593.16791651	8881	0.15684493612	902.708585372	28.7225537665	5335.08562624	4	0	0					
L09	1	0	1995	10.9438596491	0.344360902256	0.00378020440872	0.000433753599252	982.472790506	742	0.122960727961	291.596859933	31.8773584906	1996.38151031	4	0	0					
L10	1	0	1281	14.9086651054	0.459016393443	0.00443423603718	0.000503622741982	969.959512251	633	0.122246307547	279.534010329	32.9842022117	2006.33088808	4	0	0					
L11	1	0	2281	9.53441473038	0.336694432267	0.00288595702454	0.000443736380673	964.287540003	840	0.118385334954	233.863515715	28.6321428571	1780.12358137	4	0	0					
L12	1	0	1934	11.2373319545	0.380041365047	0.00373292785211	0.000455952955845	982.906189258	815	0.126222185206	309.583090432	29.7595092025	2052.32099371	4	0	0					
L13	1	0	979	11.8335035751	0.236976506639	0.00374567157109	0.000261642432512	944.806306627	252	0.147533908081	335.5130992	50.2817460317	1968.84925952	4	0	0					
L14	1	0	2004	9.74101796407	0.291916167665	0.00324583527282	0.000376233384237	992.883109728	635	0.123588484773	302.414311903	33.642519685	2088.99375051	4	0	0					
L15	1	0	2017	9.25830441249	0.252354982647	0.00360293397703	0.000324411275321	1016.0715818	549	0.130017028473	356.480548108	36.4535519126	2222.40150338	4	0	0					
L16	1	0	2109	9.38786154576	0.291607396871	0.00388649499586	0.00036815209115	998.931341782	665	0.134293340456	440.16362951	32.7022556391	2534.40273567	4	0	0					
L17	1	0	1966	10.0640895219	0.311800610376	0.00351786461945	0.000375803342835	942.988581776	658	0.132454224289	315.251640401	32.537993921	1973.60668164	4	0	0					
L18	1	0	2186	9.00137236962	0.299634034767	0.00230450440749	0.000363674835865	971.030982734	711	0.116097394869	234.188079085	30.3895921238	1757.90910021	4	0	0					
L19	1	0	2021	8.37456704602	0.26966848095	0.00301584645815	0.000352278322118	1119.77352612	588	0.126737543465	359.852748486	31.0170068027	2377.2573886	4	0	0					
L20	1	0	2067	9.90130624093	0.318335752298	0.00315631714013	0.000396968145273	916.69140154	696	0.119531069404	254.534821248	31.0933908046	1763.98394792	4	0	0					
L21	1	0	1847	28.1672983216	1.05793178127	0.00835387913199	0.00138532981298	974.336497218	2095	0.121685595052	234.417018928	27.0410501193	1714.45713237	4	0	0					
L22	1	0	1911	11.2030350602	0.395081109367	0.0038016596564	0.000478123325903	890.548569714	817	0.12341704009	288.416433482	29.1615667075	1941.65767401	4	0	0					
L23	1	0	2071	135.914534042	5.75470787059	0.0838660825741	0.00852948147804	2476.39125198	12832	0.163760577973	905.843027073	23.8697007481	5161.81663533	4	0	0					
L24	1	0	1970	131.398477157	5.74670050761	0.0723642957058	0.00879352376285	1818.46790329	12037	0.163004167572	610.206619885	23.0977818393	3436.09558126	4	0	0					
M01	1	0	1946	74.6865364851	2.30113052415	0.0258751127543	0.00296294227307	1349.8622848	4858	0.129402926947	350.20379378	32.7466035406	2514.07425043	4	0	0					
M02	1	0	1715	117.447813411	4.61982507289	0.050752665778	0.0064125848764	1672.94383248	8739	0.152367390373	510.210232864	25.617233093	3075.36743835	4	0	0					
M03	1	0	1954	10.4385875128	0.311156601842	0.00336735686618	0.000392389309008	968.111381512	668	0.12295683877	274.376729222	33.9056886228	1880.87510017	4	0	0					
M04	1	0	1490	12.7161073826	0.461744966443	0.00473876198115	0.000559558311836	937.992230547	748	0.12441713653	331.69803298	27.3863636364	2111.91144344	4	0	0					
M05	1	0	1315	15.3384030418	0.44030418251	0.00455155929886	0.000528894302963	904.939886179	634	0.120171752196	239.775212267	35.2917981073	1754.86033913	4	0	0					
M06	1	0	1795	9.13314763231	0.303621169916	0.00317148187807	0.000372706518494	954.064423719	596	0.125634214946	318.454334461	30.5486577181	2063.96074576	4	0	0					
M07	1	0	1874	8.99146211313	0.262540021345	0.00270861182317	0.000330911091289	922.152421237	532	0.118801321528	240.958927434	34.2612781955	1731.4550966	4	0	0					
M08	1	0	1853	9.34106853751	0.266055045872	0.00365233236291	0.000338823708857	944.877315036	546	0.129780375222	342.75880103	34.6575091575	2178.18164277	4	0	0					
M09	1	0	2099	8.59838018104	0.256312529776	0.00280187064082	0.000316317926116	956.12779709	577	0.122739868428	281.016983527	33.5736568458	1940.73125935	4	0	0					
M10	1	0	2297	8.57814540705	0.254244666957	0.00273408737574	0.000341067478813	973.590000762	646	0.120825351196	266.906456503	33.8034055728	1912.97702118	4	0	0					
M11	1	0	1952	7.87704918033	0.260245901639	0.00245785541489	0.000334665165879	963.318006848	546	0.123347730781	284.196308059	31.1336996337	1912.2824375	4	0	0					
M12	1	0	1762	7.63734392736	0.217366628831	0.00242129542042	0.000267652533214	1039.6430561	418	0.123587448312	303.163197982	34.9928229665	1979.50895267	4	0	0					
M13	1	0	1901	33.3077327722	1.12467122567	0.00996228906234	0.00143892550014	1111.26490228	2308	0.121725134952	269.827547764	29.7118717504	2023.78698426	4	0	0					
M14	1	0	1861	10.1155292853	0.277270284793	0.00394219726704	0.000351809531159	1082.18556198	550	0.129750050606	390.558617537	36.9436363636	2432.49204547	4	0	0					
M15	1	0	1589	20.7520453115	0.516677155444	0.00562572685087	0.000583422183269	1038.23722299	902	0.128575170987	303.126047694	40.5099778271	2113.13616569	4	0	0					
M16	1	0	1696	9.91981132075	0.281839622642	0.0027282103458	0.00035455848311	973.380710475	507	0.113123990222	296.790395935	35.16765286	2319.90828566	4	0	0					
M17	1	0	1798	15.5806451613	0.532814238042	0.00543560223344	0.000652411053391	1006.83695405	1020	0.125305948683	319.535459764	29.6460784314	2098.70118509	4	0	0					
M18	1	0	167	26.4491017964	0.580838323353	0.00745444991145	0.000511180455537	917.464359626	144	0.155527521483	361.821389125	44.3402777778	2071.35681294	4	0	0					
M19	1	0	1896	9.81962025316	0.340717299578	0.00327599659142	0.000409679903167	942.354284506	709	0.122531705501	272.739181608	28.802538787	1901.67709154	4	0	0					
M20	1	0	1738	10.2428078251	0.361910241657	0.00356383731264	0.000429528172654	961.081334256	671	0.125408098787	323.74711102	29.5409836066	2059.36837753	4	0	0					
M21	1	0	1791	9.97599106644	0.311557788945	0.00268871211937	0.000360134505527	1003.02829584	603	0.122798375948	287.681621351	32.2089552239	2047.43734892	4	0	0					
M22	1	0	1872	10.4732905983	0.357371794872	0.00474381365831	0.00056773496235	914.913609135	726	0.125644791366	324.038536886	29.2933884298	2153.05868942	4	0	0					
M23	1	0	1921	59.5325351379	2.19937532535	0.0180014145223	0.00275182853756	1181.13963083	4524	0.12360391121	277.646493014	27.3905835544	2119.47336086	4	0	0					
M24	1	0	2235	100.782102908	4.55570469799	0.0408541494816	0.00637602019835	1422.19562968	10907	0.146279495008	400.492632559	22.3980012836	2541.47476844	4	0	0					
N01	1	0	1992	9.9156626506	0.319779116466	0.00367668087461	0.000404719633954	929.932617993	688	0.126973277334	265.787825714	31.3139534884	1783.12736208	4	0	0					
N02	1	0	1764	116.929138322	4.41723356009	0.0518040100924	0.0062449312166	1622.79049047	8468	0.151518901039	499.123160077	26.6134860652	3014.80084176	4	0	0					
N03	1	0	1431	29.2774283718	1.02935010482	0.00865724651229	0.00129827926029	991.468645803	1619	0.12219445165	239.390720845	28.6009882644	1767.87622955	4	0	0					
N04	1	0	1767	9.33786078098	0.331635540464	0.00289893494712	0.000395954206404	938.678546895	643	0.120450079766	252.795189567	28.2379471229	1842.37977594	4	0	0					
N05	1	0	1855	11.5940700809	0.381132075472	0.00368112913172	0.000461454396393	995.611542098	751	0.122009572755	307.74187244	30.4221038615	2136.7743828	4	0	0					
N06	1	0	1899	10.62611901	0.349131121643	0.00338394700313	0.000420255643762	907.513430858	715	0.11930049928	245.870152452	30.186013986	1725.45537073	4	0	0					
N07	1	0	766	15.4451697128	0.323759791123	0.00461610162623	0.000376762781578	944.505319545	268	0.125948635698	265.639281245	47.7686567164	1767.69925991	4	0	0					
N08	1	0	1728	7.82523148148	0.234953703704	0.00274684595635	0.000331952560541	920.698101626	436	0.120611601885	251.716553994	33.3165137615	1781.63033118	4	0	0					
N09	1	0	1789	10.7864728899	0.295136948016	0.00432933474905	0.000374501511827	1017.18325525	576	0.130850476863	350.50880892	36.6996527778	2167.62725656	4	0	0					
N10	1	0	1718	9.217112922	0.271245634459	0.00279374073147	0.000323315937788	971.385834207	496	0.119173184525	307.158979268	33.9314516129	2181.96049282	4	0	0					
N11	1	0	1734	23.3419838524	0.794117647059	0.00770488656392	0.00103746690912	997.051656825	1472	0.124954474769	264.97329903	29.6188858696	1877.21814993	4	0	0					
N12	1	0	1678	16.6066746126	0.57210965435	0.00479254136298	0.000696393962577	980.785729075	1040	0.119867585142	271.382961396	29.2365384615	1929.83218943	4	0	0					
N13	1	0	1786	16.3006718925	0.525755879059	0.00429696611645	0.000630960363742	1007.80780256	1041	0.117235236619	244.951066185	30.9317963497	1875.9584989	4	0	0					
N14	1	0	1733	9.85285631852	0.286785920369	0.00316578545691	0.000364647785377	939.066929961	547	0.122138261491	284.951529199	34.3199268739	1984.47357026	4	0	0					
N15	1	0	1910	12.1528795812	0.332460732984	0.00360916216936	0.000404922764627	991.514507421	687	0.121189072444	328.196215727	36.6695778748	2334.37368441	4	0	0					
N16	1	0	1603	16.3300062383	0.48970679975	0.00544074137986	0.000695661126358	956.484144902	894	0.123237591206	265.889355286	33.4865771812	1857.37319883	4	0	0					
N17	1	0	1728	9.82696759259	0.302083333333	0.00318457561696	0.00037090041271	936.249475683	562	0.121646748619	304.039743773	32.4377224199	1989.59360447	4	0	0					
N18	1	0	1462	105.617647059	3.92749658003	0.0651406724856	0.00715131419214	1648.61348712	6256	0.155749718963	533.325277201	26.9643542199	3185.62778313	4	0	0					
N19	1	0	1848	13.1926406926	0.438311688312	0.00458967216764	0.000550473826759	1124.80727413	887	0.122598547158	313.608590586	30.297632469	2127.92282275	4	0	0					
N20	1	0	1841	10.3845736013	0.369364475828	0.00319245297284	0.000449961691771	909.521113122	719	0.119418629555	241.158333641	28.628650904	1719.12462197	4	0	0					
N21	1	0	2002	9.90859140859	0.314685314685	0.00317991829344	0.000405310471317	933.223001891	685	0.120086744991	261.613579419	31.3270072993	1817.55988731	4	0	0					
N22	1	0	2087	10.4853857211	0.344513655966	0.00355025774675	0.000447000122316	917.231677898	776	0.119013259603	265.919817888	30.2847938144	1873.46960583	4	0	0					
N23	1	0	2037	11.1364752086	0.375061364752	0.00351748204359	0.000464341954996	904.84004798	814	0.121542643797	291.869378657	29.8452088452	2010.30934509	4	0	0					
N24	1	0	1924	107.941268191	4.2603950104	0.0438602928445	0.00581098548244	1434.17482028	8962	0.146400405412	413.129750091	25.5330283419	2582.00116472	4	0	0					
O01	1	0	2463	9.30734876167	0.288672350792	0.00284598793998	0.00035045739113	1034.10662972	774	0.120442352212	327.584613287	32.1434108527	2294.8064711	4	0	0					
O02	1	0	1773	143.048505358	4.86520022561	0.0868254716	0.00732377775516	2652.566493	9353	0.164281387472	951.745636045	29.5948893403	5375.26998799	4	0	0					
O03	1	0	1687	9.66390041494	0.282157676349	0.00295116553939	0.000353504857328	882.247938935	513	0.114930571265	216.166255834	34.1481481481	1639.04828686	4	0	0					
O04	1	0	1501	10.0786142572	0.339773484344	0.00372885082432	0.000394794542633	900.423877946	562	0.125529908535	286.228367176	29.4839857651	1899.39441229	4	0	0					
O05	1	0	1870	22.7598930481	0.904812834225	0.00629174250667	0.00111032242625	940.780338636	1858	0.119252452945	213.434688129	25.4650161464	1642.07490037	4	0	0					
O06	1	0	2037	10.7820324006	0.342169857634	0.00369335940879	0.000414528607672	950.353832078	767	0.125239769342	355.712030471	32.1616688396	2234.88167979	4	0	0					
O07	1	0	1635	15.3314984709	0.508868501529	0.00553353139905	0.000714187034789	984.412295325	915	0.123092040808	259.975406624	30.1071038251	1785.13552072	4	0	0					
O08	1	0	1990	9.13366834171	0.273869346734	0.00320679601523	0.000349007552689	940.828160329	606	0.123916423255	276.80938019	33.2904290429	1887.01043879	4	0	0					
O09	1	0	2247	9.52914997775	0.252781486426	0.00354009334876	0.000327529859161	961.611956208	620	0.130400948258	330.829738901	38.0274193548	2062.05154989	4	0	0					
O10	1	0	2413	11.6709490261	0.368835474513	0.00367122155565	0.000475483344102	991.614352228	965	0.122109631759	268.52641707	31.7626943005	1874.76289094	4	0	0					
O11	1	0	2141	8.27463801962	0.284446520318	0.00280845095972	0.000368561889347	965.607647824	659	0.122168793771	262.954593672	29.1380880121	1822.76782683	4	0	0					
O12	1	0	1727	11.7452229299	0.355529820498	0.00427802261526	0.000474163882194	972.190049222	665	0.122443752334	271.643041016	33.0872180451	1863.79065404	4	0	0					
O13	1	0	2126	7.3946378175	0.214487300094	0.00312904267694	0.000284771824968	1025.45465341	494	0.130724411378	430.958856236	35.2510121457	2704.46617038	4	0	0					
O14	1	0	2233	18.0206000896	0.600537393641	0.0053897971412	0.000758788845913	942.915662543	1459	0.118929838632	228.751106898	30.0932145305	1695.73672702	4	0	0					
O15	1	0	1964	11.5967413442	0.35183299389	0.00346567869906	0.000436588996438	957.496301488	746	0.120141056839	266.835104656	33.2198391421	1913.80361482	4	0	0					
O16	1	0	1814	9.91620727674	0.285556780595	0.00279633173012	0.000342503456652	906.346860121	549	0.116909008476	214.787735054	34.7577413479	1636.71611014	4	0	0					
O17	1	0	1876	9.4157782516	0.286780383795	0.00274050988196	0.000360768711419	1002.76489966	608	0.120257394402	265.169016002	32.8256578947	1865.1769952	4	0	0					
O18	1	0	1976	11.9488866397	0.380060728745	0.00388714244756	0.00051376514168	945.946278829	815	0.121324641292	242.328638044	31.4134969325	1770.80125634	4	0	0					
O19	1	0	2021	9.94359228105	0.294903513112	0.00305651116385	0.00037083050549	931.166268602	637	0.11992506946	254.099247836	34.0989010989	1795.85497068	4	0	0					
O20	1	0	1962	11.245158002	0.34505606524	0.0034822295764	0.000425577903812	949.031005699	716	0.12239856391	260.843651392	32.6047486034	1780.46006402	4	0	0					
O21	1	0	1581	10.3965844402	0.398481973435	0.00319604139932	0.000466233387562	922.138500829	686	0.12183779923	236.958062797	26.1326530612	1706.11776267	4	0	0					
O22	1	0	2089	10.4394447104	0.339396840594	0.00390917669931	0.000410486218402	995.369973781	792	0.126799890895	342.861351462	31.0631313131	2230.86290937	4	0	0					
O23	1	0	1680	10.9636904762	0.354166666667	0.00350558302549	0.000418508048339	931.284640068	652	0.122623640815	283.952116058	31.4463190184	1930.51915397	4	0	0					
O24	1	0	1982	123.521190716	5.16548940464	0.0591494200525	0.00730950321879	1930.09491904	10992	0.153858243404	601.959787626	24.2047852984	3639.34992101	4	0	0					
P01	1	0	2240	9.54196428571	0.304464285714	0.00347609742599	0.000400572408619	966.649721014	742	0.1270846974	300.963825605	31.8894878706	1994.94203353	4	0	0					
P02	1	0	2033	34.4048204624	1.00983767831	0.00953051095361	0.00131727438557	1243.08364734	2215	0.116236743223	273.00810337	34.0699774266	2201.55863751	4	0	0					
P03	1	0	1777	9.17501406866	0.243669105234	0.00308783670004	0.000312179710717	906.173629249	486	0.121732696187	260.381169826	38.4259259259	1785.47132037	4	0	0					
P04	1	0	1955	10.0828644501	0.305882352941	0.00349821999324	0.000401518960921	911.447488739	638	0.12543396357	262.389889644	32.934169279	1834.4359875	4	0	0					
P05	1	0	2127	10.0691114245	0.296661965209	0.00334035855248	0.000391265889367	927.318339576	683	0.119322368718	260.935414644	34.102489019	1802.49456415	4	0	0					
P06	1	0	1521	13.9914529915	0.423405654175	0.00377960018761	0.000419874982616	903.513434087	716	0.124580023315	262.776391954	33.2583798883	1824.58273461	4	0	0					
P07	1	0	1803	9.8618968386	0.287853577371	0.00334265640438	0.00036095339926	942.137222646	563	0.127279604499	303.424038668	34.8472468917	2025.41636338	4	0	0					
P08	1	0	1830	9.28469945355	0.292896174863	0.00328069553285	0.000376854553645	959.50597193	589	0.121436879049	302.901271876	31.9337860781	2094.87769435	4	0	0					
P09	1	0	973	13.112024666	0.280575539568	0.00461440346652	0.000307578213647	955.479313735	302	0.151680776606	395.152428565	47.7317880795	2178.99660425	4	0	0					
P10	1	0	1881	8.59489633174	0.267942583732	0.00299411091841	0.00034936006947	950.739580237	554	0.124016558457	275.694640805	32.3646209386	1897.84341377	4	0	0					
P11	1	0	1843	15.1014650027	0.480195333695	0.00372956113353	0.000540376946754	994.867141916	967	0.116556375543	231.17012084	31.4653567735	1723.84437425	4	0	0					
P12	1	0	1945	8.24575835476	0.244730077121	0.0026741823221	0.00032081540097	969.213566506	526	0.122887973581	294.041481428	33.8288973384	2037.50754085	4	0	0					
P13	1	0	1844	7.9967462039	0.241865509761	0.00249157610397	0.000335042957152	982.718342403	501	0.118799342459	237.414140528	32.746506986	1785.00189989	4	0	0					
P14	1	0	762	36.3398950131	1.08005249344	0.00624103741925	0.000979171732172	1005.47534781	877	0.113158285135	182.267336134	33.6145952109	1498.40110216	4	0	0					
P15	1	0	2077	25.8964853154	0.870967741935	0.00868880755877	0.0011055328423	1089.54972086	1926	0.125138981156	306.265590901	29.9226375909	2133.26199646	4	0	0					
P16	1	0	1862	24.3829215897	0.802363050483	0.0068348085634	0.00102062576057	1016.00730875	1600	0.118430212443	225.9812241	30.65	1753.46979566	4	0	0					
P17	1	0	1837	11.4295046271	0.340228633642	0.00354466554275	0.000415070972605	932.344630948	680	0.118418442159	238.706256733	33.5647058824	1748.67094537	4	0	0					
P18	1	0	874	79.3592677346	2.44393592677	0.0342446173759	0.0038321780419	1200.97466067	2312	0.138325391916	344.288450391	32.7456747405	2294.69258446	4	0	0					
P19	1	0	1935	20.5720930233	0.742635658915	0.00576788939007	0.000942117596756	974.156938242	1530	0.11751082094	234.727396237	28.0562091503	1789.73088563	4	0	0					
P20	1	0	1588	128.494962217	4.18576826196	0.0777486652255	0.00627766881884	2083.0026503	7111	0.151911139951	657.4999349	31.0656729011	3953.18856426	4	0	0					
P21	1	0	1828	11.5727571116	0.374179431072	0.00427364623403	0.000454710668708	908.63080542	743	0.123631562709	273.417472483	31.3714670256	1832.07281632	4	0	0					
P22	1	0	1990	12.7020100503	0.443216080402	0.00401143559397	0.000606673426206	994.678555728	962	0.119361571393	241.996292557	29.525987526	1808.79815666	4	0	0					
P23	1	0	1864	8.75912017167	0.284334763948	0.00298973167422	0.000385044735157	972.89202943	574	0.117402834172	258.705254885	31.149825784	1796.19934918	4	0	0					
P24	1	0	1888	28.6604872881	0.829978813559	0.00856016571904	0.0010768279769	1353.76581836	1684	0.1189713285	317.367595875	34.9881235154	2377.13295163	4	0	0					
