Well	Plane	Timepoint	Cell Selected - Number of Objects	Cell Selected - Total Spot Area - Mean per Well	Cell Selected - Number of Spots - Mean per Well	Cell Selected - Relative Spot Intensity - Mean per Well	Cell Selected - Number of Spots per Area of Cytoplasm - Mean per Well	Cell Selected - Intensity Cytoplasm Mean - Mean per Well	Spots Selected - Number of Objects	Spots Selected - Relative Spot  Intensity - Mean per Well	Spots Selected - Corrected Spot  Intensity - Mean per Well	Spots Selected - Spot Area [px²] - Mean per Well	Spots Selected - Intensity Spot Mean - Mean per Well	Number of Analyzed Fields	Height [µm]	Time [s]	Compound	Concentration	Cell Type	Cell Count	
 A01	1	0	2087	79.837565884	2.44130330618	0.0265502947383	0.00341314850926	1980.68889156	5486	0.132948424568	474.730341139	32.8651111921	3282.34618863	4	0	0					
 A02	1	0	2131	11.8901923979	0.390427029564	0.00443816898108	0.000480683542739	1029.1208771	909	0.133758951639	358.125386898	30.7414741474	2324.57676392	4	0	0					
 A03	1	0	2472	10.2419093851	0.309466019417	0.0041142338383	0.000394242554846	1066.63299897	816	0.137604760338	375.383843419	33.2144607843	2245.42257391	4	0	0					
 A04	1	0	2791	14.1193120745	0.429953421713	0.00580728523338	0.000585241128716	1114.25202964	1295	0.133729141429	417.107388496	33.2332046332	2639.60589336	4	0	0					
 A05	1	0	2369	10.033347404	0.273111017307	0.00398399601947	0.000373951763826	972.37975667	702	0.134570552794	358.561547565	37.0527065527	2236.11601641	4	0	0					
 A06	1	0	2170	10.2147465438	0.331797235023	0.00406228048001	0.000414638235233	989.384324085	775	0.134683864591	340.821396602	31.0387096774	2083.30225713	4	0	0					
 A07	1	0	2210	11.4552036199	0.380995475113	0.00435512726069	0.000467194038353	971.341571353	918	0.132600042107	332.750732669	30.2244008715	2106.35101578	4	0	0					
 A08	1	0	1984	53.3074596774	2.13205645161	0.0153589718388	0.00264978540588	1181.68146727	4550	0.126454082202	279.707283326	25.2514285714	2060.59830261	4	0	0					
 A09	1	0	1953	11.5140809012	0.356886840758	0.00485889443603	0.000442119079888	1061.55566443	780	0.138153131435	424.520231787	33.0371794872	2507.45013521	4	0	0					
 A10	1	0	1953	10.9646697389	0.31797235023	0.00399588248967	0.000403872176868	1047.32525762	672	0.139406545737	367.211199988	35.0401785714	2196.17601483	4	0	0					
 A11	1	0	1935	9.05426356589	0.279586563307	0.00437528490335	0.000358604521263	1096.87585483	598	0.144263168042	483.732557265	33.347826087	2648.03915699	4	0	0					
 A12	1	0	2339	9.8507909363	0.312526720821	0.00383921821715	0.000392509550034	998.293832208	787	0.130885188413	349.951235929	31.6416772554	2237.49863457	4	0	0					
 A13	1	0	1681	21.1029149316	0.707317073171	0.0075573335158	0.00100690674665	1087.00586386	1265	0.12895005088	289.645281553	30.64743083	1954.00290818	4	0	0					
 A14	1	0	2796	7.17703862661	0.216022889843	0.00306261486109	0.000291102313165	1203.70171513	656	0.137459684606	436.296689731	34.2362804878	2702.63192359	4	0	0					
 A15	1	0	2301	117.763146458	4.62320730117	0.0875994185311	0.00746177553889	3106.78218474	11458	0.163929623398	1235.47532904	25.8264967708	7011.67423234	4	0	0					
 A16	1	0	2657	9.72788859616	0.263455024464	0.00486522279716	0.000336833753911	1175.95793108	762	0.149452169362	665.634445422	37.8963254593	3603.27478264	4	0	0					
 A17	1	0	2672	8.79116766467	0.274700598802	0.00371993655626	0.000359964363319	1117.33304594	790	0.136256946214	452.423796317	32.5936708861	2743.8001555	4	0	0					
 A18	1	0	2466	9.02392538524	0.275750202758	0.00349623942468	0.000359202753561	1057.46121938	739	0.134008366867	405.607108607	33.3396481732	2464.551546	4	0	0					
 A19	1	0	2341	8.75523280649	0.245194361384	0.00339227752377	0.000304375152797	986.664831021	631	0.13285343881	338.128649321	35.9255150555	2073.82656027	4	0	0					
 A20	1	0	2291	8.86381492798	0.292885202968	0.00283028032133	0.000354436422287	917.040218809	722	0.125118777612	262.366598133	30.8074792244	1801.5835206	4	0	0					
 A21	1	0	2397	11.3925740509	0.396745932416	0.00350819926877	0.000508519857986	966.088203515	1033	0.122742444202	254.6203658	29.2575024201	1822.296326	4	0	0					
 A22	1	0	2206	9.45965548504	0.26291931097	0.00391104020511	0.000339003218563	994.893632137	625	0.134409400549	386.916536241	36.0544	2251.16794544	4	0	0					
 A23	1	0	2001	131.117941029	5.50124937531	0.0587751283222	0.00761532416884	1791.36291424	12038	0.153168057477	532.825089458	24.0291576674	3225.16549649	4	0	0					
 A24	1	0	2061	10.8568655992	0.329936923823	0.00413269406007	0.000412415579286	1014.27338496	734	0.12890808919	396.376919596	32.8228882834	2495.25463633	4	0	0					
 B01	1	0	2041	138.933365997	4.04311611955	0.0637309538896	0.00606356303224	1976.77830372	8862	0.151913954307	574.798665186	34.6207402392	3488.47415427	4	0	0					
 B02	1	0	2373	8.44669195112	0.252423093131	0.00333333771371	0.000316917640422	1033.28830136	644	0.132597663628	367.686956457	33.4937888199	2218.15277243	4	0	0					
 B03	1	0	2349	9.12047679864	0.266496381439	0.00367442600667	0.000355864018283	984.713326333	675	0.131826670447	361.765768417	34.1422222222	2224.20789102	4	0	0					
 B04	1	0	1107	17.0424570912	0.342366757001	0.00666396910374	0.000393459159046	1019.34758146	411	0.160141376996	436.946407261	49.9172749392	2302.71843075	4	0	0					
 B05	1	0	2362	12.2798475868	0.359441151566	0.0039057313494	0.000461368609924	995.6371167	903	0.12190278986	296.769574117	34.5071982281	2060.99003272	4	0	0					
 B06	1	0	2455	12.2468431772	0.37433808554	0.00448860673515	0.000472284499933	1012.81653516	986	0.128817169586	360.977149186	33.2180527383	2436.17451341	4	0	0					
 B07	1	0	2221	9.15128320576	0.250787933363	0.00333250852998	0.000319921572032	1015.2149941	588	0.129191309459	359.31627685	36.5136054422	2245.79620708	4	0	0					
 B08	1	0	2335	9.59700214133	0.292077087794	0.0032266694657	0.000365190326885	981.014235313	740	0.13078165667	303.975109753	32.7378378378	2007.43829926	4	0	0					
 B09	1	0	2409	9.47447073474	0.288086342881	0.00395269688705	0.00036186280921	1014.88921954	747	0.136687204182	415.007385225	33.5127175368	2394.31968474	4	0	0					
 B10	1	0	750	31.812	0.704	0.00862985522676	0.000740833920849	1122.36629733	592	0.133553696908	329.989173519	45.4256756757	2193.06311857	4	0	0					
 B11	1	0	2217	9.55705908886	0.27198917456	0.00426703209764	0.000337369813931	1036.14913823	656	0.133250223284	452.000993821	35.8399390244	2505.34856832	4	0	0					
 B12	1	0	2185	12.9798627002	0.424256292906	0.00455920364204	0.000510346767899	1065.5844422	1023	0.129965240384	348.364861795	30.880742913	2236.30546009	4	0	0					
 B13	1	0	2316	8.39637305699	0.22884283247	0.0032444272692	0.000287357274158	1087.1757194	583	0.133843709037	401.232857846	37.1337907376	2422.63972924	4	0	0					
 B14	1	0	2345	7.76588486141	0.263965884861	0.00277822263747	0.000346664187989	962.420583698	676	0.125039142942	293.752954123	30.0310650888	1946.35634991	4	0	0					
 B15	1	0	2085	8.4623501199	0.271462829736	0.00365090368775	0.000328514653292	1077.76124026	630	0.138382449676	483.533137302	31.5619047619	2607.67323079	4	0	0					
 B16	1	0	2284	7.9649737303	0.247810858144	0.00361845067813	0.000332846126748	997.51572279	613	0.141356619947	418.958891313	32.6818923328	2382.06543549	4	0	0					
 B17	1	0	2187	8.96936442615	0.271604938272	0.00363674898986	0.000350591456642	1020.20877714	649	0.130669459402	371.625598935	33.3020030817	2233.17746505	4	0	0					
 B18	1	0	2276	8.80975395431	0.269332161687	0.003229975404	0.000327902095055	1045.79768632	668	0.129164030584	356.225826644	33.372754491	2261.36088567	4	0	0					
 B19	1	0	1989	11.291603821	0.326294620412	0.00292632743386	0.000340281181379	999.254261942	739	0.12428272282	267.45008894	35.3572395129	1861.4170077	4	0	0					
 B20	1	0	2235	8.8451901566	0.248769574944	0.00292304198604	0.000307441911526	983.998577573	595	0.126400181705	309.566642595	36.1042016807	2098.38753471	4	0	0					
 B21	1	0	2177	7.93063849334	0.236564079008	0.00292661778288	0.000294675146975	954.700289669	560	0.125442002514	298.942969841	33.5357142857	1921.58027771	4	0	0					
 B22	1	0	2135	10.2932084309	0.335831381733	0.00426303834948	0.000413871446253	1018.73500745	781	0.133015450484	401.387982276	31.1626120359	2368.3431861	4	0	0					
 B23	1	0	2059	120.24672171	5.14813016027	0.0554814996254	0.0072907505454	1634.08983877	11267	0.153204591511	503.274828187	23.5943906985	3021.25682489	4	0	0					
 B24	1	0	2038	10.5696761531	0.293424926398	0.00450349907075	0.000371442395951	1219.91900982	651	0.132645627227	528.086663508	35.8740399386	3196.10118627	4	0	0					
 C01	1	0	1916	149.025052192	4.61534446764	0.0774038211234	0.00727245940234	2234.92490952	9412	0.158574104897	678.232359152	32.6308967276	3953.37389098	4	0	0					
 C02	1	0	2325	10.487311828	0.338924731183	0.00379716701876	0.000418100888848	941.750385343	855	0.128605247894	314.477359235	31.6187134503	1984.6013958	4	0	0					
 C03	1	0	2354	13.0607476636	0.390824129142	0.00396896985157	0.000482952042845	957.936777164	1021	0.121488333604	244.608023641	33.1557296768	1781.62611685	4	0	0					
 C04	1	0	2401	9.70179092045	0.276551436901	0.00360260708906	0.00034501678928	1057.04564553	717	0.131004898233	375.066182379	35.5606694561	2359.91912205	4	0	0					
 C05	1	0	2050	15.512195122	0.470731707317	0.00426691199727	0.000513777704604	1064.00050112	1076	0.127016044049	320.014806204	32.9572490706	2082.23660696	4	0	0					
 C06	1	0	2266	13.7246248897	0.394086496028	0.00451425842843	0.000437866715089	1000.88946096	964	0.130762064294	330.169757247	35.1742738589	2070.41103913	4	0	0					
 C07	1	0	2347	12.4963783553	0.347251810822	0.0048858648198	0.000443824837292	990.102414401	885	0.131372892263	346.462500585	36.5694915254	2119.78119559	4	0	0					
 C08	1	0	1994	9.56870611836	0.236208625878	0.00382617779762	0.000252161732612	996.516457888	527	0.147155609548	423.518309561	41.6850094877	2420.86268012	4	0	0					
 C09	1	0	1667	17.0353929214	0.497900419916	0.00581557933185	0.00054229012605	1046.13659603	906	0.134066192659	368.364745174	34.5342163355	2314.02446933	4	0	0					
 C10	1	0	2312	10.0722318339	0.342128027682	0.00364808651973	0.0004199416741	1047.79512334	849	0.127848303988	351.430234233	29.7644287397	2362.39370574	4	0	0					
 C11	1	0	2297	9.99346974314	0.335219851981	0.00355647812178	0.000403615976647	1020.80114513	825	0.130216348715	369.303203052	29.9709090909	2356.10369519	4	0	0					
 C12	1	0	2418	9.09263854425	0.272125723739	0.00353410279863	0.00034132622166	946.558738272	713	0.130992995082	323.044464171	33.6058906031	1996.32880937	4	0	0					
 C13	1	0	2392	9.21488294314	0.259615384615	0.00371603692837	0.00032383348023	1088.42968884	681	0.134933869306	410.692329435	36.0367107195	2430.74220952	4	0	0					
 C14	1	0	2352	10.2555272109	0.312074829932	0.00395006943013	0.000364762600232	1102.93253761	797	0.131781907459	441.579680306	33.165621079	2549.29753051	4	0	0					
 C15	1	0	2591	9.24700887688	0.278270937862	0.00343360306595	0.000359341271685	1003.95786925	765	0.130512232026	355.133429898	33.4392156863	2208.04506507	4	0	0					
 C16	1	0	2496	10.2664262821	0.316506410256	0.0041831347754	0.000383510289864	1124.19081395	873	0.134951846942	489.557629023	33.1237113402	2893.34868927	4	0	0					
 C17	1	0	2573	11.7392149242	0.335794792072	0.00395991976673	0.000438571786584	1030.83258034	934	0.123139152917	288.822954311	35.2794432548	2007.95511523	4	0	0					
 C18	1	0	2499	9.96158463385	0.27731092437	0.00411740966669	0.000343876207015	1063.78510576	751	0.134448456713	432.436177895	36.4327563249	2589.21989479	4	0	0					
 C19	1	0	2472	9.33414239482	0.275889967638	0.0031764926953	0.000336696114693	1042.99495302	745	0.124535102433	357.581344119	34.2456375839	2379.70272611	4	0	0					
 C20	1	0	2456	8.06229641694	0.273208469055	0.00290564169096	0.000338519073806	950.196870707	724	0.127902915355	310.430680828	29.9806629834	2006.37936336	4	0	0					
 C21	1	0	2336	9.31378424658	0.264126712329	0.00291855753196	0.000316972998119	956.687265336	671	0.120298837765	300.20358014	35.3576751118	2047.99192533	4	0	0					
 C22	1	0	2338	10.6693755346	0.333190761334	0.00445995384366	0.000402021396589	1027.87873743	857	0.133285298592	453.721570285	32.3115519253	2670.33140482	4	0	0					
 C23	1	0	2175	82.4804597701	3.33057471264	0.0269788137795	0.00429563606337	1303.50143084	7865	0.137259299863	340.770785734	24.9188811189	2285.47763619	4	0	0					
 C24	1	0	2228	13.2145421903	0.390484739677	0.00525880986893	0.000462446522491	997.579916983	934	0.136798217105	435.303754431	34.0214132762	2510.99983015	4	0	0					
 D01	1	0	2255	115.409756098	3.8465631929	0.0515289662429	0.00553910327766	1765.70620859	9475	0.147044907306	538.049220961	30.2375725594	3380.93378099	4	0	0					
 D02	1	0	2269	118.320405465	4.98281181137	0.054411326039	0.00729024556642	1645.69479696	12313	0.153415469341	504.443116627	24.0259075774	3046.75481226	4	0	0					
 D03	1	0	2459	8.84587230582	0.277348515657	0.00292598597054	0.000351227579526	922.123919624	744	0.12421546239	250.949254875	32.4516129032	1741.80582064	4	0	0					
 D04	1	0	2294	10.0039232781	0.28727114211	0.0037209793005	0.000353077650566	961.772038325	712	0.126860220123	315.785107281	34.8918539326	2005.66683862	4	0	0					
 D05	1	0	2416	11.0625	0.325331125828	0.0042392974436	0.000394318573317	1088.13824023	867	0.132256623329	426.489732912	34.4786620531	2526.08152241	4	0	0					
 D06	1	0	2658	9.85101580135	0.297215951843	0.00328524134306	0.000375369369487	960.193057839	840	0.12487173367	296.369215953	33.6476190476	1958.61820303	4	0	0					
 D07	1	0	2341	20.302007689	0.711234515164	0.00676548948525	0.00107194556755	1088.04182472	1809	0.120752556168	253.873349479	28.6268656716	1895.38152365	4	0	0					
 D08	1	0	1061	65.0292177191	1.94439208294	0.0125973803032	0.00180768899662	1223.12564855	2260	0.1204214291	265.881565431	33.5146017699	1985.80706712	4	0	0					
 D09	1	0	2398	9.81734778982	0.263552960801	0.00363082185677	0.000323594994645	928.197264457	694	0.127628508895	321.106589819	37.2521613833	2062.37046799	4	0	0					
 D10	1	0	2321	9.1482119776	0.276174062904	0.00305428521096	0.000350535492922	968.467647986	692	0.123271986407	311.841575448	33.4956647399	2123.06601752	4	0	0					
 D11	1	0	2403	9.5468164794	0.265085310029	0.00374690396351	0.00032079839562	1002.51265478	691	0.131380108186	363.039279416	36.1403762663	2224.75237239	4	0	0					
 D12	1	0	2418	92.9871794872	3.77667493797	0.0367547132708	0.0053040997131	1463.24204263	9887	0.139605807527	414.740022651	24.8521290584	2752.05746764	4	0	0					
 D13	1	0	2434	8.52670501233	0.200903861956	0.0028894202741	0.000244645203131	1045.20092049	535	0.12894666592	435.495116112	43.0093457944	2624.09955211	4	0	0					
 D14	1	0	2365	9.52727272727	0.283298097252	0.0031409234007	0.000355891934185	963.327332592	710	0.124073811007	294.936284173	34.2394366197	1943.76312136	4	0	0					
 D15	1	0	2298	8.42645778938	0.246301131419	0.0031573508446	0.000312426322203	1107.56085027	607	0.126970862718	381.667845101	34.3904448105	2455.93916288	4	0	0					
 D16	1	0	2287	8.17708788806	0.233493659816	0.00284763270937	0.000306115513254	1076.3813824	584	0.12891307374	386.040626109	35.4760273973	2514.31665585	4	0	0					
 D17	1	0	2319	8.71625700733	0.2574385511	0.00348085713949	0.000311071990036	1062.14666204	655	0.132461399149	379.629595556	34.0702290076	2307.10635852	4	0	0					
 D18	1	0	2304	8.71050347222	0.255642361111	0.00317658176387	0.000313129799736	967.310710148	638	0.127724548272	332.133329976	34.6175548589	2092.09398408	4	0	0					
 D19	1	0	2347	8.44951001278	0.261610566681	0.00332492764531	0.000330823917766	988.155658304	661	0.127353169114	361.87650819	32.5642965204	2250.06395651	4	0	0					
 D20	1	0	2326	7.31986242476	0.222699914015	0.00224497199696	0.000283733144813	969.732816749	562	0.121313538112	250.560458473	32.9644128114	1843.97810136	4	0	0					
 D21	1	0	2175	57.5981609195	2.10988505747	0.0174407116195	0.00271008795642	1251.92217135	4969	0.126719424267	309.88052407	27.5490038237	2269.44644626	4	0	0					
 D22	1	0	2270	9.33524229075	0.281938325991	0.00314873751604	0.000348661376352	1047.93430916	702	0.124850771111	328.696279172	32.6680911681	2191.71793201	4	0	0					
 D23	1	0	2146	103.308946878	4.76234855545	0.039232539301	0.00612170599408	1514.71183743	11035	0.143945547939	439.198022588	22.0461259628	2841.53061388	4	0	0					
 D24	1	0	2130	121.438028169	5.70845070423	0.0530083506965	0.0077937437373	1696.86443412	12967	0.153004165958	519.801726668	21.4321739801	3134.79035676	4	0	0					
 E01	1	0	2144	76.7593283582	2.11707089552	0.0254282101908	0.00279297795122	1305.18046235	4896	0.125051675962	319.01212124	36.5706699346	2384.79686105	4	0	0					
 E02	1	0	2135	89.8140515222	4.06651053864	0.0332705086929	0.00560079517309	1419.03674052	9343	0.144171773458	402.626950624	22.2984052232	2580.50347821	4	0	0					
 E03	1	0	2428	10.7467051071	0.323311367381	0.00402195072937	0.000395944447772	968.782076928	859	0.13046969076	340.496233856	32.8509895227	2107.68332114	4	0	0					
 E04	1	0	2594	10.3122590594	0.291827293755	0.0036045990237	0.00036515448148	1003.25870579	815	0.125122699193	308.405814593	34.8650306748	2053.24391826	4	0	0					
 E05	1	0	2372	11.7407251265	0.33347386172	0.00463529107787	0.000426746050074	971.846015252	857	0.127892253058	372.048648279	35.2777129522	2296.69031767	4	0	0					
 E06	1	0	2511	10.0661091199	0.284747112704	0.00344175307562	0.000350207407321	989.216440266	778	0.127865392943	332.841491346	35.2763496144	2201.18742649	4	0	0					
 E07	1	0	2448	10.6809640523	0.290441176471	0.0037912577767	0.000365219475144	1023.99252506	763	0.129151794837	374.175468001	36.8610747051	2465.49031508	4	0	0					
 E08	1	0	2284	10.4767950963	0.286777583187	0.00449960616595	0.00034627729242	1058.7707693	709	0.138566328418	483.34414785	36.8067700987	2666.86073205	4	0	0					
 E09	1	0	2518	13.6795075457	0.305401111994	0.00428736220795	0.000384964557948	2606.38603277	826	0.13230327065	650.460288095	44.9092009685	4401.54305909	4	0	0					
 E10	1	0	2012	13.7852882704	0.444333996024	0.00477698678507	0.000569023571942	1017.37204275	970	0.126010021403	316.098141168	31.6144329897	2050.58798436	4	0	0					
 E11	1	0	2341	8.61982058949	0.301580521145	0.00345677072164	0.000382154483064	1006.83340774	785	0.129394002883	322.823152869	28.7121019108	2077.51448523	4	0	0					
 E12	1	0	1306	21.7373660031	0.629402756508	0.00721792092965	0.000622176836034	895.841811083	941	0.154502591646	362.006792062	34.4686503719	2065.54625998	4	0	0					
 E13	1	0	2801	8.89075330239	0.227775794359	0.0031872691303	0.000276256623883	1092.09308405	668	0.125148946173	389.883203423	39.0643712575	2387.8311736	4	0	0					
 E14	1	0	2883	10.8355879292	0.315643426986	0.00381840341652	0.000408044405281	1104.53995479	979	0.126636548692	354.115683941	34.6833503575	2278.95998246	4	0	0					
 E15	1	0	2448	9.57638888889	0.285539215686	0.00408474004277	0.000347351572772	1107.77177136	762	0.132891623739	501.991753968	33.7414698163	2949.17089091	4	0	0					
 E16	1	0	2523	9.68053904082	0.304003170828	0.00339190017479	0.000382757315066	1005.95564317	832	0.124897652413	330.918132151	32.2295673077	2136.99293479	4	0	0					
 E17	1	0	2602	9.21368178324	0.292083013067	0.00367729532906	0.000376805544401	1064.40394142	809	0.125633103208	349.670059701	31.6168108776	2275.02103532	4	0	0					
 E18	1	0	2206	9.73436083409	0.334088848595	0.00288806093818	0.000412962547965	991.024174002	800	0.12119351381	269.26283796	29.24625	1902.84579409	4	0	0					
 E19	1	0	2278	9.41527655838	0.309043020193	0.00364106377185	0.000405567818774	985.983742564	784	0.126840158902	313.465549556	31.1071428571	2018.53836367	4	0	0					
 E20	1	0	2308	11.9051126516	0.394714038128	0.00391095712445	0.000481031832545	1026.7627921	973	0.123696193729	323.315841543	30.3268242549	2175.67314254	4	0	0					
 E21	1	0	2389	9.99916282964	0.323147760569	0.00352038356399	0.000407892826665	947.184944891	829	0.121904754411	316.470767878	31.1290711701	2077.59985625	4	0	0					
 E22	1	0	2213	33.0492544058	1.20469950294	0.00853776895853	0.00138109469916	1058.86016885	2917	0.120185994608	240.698007292	27.6211861502	1845.12376051	4	0	0					
 E23	1	0	1997	64.6399599399	2.16124186279	0.0189636608708	0.00258643393633	1180.39577173	4729	0.125149782002	298.135357886	30.2440262212	2180.72693083	4	0	0					
 E24	1	0	2046	116.251221896	5.09921798631	0.0476276408369	0.00689598722672	1863.04362859	11379	0.148402833104	533.392038764	23.0130064153	3309.76540666	4	0	0					
 F01	1	0	2492	8.51926163724	0.241974317817	0.00301560560489	0.000296412357928	991.602140482	663	0.125058689129	332.83200991	35.0180995475	2162.76837498	4	0	0					
 F02	1	0	2259	146.067729084	5.79504205401	0.0827337968778	0.00937516345447	2307.99307201	14111	0.162042517079	724.932877287	25.3845935795	4168.18912683	4	0	0					
 F03	1	0	2215	13.8636568849	0.419864559819	0.00418864433036	0.0004724395903	938.709173003	1025	0.122675204077	291.12141091	32.6653658537	1973.30387978	4	0	0					
 F04	1	0	2424	8.73803630363	0.268151815182	0.00345077503781	0.0003417753405	972.382408861	711	0.128100256409	361.901081675	32.4275668073	2262.39733334	4	0	0					
 F05	1	0	2324	10.080464716	0.303356282272	0.00380533029567	0.000373494318958	986.37406142	782	0.12608256912	369.733837056	33.8861892583	2228.27540878	4	0	0					
 F06	1	0	2262	11.1980548187	0.354111405836	0.0037651881075	0.000438542201485	960.214263978	853	0.122994112849	318.932696367	31.6283704572	2114.65477626	4	0	0					
 F07	1	0	2447	8.40416836943	0.243154883531	0.00320896383502	0.000305520642088	1051.65569853	641	0.126972492634	368.536554314	34.6489859594	2347.14500206	4	0	0					
 F08	1	0	2441	10.0827529701	0.297009422368	0.00333954109568	0.000354639286869	1012.76540122	778	0.126525482553	331.482960874	34.3046272494	2103.53987425	4	0	0					
 F09	1	0	2458	50.444263629	1.86411716843	0.0157976486255	0.00248921289687	1189.40011056	4891	0.124014253946	285.996795296	27.2897158045	2132.61613065	4	0	0					
 F10	1	0	2392	14.7111204013	0.459448160535	0.00423235236818	0.000545336417749	1057.99708896	1200	0.122344096393	298.099875523	32.4016666667	2034.30311667	4	0	0					
 F11	1	0	1902	12.0341745531	0.303364879075	0.0047744194954	0.000396777014527	955.835678812	633	0.135838453793	355.207041287	40.24328594	2114.97967408	4	0	0					
 F12	1	0	2527	8.26592797784	0.249703205382	0.00291364089903	0.000324992892133	1019.05226525	677	0.120867490392	286.147134394	33.3500738552	1970.97729914	4	0	0					
 F13	1	0	942	40.8205944798	1.07218683652	0.00891455602655	0.000930617538571	1154.76464432	1073	0.123281559506	271.93818478	38.275862069	1865.57818368	4	0	0					
 F14	1	0	2297	16.6887244232	0.538963865912	0.00466763124938	0.000616125080898	1049.96692763	1316	0.121191989876	285.575340522	31.5645896657	2025.30382169	4	0	0					
 F15	1	0	2457	9.55555555556	0.320716320716	0.00343143883813	0.000401328742652	1016.99827896	885	0.123525418072	315.128230538	30.3762711864	2107.6083444	4	0	0					
 F16	1	0	2399	9.45810754481	0.310546060859	0.00291235248544	0.000398002199999	989.367234285	800	0.120406529515	272.467978769	31.0625	1934.50321346	4	0	0					
 F17	1	0	2386	10.0544844929	0.297988264878	0.00395624537706	0.000366703958608	1039.51547078	770	0.130122246587	437.808052536	33.8454545455	2612.81213143	4	0	0					
 F18	1	0	2212	9.57866184448	0.327757685353	0.00288942851553	0.000396207284725	955.179751752	807	0.122005695811	301.077338715	29.4522924411	2004.85881842	4	0	0					
 F19	1	0	2374	8.57329401853	0.27801179444	0.00294949233782	0.000345133636471	963.023974111	723	0.124180157212	287.817899587	30.9668049793	1878.86067767	4	0	0					
 F20	1	0	2244	9.17156862745	0.30303030303	0.00289029835171	0.000386586461981	920.395048	740	0.11916803112	250.447183618	30.8945945946	1757.76999922	4	0	0					
 F21	1	0	2225	9.28898876404	0.29797752809	0.0030540898222	0.000379187388809	935.928014234	714	0.122053286613	294.563647151	31.5966386555	1976.70292337	4	0	0					
 F22	1	0	2111	9.36096636665	0.301279014685	0.00257118457232	0.000353326170746	933.155272709	696	0.11918442467	237.420567533	31.2614942529	1699.61911123	4	0	0					
 F23	1	0	2317	8.56538627536	0.26974536038	0.00240385897933	0.000325266736913	1029.90268585	681	0.120424756359	270.162882606	32.0484581498	1858.11220011	4	0	0					
 F24	1	0	1906	91.0713536201	3.85676810073	0.0325233112619	0.00494485742489	1645.86980529	8021	0.140592637613	453.430132444	23.888417903	2956.57950039	4	0	0					
 G01	1	0	2020	13.746039604	0.409405940594	0.00384876447778	0.000461900439851	881.07803847	895	0.119206571704	227.377103387	34.2156424581	1658.80411666	4	0	0					
 G02	1	0	1792	141.284040179	5.08147321429	0.0833353030668	0.00743236254535	2536.04751043	9740	0.16339496311	922.296892225	28.1661190965	5245.17371366	4	0	0					
 G03	1	0	1225	24.4653061224	0.707755102041	0.00712379620545	0.000740128857397	1024.28603771	938	0.126518400825	283.651882161	34.8006396588	1897.19024678	4	0	0					
 G04	1	0	2441	8.46579270791	0.276526013929	0.00256817758785	0.000343724453761	934.800106827	738	0.119511184757	241.388210707	30.9349593496	1734.67456321	4	0	0					
 G05	1	0	816	28.4080882353	0.584558823529	0.00887707974274	0.000710822530178	1014.3137518	500	0.137163734763	296.609850396	48.848	1909.8267962	4	0	0					
 G06	1	0	2212	48.2581374322	1.92992766727	0.016130243191	0.00244726989766	1142.68455183	4609	0.130749033466	316.086704553	25.2666522022	2202.15412952	4	0	0					
 G07	1	0	2239	9.75614113444	0.301027244305	0.0040005737204	0.000358639033121	1008.81939623	724	0.130986516254	402.615148094	32.6850828729	2431.59556607	4	0	0					
 G08	1	0	2338	10.3558597092	0.307955517536	0.00432350548662	0.000380773728436	986.307886077	772	0.131665125282	368.509929473	33.7772020725	2280.13851062	4	0	0					
 G09	1	0	2456	9.20561889251	0.28664495114	0.00351997811415	0.000360447358243	1006.84771263	753	0.128192241071	371.00609106	32.6799468792	2296.86562776	4	0	0					
 G10	1	0	2223	9.25416104363	0.282950967161	0.00392055385989	0.000356070554917	1053.79529637	701	0.133464919223	402.088322317	33.3609129815	2410.27397888	4	0	0					
 G11	1	0	2354	10.3364485981	0.352166525064	0.00350701391289	0.000427591897433	1059.5288058	898	0.126179232488	328.585374168	29.5189309577	2167.79421004	4	0	0					
 G12	1	0	938	17.9648187633	0.316631130064	0.00815624627118	0.000362937081401	943.012160925	314	0.168763341498	489.102990137	57.678343949	2529.52166073	4	0	0					
 G13	1	0	2416	10.2955298013	0.316225165563	0.00399922102243	0.000367331193541	1053.31715934	814	0.134046186118	384.218236444	33.1167076167	2288.34707439	4	0	0					
 G14	1	0	2300	8.3552173913	0.258260869565	0.00269989381486	0.000319087593361	1035.3765955	687	0.124260644969	362.61627926	32.903930131	2435.13319111	4	0	0					
 G15	1	0	2126	14.7869238006	0.476011288805	0.00392974074678	0.000426139342941	1018.4279424	1156	0.125170977686	327.091718452	31.2370242215	2164.64724968	4	0	0					
 G16	1	0	2232	12.9390681004	0.437275985663	0.00389823881694	0.000533729079262	1020.8393418	1053	0.121419471698	270.033069531	29.8138651472	1907.43122038	4	0	0					
 G17	1	0	2236	11.0254919499	0.354203935599	0.00401775211934	0.000423859755994	992.226847816	849	0.127906830505	372.884228947	31.6442873969	2465.13004105	4	0	0					
 G18	1	0	2311	11.9056685418	0.468195586326	0.00381505078156	0.000563759461969	972.632553179	1200	0.123058569957	285.797171382	25.7833333333	1973.53757808	4	0	0					
 G19	1	0	2511	10.7638391079	0.353245718837	0.00363100884572	0.000425811966979	979.119824978	946	0.121082573604	297.911630443	30.978858351	2046.58328629	4	0	0					
 G20	1	0	2311	11.6932064042	0.349632193855	0.00416172876407	0.000436641392651	936.826099391	876	0.125191916284	301.572843153	33.8835616438	2003.94367484	4	0	0					
 G21	1	0	2123	10.4342910975	0.348563353745	0.00316014597957	0.00042516919126	942.392051669	813	0.120981380175	263.905389129	30.2779827798	1820.33394511	4	0	0					
 G22	1	0	2117	37.824279641	1.54936230515	0.0101758957698	0.00192046408994	975.613127647	3585	0.123264401423	218.551133963	24.620362622	1652.32055239	4	0	0					
 G23	1	0	2169	8.30428769018	0.264638082065	0.00267567675544	0.000313520767897	991.734442994	626	0.12511097061	321.892296729	31.4760383387	2115.46765477	4	0	0					
 G24	1	0	2073	114.882296189	5.18765074771	0.0501030496349	0.00686483522842	1641.87469347	11593	0.151079116783	524.818723394	22.3105322177	3219.15235259	4	0	0					
 H01	1	0	2179	22.9765947682	0.689765947682	0.0052428694153	0.000704876486064	906.544160897	1652	0.123658241124	236.746310237	33.8777239709	1661.85557912	4	0	0					
 H02	1	0	2428	48.2944810544	1.52635914333	0.0146882092264	0.00198358342217	1226.28980108	3910	0.122339308775	286.507515705	31.8283887468	2139.6124372	4	0	0					
 H03	1	0	2382	10.2539882452	0.31570109152	0.00384226040666	0.000373932261167	931.738016347	801	0.123888150225	291.341083729	32.418227216	1924.89767017	4	0	0					
 H04	1	0	2175	6.07218390805	0.173333333333	0.00277261849936	0.00024532791025	911.966920661	416	0.129510339771	334.293265197	35.5192307692	2040.40748706	4	0	0					
 H05	1	0	2221	12.3628995948	0.375506528591	0.00415180837103	0.000445242206135	1014.5246514	922	0.126776329685	357.298032322	33.2754880694	2342.06056201	4	0	0					
 H06	1	0	2296	13.8610627178	0.448170731707	0.00547030020123	0.000579433059366	1033.84679797	1136	0.126275169926	328.080879145	31.0536971831	2110.39604824	4	0	0					
 H07	1	0	2090	30.2526315789	1.07511961722	0.00958379820648	0.00144851803307	1071.15049741	2453	0.122581876816	270.2125304	28.043212393	1965.18555323	4	0	0					
 H08	1	0	2403	8.97669579692	0.280066583437	0.00327153364918	0.000360377726596	1006.51643274	733	0.124684657269	314.790994046	32.0422919509	2114.72922969	4	0	0					
 H09	1	0	2377	9.70298695835	0.305427008835	0.00364737983132	0.000376822484327	1086.60641974	786	0.129045766819	375.091278943	32.7633587786	2430.88078988	4	0	0					
 H10	1	0	2218	11.1623083859	0.36519386835	0.00380877390137	0.000443491657291	1004.02697388	872	0.126434009868	313.976651402	30.7981651376	2054.94173475	4	0	0					
 H11	1	0	2258	11.6713906112	0.394596988485	0.00449062576145	0.000455504916114	1030.40103113	952	0.132819765474	385.494847682	30.0388655462	2331.7134409	4	0	0					
 H12	1	0	2145	8.96736596737	0.296503496503	0.00286301681628	0.000366673676011	981.969056003	707	0.121163329254	296.574326062	30.4229137199	2051.17142851	4	0	0					
 H13	1	0	2378	9.85323801514	0.320437342304	0.00320872537261	0.000404528397384	1005.7296177	836	0.123181966886	290.76135205	31.1483253589	1994.11628959	4	0	0					
 H14	1	0	2059	8.53666828558	0.211267605634	0.0031933825689	0.000297933341312	1001.36262394	473	0.12818327584	346.817782607	41.1141649049	2196.77587849	4	0	0					
 H15	1	0	2287	8.14954088325	0.281591604722	0.00270912082531	0.00038986745756	960.772101099	722	0.120868985904	268.987467697	29.5470914127	1900.89524771	4	0	0					
 H16	1	0	2240	10.8790178571	0.333928571429	0.00366851839118	0.000442267139072	1040.2338022	812	0.124780605974	306.079980383	32.8214285714	2110.12258557	4	0	0					
 H17	1	0	2131	10.4420459878	0.366963866729	0.00326262346228	0.000447290098848	1000.64648794	850	0.122045839438	279.51039507	28.5517647059	2012.29001411	4	0	0					
 H18	1	0	1072	24.7061567164	0.527985074627	0.0079751971803	0.000558972695325	976.093328692	619	0.147910010712	385.500677875	47.3327948304	2207.27010792	4	0	0					
 H19	1	0	2379	9.88482555696	0.330811265237	0.00341795726098	0.000430854665956	975.116489286	869	0.122710904011	311.66612408	30.0886075949	2125.62856952	4	0	0					
 H20	1	0	2262	11.6127320955	0.379752431477	0.00419062662342	0.000463211886279	913.797717398	940	0.129121440515	317.078148091	30.6819148936	2042.20303462	4	0	0					
 H21	1	0	2066	13.0769603098	0.388673765731	0.0041712733104	0.000471243463409	939.606644187	859	0.12284096945	286.860003066	34.0616996508	1924.97141653	4	0	0					
 H22	1	0	2103	12.108892059	0.379933428436	0.00401167479865	0.000473478188117	928.071960033	895	0.122134179219	257.762785734	31.9430167598	1799.76093957	4	0	0					
 H23	1	0	2141	9.45866417562	0.29238673517	0.00286932618369	0.000364649656643	939.93608044	681	0.123068503177	256.78231824	33.06020558	1802.83027069	4	0	0					
 H24	1	0	2041	43.6903478687	1.40666340029	0.0121859782203	0.00175002554393	1084.83349634	3105	0.119503936468	240.263818429	31.4028985507	1872.82037361	4	0	0					
 I01	1	0	1927	105.803840166	4.50233523612	0.0399776226614	0.00604733369511	1396.46248464	9423	0.145286582935	396.855472102	23.7243977502	2513.63095565	4	0	0					
 I02	1	0	2212	6.89918625678	0.226491862568	0.0020900605601	0.000284525565948	1115.01183356	548	0.121313993688	288.722824692	30.3120437956	2085.16164939	4	0	0					
 I03	1	0	2433	10.3152486642	0.300863131936	0.00323378054431	0.000384609188059	948.237613103	796	0.120515603156	243.992756563	34.2587939698	1797.01454813	4	0	0					
 I04	1	0	2357	7.49596945269	0.205770046669	0.00317332575813	0.000279818697295	986.353197259	535	0.136236838819	374.936395239	36.1813084112	2274.28262647	4	0	0					
 I05	1	0	1783	16.6595625351	0.408861469434	0.00636448129464	0.000605374119626	1026.18786169	780	0.129629081913	314.259908272	40.6179487179	2037.32151881	4	0	0					
 I06	1	0	2245	9.17772828508	0.289977728285	0.00305191572274	0.000367443804668	1018.55257355	706	0.124287925037	296.574382085	31.5155807365	2018.8622564	4	0	0					
 I07	1	0	2138	9.9901777362	0.294667913938	0.00314204925924	0.000362528583233	1005.64892292	689	0.124621187499	298.916679487	33.6661828737	2008.9001016	4	0	0					
 I08	1	0	1962	9.39602446483	0.305810397554	0.00299733562855	0.00035715006552	1018.72444443	659	0.128263932113	308.150552525	30.62215478	2002.94608674	4	0	0					
 I09	1	0	2032	8.99655511811	0.27312992126	0.00305129299732	0.000331764791668	1091.59508874	602	0.126542063985	310.209271459	33.5099667774	2066.073976	4	0	0					
 I10	1	0	1979	21.3269327943	0.687721071248	0.0056495543323	0.000751533571788	1014.09891606	1478	0.121744593928	255.414371834	30.9539918809	1823.05616415	4	0	0					
 I11	1	0	2245	10.0570155902	0.304677060134	0.00341333944702	0.000373619172179	1041.60630164	746	0.128140779895	343.956962792	33.2010723861	2245.61713651	4	0	0					
 I12	1	0	2302	10.7254561251	0.346655082537	0.00421734714373	0.000411776403293	1033.648996	863	0.132023848809	394.876145895	31.0787949015	2325.83701884	4	0	0					
 I13	1	0	2290	8.2672489083	0.275109170306	0.0028679664632	0.000322246423927	981.337561676	677	0.128102847928	318.986017855	30.4697193501	2027.29470871	4	0	0					
 I14	1	0	2461	9.80902072328	0.331572531491	0.00360834779297	0.000409410014591	1026.35366019	886	0.127806017487	333.791330168	29.7957110609	2191.57116366	4	0	0					
 I15	1	0	2275	12.1336263736	0.461098901099	0.00373493026788	0.000543187011652	1118.75041546	1140	0.120793983727	288.064110027	26.499122807	2064.25721355	4	0	0					
 I16	1	0	2302	8.49304952215	0.269765421373	0.00309434321589	0.000325098510031	1027.39160761	687	0.129896470685	343.319520247	32.3202328967	2153.47287311	4	0	0					
 I17	1	0	2124	51.8027306968	2.32721280603	0.0144655444311	0.00289682304211	1170.54669664	5386	0.127362725216	268.38865401	22.4376160416	1965.60768665	4	0	0					
 I18	1	0	2178	10.7708907254	0.345730027548	0.00343443280227	0.000414883052435	992.184075409	834	0.124817345089	293.682608839	31.1714628297	1976.84882782	4	0	0					
 I19	1	0	2103	10.6752258678	0.359486447932	0.00377358649518	0.00045689294443	967.007903459	819	0.124439349017	285.974430999	29.9865689866	1906.95632057	4	0	0					
 I20	1	0	2278	20.9701492537	0.834942932397	0.00578367524214	0.00103258184026	958.290387629	2024	0.119925675664	215.738297672	25.3171936759	1635.26108827	4	0	0					
 I21	1	0	2135	11.7133489461	0.414051522248	0.00363448491046	0.000527738027514	927.546898704	953	0.122112099976	245.910494938	28.7764952781	1758.22701628	4	0	0					
 I22	1	0	2139	71.7045348294	3.10378681627	0.0274290116137	0.00436945281118	1162.6164635	7181	0.139784241556	326.083125758	23.3759922016	2141.57725695	4	0	0					
 I23	1	0	2110	119.270616114	5.32938388626	0.0498940404361	0.00713023819953	1329.52379659	12112	0.151165818061	402.950444903	22.5861955086	2461.63670684	4	0	0					
 I24	1	0	1999	8.50875437719	0.256628314157	0.00256009099168	0.000307378022523	971.592340355	570	0.121889326869	270.757810334	33.2052631579	1856.90682058	4	0	0					
 J01	1	0	2279	97.5471698113	4.0557261957	0.0354018541021	0.00553288933051	1392.43244663	9902	0.141779755245	369.79642268	24.2791355282	2416.97822466	4	0	0					
 J02	1	0	2465	7.33752535497	0.208113590264	0.0022140261626	0.000271615598485	1123.88080645	553	0.120809309391	355.062349025	34.8806509946	2472.18669156	4	0	0					
 J03	1	0	2328	11.9510309278	0.373281786942	0.0036702183912	0.000479548942913	924.003445179	950	0.118264539784	234.65294618	31.8505263158	1696.14236421	4	0	0					
 J04	1	0	2381	9.79336413272	0.307013859723	0.0036474788522	0.000379192743405	992.779509976	778	0.129393193332	370.140571294	32.0989717224	2285.81370051	4	0	0					
 J05	1	0	2133	15.5147679325	0.473042662916	0.0049400304852	0.000627272355451	987.459578135	1097	0.122690842376	270.350842032	32.6153144941	1936.41594128	4	0	0					
 J06	1	0	2324	11.5469018933	0.365748709122	0.00325168169708	0.000446417258644	940.26084564	922	0.119182736313	239.145481319	31.9815618221	1761.714132	4	0	0					
 J07	1	0	2202	8.3378746594	0.280199818347	0.00244807388104	0.000342385592339	962.53781638	669	0.120030635757	243.640321865	29.7025411061	1765.07496796	4	0	0					
 J08	1	0	2338	9.24550898204	0.270744225834	0.00328316695306	0.000339018663047	1038.31382504	693	0.122086253372	306.40561325	34.6233766234	2055.41675956	4	0	0					
 J09	1	0	2244	8.89973262032	0.29055258467	0.00305919497365	0.000372369706473	1032.79444026	727	0.124142543366	308.43237346	30.6808803301	2115.87256401	4	0	0					
 J10	1	0	2169	9.34808667589	0.278930382665	0.00309332323826	0.000333564149666	1208.69996345	659	0.129837538361	370.644860644	33.6373292868	2411.26712501	4	0	0					
 J11	1	0	2349	9.55470412942	0.317581949766	0.00362398140275	0.000395425740441	1007.60826105	801	0.127934995759	358.384696894	30.4307116105	2176.09220397	4	0	0					
 J12	1	0	2361	11.0940279543	0.335027530707	0.0037349039153	0.000398415802331	1064.34940143	852	0.122017306174	329.389364538	33.1525821596	2249.52311237	4	0	0					
 J13	1	0	2221	8.44979738856	0.255290409725	0.00260852453901	0.000317066506208	1045.76531192	617	0.122536970135	302.62455192	33.510534846	2143.74021116	4	0	0					
 J14	1	0	2125	9.73129411765	0.306352941176	0.0030279257157	0.000382235831362	985.650665695	714	0.123382966081	275.271190752	32.1414565826	1898.41053568	4	0	0					
 J15	1	0	2096	11.1817748092	0.368320610687	0.00360519774	0.000462717784409	988.635244199	834	0.12118412145	271.631652695	30.4760191847	1926.68712837	4	0	0					
 J16	1	0	2098	81.381792183	3.3627264061	0.0263839499143	0.00433497584316	1276.49241863	7751	0.134347804724	322.351319687	24.3998193781	2230.03620107	4	0	0					
 J17	1	0	2139	19.0705937354	0.653576437588	0.00504946666897	0.000716822708282	1100.37723587	1524	0.117859538364	259.71119234	29.530183727	1931.54768527	4	0	0					
 J18	1	0	2313	10.2870730653	0.338953739732	0.00343488570096	0.00041874395391	959.185264795	853	0.122994585796	294.200425879	30.8733880422	1927.67605564	4	0	0					
 J19	1	0	2124	22.540960452	0.516007532957	0.00731224580877	0.000771719435708	971.875796842	1182	0.122995248732	265.578489542	44.0998307953	1878.58139061	4	0	0					
 J20	1	0	2165	10.0739030023	0.309930715935	0.00375433397989	0.000401733598164	924.897345846	730	0.124345854235	296.618190655	33.1164383562	1892.52244554	4	0	0					
 J21	1	0	2113	12.837671557	0.384287742546	0.00406392246208	0.000453096834054	1017.07162799	878	0.126368757543	280.248752126	33.5592255125	1896.59656759	4	0	0					
 J22	1	0	2100	10.7942857143	0.330952380952	0.00322582958612	0.000413097770236	898.715646314	736	0.120715564031	220.548568271	33.0421195652	1606.07747527	4	0	0					
 J23	1	0	2196	104.828324226	4.64890710383	0.0405322986457	0.00619307060476	1391.48896776	10978	0.146860406324	403.787985271	22.7506831846	2540.10898532	4	0	0					
 J24	1	0	1925	9.61350649351	0.312207792208	0.00284532966363	0.000391668804329	955.898402206	674	0.11823787566	246.993874331	31.2448071217	1786.87912249	4	0	0					
 K01	1	0	2000	132.489	5.129	0.0657188376225	0.00756720642645	1855.15267418	11198	0.157057442257	592.719473428	26.0831398464	3478.36054492	4	0	0					
 K02	1	0	2334	10.7189374464	0.316623821765	0.00352829482841	0.000379653299661	911.623422725	789	0.123798532797	263.854500639	33.7224334601	1832.17484799	4	0	0					
 K03	1	0	2366	22.0287404903	0.774302620456	0.00617415165739	0.000951084311967	976.191629264	1972	0.119570790296	227.623165448	28.4695740365	1757.76492814	4	0	0					
 K04	1	0	2209	9.62019013128	0.28700769579	0.00290874434912	0.00036408152257	911.887293492	698	0.119260759874	236.076773487	33.100286533	1764.2655172	4	0	0					
 K05	1	0	1861	14.488984417	0.394411606663	0.00376282071671	0.000402518906364	936.665378084	795	0.120861874894	261.401901167	36.5811320755	1830.3379853	4	0	0					
 K06	1	0	1923	9.82007280291	0.329693187728	0.00327512041904	0.000399561343924	977.884550484	694	0.123155532697	311.388969829	30.7060518732	2066.31473205	4	0	0					
 K07	1	0	1871	10.1710315339	0.316942811331	0.00366672267831	0.000368580405386	974.596498443	666	0.130405342155	371.91175316	32.527027027	2329.98441259	4	0	0					
 K08	1	0	2137	10.4178755264	0.320074871315	0.00391173977332	0.000384227930568	1010.25794129	753	0.128942852542	337.534278598	32.4608233732	2153.16714254	4	0	0					
 K09	1	0	2070	9.18019323671	0.273913043478	0.00283787572495	0.000338421572808	1001.50975003	623	0.120629370841	286.060066533	33.5024077047	2030.32181588	4	0	0					
 K10	1	0	2156	10.9573283859	0.311224489796	0.00399482909225	0.000378537984896	1038.21208732	728	0.127424412932	389.547424518	35.3956043956	2458.74996303	4	0	0					
 K11	1	0	2382	14.8505457599	0.462636439966	0.00449389500765	0.000589963211944	1102.72307623	1213	0.119543387108	289.449683931	31.9348722176	2084.96163806	4	0	0					
 K12	1	0	2557	10.2193977317	0.335549472038	0.00325448931364	0.000407492087761	1036.86929825	925	0.122376447835	281.528568553	30.6237837838	1994.47137792	4	0	0					
 K13	1	0	2192	25.2924270073	0.84397810219	0.00794949711565	0.00108175969238	1174.64658678	1997	0.120032649527	295.580201825	30.2073109664	2170.344802	4	0	0					
 K14	1	0	2341	21.524134985	0.812473302008	0.00626408485897	0.000960228393538	1095.23236485	2046	0.121692297504	287.123549889	26.7873900293	2046.78691771	4	0	0					
 K15	1	0	2174	11.4733210672	0.3127874885	0.00345282913786	0.00038027129683	1011.79610212	743	0.124771178016	336.03332833	36.8465679677	2277.43851886	4	0	0					
 K16	1	0	1970	128.270050761	5.3385786802	0.0573427894101	0.00748327908951	1809.95091406	11387	0.149841623423	524.757427049	24.232018969	3234.10506017	4	0	0					
 K17	1	0	2099	11.4935683659	0.342544068604	0.00360314952922	0.000430703233279	960.200674079	767	0.121645126377	271.500078332	33.8670143416	1941.26683177	4	0	0					
 K18	1	0	2260	11.0960176991	0.361504424779	0.00384378046545	0.00044120606677	943.839717986	877	0.126533566411	303.912972074	30.6921322691	2034.95052962	4	0	0					
 K19	1	0	2165	9.85404157044	0.275288683603	0.00357556031296	0.000354921251848	975.11179166	653	0.122474157043	303.146995614	36.3797856049	1984.51429909	4	0	0					
 K20	1	0	2173	11.5549930971	0.387942936033	0.00383845645186	0.00048279421334	971.256359155	919	0.1228933543	280.439792108	29.9412404788	1893.91116976	4	0	0					
 K21	1	0	2061	13.78214459	0.397865114022	0.00372045970784	0.000443162889677	895.33208243	891	0.118688501941	243.678451145	34.9932659933	1729.44346805	4	0	0					
 K22	1	0	2242	18.5856378234	0.566904549509	0.00478953236445	0.000683759463267	977.436905382	1365	0.118123697644	224.705028717	33.0673992674	1724.96262764	4	0	0					
 K23	1	0	2027	99.8411445486	4.09028120375	0.0356754662349	0.00534805741097	1294.38395295	9053	0.142304282299	361.84527068	24.5270076218	2342.36257746	4	0	0					
 K24	1	0	2129	10.0197275716	0.317519962424	0.00302894988664	0.000383116543898	931.527386465	732	0.120673266267	240.223418291	31.6338797814	1747.32460478	4	0	0					
 L01	1	0	2259	117.193891102	4.61310314298	0.053368074457	0.00648903497982	2116.14745347	11268	0.150944224799	661.069446446	25.5725949592	4064.94459859	4	0	0					
 L02	1	0	2275	97.3002197802	3.77142857143	0.0342249300131	0.00500322622204	1301.47436028	9199	0.143089487986	355.219659579	25.9549951082	2307.739855	4	0	0					
 L03	1	0	2384	10.3229865772	0.34144295302	0.00309699078008	0.000416413577614	931.518774267	865	0.122137593813	267.535023359	30.2	1842.19791705	4	0	0					
 L04	1	0	2212	9.08860759494	0.268535262206	0.00291185827245	0.000316061535624	915.23051014	644	0.123340031859	277.419823129	34.1164596273	1867.71554032	4	0	0					
 L05	1	0	2250	15.0888888889	0.436	0.00516908092239	0.000546091660754	1005.26605849	1043	0.124654665389	297.87846465	34.4170661553	2015.43979689	4	0	0					
 L06	1	0	2240	10.7245535714	0.3	0.0041010339141	0.000391785852935	998.342614643	729	0.125359929907	353.443842017	35.5912208505	2247.01486217	4	0	0					
 L07	1	0	2146	15.9026095061	0.506523765144	0.00500660033003	0.000658034755767	978.505402188	1185	0.121152634534	252.814041714	31.4632911392	1830.79581753	4	0	0					
 L08	1	0	2219	9.0635421361	0.283911671924	0.00309386928952	0.000363644980752	1015.05866003	679	0.122915248134	307.421958343	31.5552282769	2118.06027347	4	0	0					
 L09	1	0	2237	33.8721502012	1.20518551632	0.00954719640487	0.00155048330554	1080.99490266	2891	0.120953945123	246.9219322	28.162573504	1912.28478814	4	0	0					
 L10	1	0	1649	6.59369314736	0.184354154033	0.00293029455352	0.000228281308506	1005.10720195	337	0.13816829307	401.771292565	35.7922848665	2437.71179694	4	0	0					
 L11	1	0	2148	9.97346368715	0.307728119181	0.00330912001734	0.000386735901849	982.221112992	706	0.12237692168	284.583796263	32.5240793201	1941.49012345	4	0	0					
 L12	1	0	2132	74.5637898687	2.69887429644	0.025265587736	0.00354158707865	1303.50456577	6177	0.129998731855	331.360190683	27.8936376882	2379.22698813	4	0	0					
 L13	1	0	2339	9.35827276614	0.270628473707	0.00267099498754	0.000341766123577	1000.02788089	669	0.119489595954	267.284544186	35.0328849028	1916.64918248	4	0	0					
 L14	1	0	1754	7.20353477765	0.229190421893	0.00257206707832	0.000269443527505	915.262753947	434	0.133627247861	307.185200482	31.2580645161	1872.47420138	4	0	0					
 L15	1	0	2156	12.4976808905	0.349257884972	0.00369812726263	0.000452495351508	1025.88676778	819	0.120053808721	278.463399743	35.7631257631	1999.96640611	4	0	0					
 L16	1	0	1992	8.51004016064	0.235441767068	0.00262159709043	0.000251861463986	1013.71447782	517	0.128782928468	430.637434839	36.2243713733	2709.38216881	4	0	0					
 L17	1	0	2156	8.05380333952	0.256493506494	0.00311574011184	0.000310907950827	982.177246595	582	0.132449678512	351.277986186	31.352233677	2143.25689964	4	0	0					
 L18	1	0	2324	10.082616179	0.27925989673	0.00261500104054	0.000348309774927	1012.57015764	682	0.116692047599	233.959397221	36.2624633431	1772.62472603	4	0	0					
 L19	1	0	2225	10.7887640449	0.315505617978	0.00429280639076	0.000405635201108	972.706667764	751	0.13173062188	341.096488108	34.7296937417	2080.8771412	4	0	0					
 L20	1	0	2229	12.3064154329	0.398384925976	0.00369005327444	0.00050768698819	943.348868481	972	0.121197118823	270.018331966	30.908436214	1923.38441706	4	0	0					
 L21	1	0	1241	33.0902497985	0.821112006446	0.00757616876109	0.000812311332339	974.904499622	1162	0.124166794594	263.485468919	40.5258175559	1824.03878398	4	0	0					
 L22	1	0	2058	23.5743440233	0.901846452867	0.00770618278518	0.0011075884948	948.192998077	2018	0.124091497816	275.489841186	26.2730426165	1912.1359832	4	0	0					
 L23	1	0	2065	110.796125908	4.72348668281	0.0454339853306	0.00630942180016	1563.67486156	10583	0.146115047113	463.696359031	23.7182273457	2940.07727345	4	0	0					
 L24	1	0	1966	131.782299084	5.80773143438	0.0637778318138	0.00814898935009	1606.35924599	12398	0.158096988367	513.226886363	22.9190191966	3014.33402535	4	0	0					
 M01	1	0	2120	73.4471698113	2.11886792453	0.0245162409122	0.00281355143941	1295.35528179	4855	0.125799197014	319.360128889	34.910607621	2391.71974976	4	0	0					
 M02	1	0	2271	97.9409951563	3.80449141347	0.0372036009901	0.0052927668416	1539.35476264	9231	0.143459116313	425.395691619	25.8042465605	2738.151519	4	0	0					
 M03	1	0	2196	12.2923497268	0.396174863388	0.00435305478806	0.000505710189941	953.322256704	937	0.12483261795	290.790913952	31.0277481323	1921.70861861	4	0	0					
 M04	1	0	2089	9.48492101484	0.297271421733	0.00286986602878	0.000357175635794	926.388092606	665	0.123004201264	259.71492671	31.837593985	1828.30235355	4	0	0					
 M05	1	0	2064	13.2228682171	0.424418604651	0.00443373486422	0.000525289370015	963.672878088	951	0.123341219757	304.497631922	31.1934805468	2044.26479779	4	0	0					
 M06	1	0	2050	11.067804878	0.336097560976	0.00382163340904	0.0004272928942	985.399842508	740	0.123428534783	323.998298121	33.0472972973	2127.27555905	4	0	0					
 M07	1	0	1988	78.8802816901	3.10211267606	0.02797831353	0.00431843799688	1275.2295282	6654	0.132488618485	320.207562416	25.5489930869	2265.42099954	4	0	0					
 M08	1	0	2170	11.2783410138	0.406451612903	0.0042354557853	0.00050622367668	1061.36376432	947	0.130553945844	379.207107935	28.0781414995	2428.95517751	4	0	0					
 M09	1	0	1951	12.4018452076	0.371604305484	0.00460978006165	0.000451359745508	1024.87783049	789	0.130612022584	351.71653344	33.3726235741	2216.45364499	4	0	0					
 M10	1	0	2047	9.75378602833	0.295065950171	0.0035041601154	0.000352453646799	1040.38073899	664	0.134475578877	378.304033714	33.4337349398	2304.93258673	4	0	0					
 M11	1	0	2442	9.35954135954	0.271498771499	0.0036066838907	0.000364280383228	988.524186925	741	0.125506206453	307.074257326	34.4642375169	1992.06908135	4	0	0					
 M12	1	0	2395	10.7615866388	0.344467640919	0.00338107925478	0.000432359362201	1046.46014402	898	0.122181214405	291.316716718	31.429844098	2032.81691267	4	0	0					
 M13	1	0	2227	10.5285136956	0.345307588684	0.00341749163169	0.000421005747746	985.061973843	825	0.124964389503	286.893622355	30.6787878788	1958.88541553	4	0	0					
 M14	1	0	2205	9.63537414966	0.30566893424	0.00330908111528	0.000382413135437	1015.54721774	732	0.124825572029	328.198892	31.7677595628	2133.31175667	4	0	0					
 M15	1	0	2255	9.58048780488	0.281152993348	0.00371218088892	0.000343340950357	1023.28816881	676	0.132365361865	409.300999884	33.8520710059	2464.9831214	4	0	0					
 M16	1	0	2199	12.9340609368	0.414279217826	0.00412214631402	0.000476990526052	1036.13695601	978	0.123992664894	350.602498543	31.0685071575	2277.44131038	4	0	0					
 M17	1	0	2053	10.0842669264	0.327812956649	0.00454483230034	0.000414785049842	1013.75776156	730	0.136091753267	426.002872735	31.004109589	2425.56433957	4	0	0					
 M18	1	0	2278	10.0122914838	0.330992098332	0.00334024645357	0.000427181763821	988.658014056	804	0.122398645552	282.247666891	30.6865671642	1918.02503857	4	0	0					
 M19	1	0	2116	17.5519848771	0.544423440454	0.00562187642567	0.000699412432413	969.217091492	1254	0.121301685887	270.09953102	32.6379585327	1911.40813278	4	0	0					
 M20	1	0	2142	10.2885154062	0.304855275444	0.00355309059392	0.000373689758527	963.042689941	713	0.126701114541	321.87731988	33.9831697055	2023.02851027	4	0	0					
 M21	1	0	1633	17.8775260257	0.540722596448	0.00506214459755	0.000623745918158	813.054442829	975	0.127238548352	252.909056825	33.6923076923	1704.2677125	4	0	0					
 M22	1	0	2107	10.798766018	0.320360702421	0.00382017364194	0.000398786496678	906.871740088	748	0.125299148425	293.797848828	33.7780748663	1910.58648738	4	0	0					
 M23	1	0	1992	57.3995983936	1.95833333333	0.0173771728647	0.00249502078491	1130.49699362	4252	0.122734348701	266.71184329	29.8849952963	2050.84954169	4	0	0					
 M24	1	0	1903	118.887020494	4.88018917499	0.0475431690052	0.00652347233998	1522.93361565	10098	0.148273222196	442.871514675	24.5421865716	2762.32438804	4	0	0					
 N01	1	0	2141	11.1611396544	0.315273236805	0.00330289547604	0.00036236400643	896.12984445	736	0.122113273077	274.407320726	35.3491847826	1887.67876682	4	0	0					
 N02	1	0	2075	153.828433735	6.21927710843	0.0870069920127	0.00951405059154	2299.35648959	13837	0.16682242746	756.128785096	24.8889932789	4229.49586535	4	0	0					
 N03	1	0	1964	11.5112016293	0.347759674134	0.00339305902125	0.000417386375881	959.820660443	747	0.12100327674	277.330097869	33.4725568942	1925.92097528	4	0	0					
 N04	1	0	2162	15.3700277521	0.480111008326	0.00425378692418	0.00059286032013	942.698317923	1153	0.119544213944	226.819932145	31.908065915	1720.37781446	4	0	0					
 N05	1	0	2148	10.5288640596	0.303538175047	0.00350359081194	0.00037743034881	956.389736421	706	0.122925499493	291.103826696	34.5283286119	1935.74020044	4	0	0					
 N06	1	0	1995	10.3117794486	0.313784461153	0.00343432363167	0.000384400499994	976.834942795	691	0.125222294528	344.408186264	32.8610709117	2232.49112147	4	0	0					
 N07	1	0	1854	10.9363538296	0.317691477886	0.00366557718088	0.000382853849577	1022.920349	650	0.123175493803	352.661094059	34.3230769231	2293.50548484	4	0	0					
 N08	1	0	2136	10.5271535581	0.327247191011	0.00293882396484	0.000404650624915	928.370136725	750	0.118623401762	232.926459558	32.3586666667	1730.6695476	4	0	0					
 N09	1	0	1842	9.65092290988	0.266015200869	0.00350088979649	0.000323857182607	1001.94873589	524	0.131923894494	363.754987387	36.7690839695	2254.50688387	4	0	0					
 N10	1	0	2027	7.97286630488	0.236803157375	0.00270379350561	0.000295803951603	1004.16165695	509	0.124508563449	335.948977359	33.583497053	2181.12326364	4	0	0					
 N11	1	0	765	23.8862745098	0.541176470588	0.0087762810601	0.000421898961531	979.487530602	472	0.159207369403	454.672415956	44.0550847458	2380.93073851	4	0	0					
 N12	1	0	2111	11.2084320227	0.319279962103	0.00400868032412	0.000419024367597	1010.53878677	725	0.126345771417	321.51600279	34.9489655172	2092.83787997	4	0	0					
 N13	1	0	1747	10.9982827705	0.330280480824	0.00307148044965	0.000384377877731	978.889602988	610	0.118137219707	236.04114762	33.6131147541	1790.23242375	4	0	0					
 N14	1	0	1925	10.6483116883	0.308571428571	0.00277077767874	0.00036582437607	965.453070546	640	0.120018339813	239.555989363	34.290625	1783.35766785	4	0	0					
 N15	1	0	1672	9.75119617225	0.405502392344	0.00296579176528	0.000415733747526	1025.62159837	721	0.12510712367	364.996186177	24.2649098474	2404.14266269	4	0	0					
 N16	1	0	2023	10.1225902126	0.315373208107	0.00342409799082	0.000377123899036	1103.72546924	688	0.12904492749	420.786726008	32.1191860465	2583.40955532	4	0	0					
 N17	1	0	2116	9.59877126654	0.261814744802	0.00359833117669	0.000332106896329	990.895010889	602	0.130865763275	336.867435369	37.0714285714	2150.10774205	4	0	0					
 N18	1	0	2088	9.33572796935	0.305555555556	0.00301899785785	0.000374690479493	944.292317005	696	0.124826644121	273.336232488	30.7456896552	1850.95451822	4	0	0					
 N19	1	0	1891	9.96245372819	0.314648334215	0.00456706697984	0.000393929762891	963.611450839	658	0.136114985955	475.845324503	31.8313069909	2640.3787669	4	0	0					
 N20	1	0	1988	50.9683098592	1.96881287726	0.0137476725853	0.00238523690561	1026.05550872	4160	0.125053424716	233.718111107	26.0377403846	1739.62448599	4	0	0					
 N21	1	0	1946	11.4635149024	0.363309352518	0.00333522720423	0.000424512622424	929.173495247	777	0.120549008686	281.002868042	31.9922779923	2037.98288017	4	0	0					
 N22	1	0	1655	41.1957703927	1.66586102719	0.0136662651579	0.00188492899644	984.588130689	2965	0.139122421317	333.817670531	24.8688026981	2065.16153518	4	0	0					
 N23	1	0	1916	9.64248434238	0.325678496868	0.00295581397005	0.000409638043979	939.745084853	676	0.120301320681	266.578310604	30.0207100592	1898.5940508	4	0	0					
 N24	1	0	1816	119.060572687	4.69218061674	0.0451939670052	0.00599042228762	1380.09629027	9211	0.147462937127	408.501854423	25.5684507654	2544.30166906	4	0	0					
 O01	1	0	1886	10.6887592789	0.248144220573	0.00242549386251	0.000270879798321	988.635857504	492	0.117594359369	238.425822415	43.0345528455	1829.33555378	4	0	0					
 O02	1	0	1434	175.947698745	6.53905160391	0.084487306033	0.00756809810912	2637.35120725	10400	0.167620676793	988.335355966	27.1667307692	5443.49753829	4	0	0					
 O03	1	0	2010	9.91094527363	0.319900497512	0.00315696030444	0.000399205746883	956.197057825	703	0.122899775109	273.276438061	30.8733997155	1907.07348771	4	0	0					
 O04	1	0	2046	5.05083088954	0.132453567937	0.00195897624105	0.000173416891927	892.845890903	294	0.130932463117	312.823780939	37.9795918367	1935.41462245	4	0	0					
 O05	1	0	965	28.4715025907	0.815544041451	0.0129820198329	0.00138945174277	989.832820731	861	0.132786373673	291.690320667	35.7723577236	1989.74194505	4	0	0					
 O06	1	0	1996	9.31613226453	0.270541082164	0.00374012137574	0.000404281375481	908.517173011	585	0.122704858595	255.734550104	34.3829059829	1767.19629896	4	0	0					
 O07	1	0	1924	11.7323284823	0.361746361746	0.00382711568282	0.000424235220654	985.105450172	765	0.127407897277	318.476556511	31.9607843137	2105.9277894	4	0	0					
 O08	1	0	2001	10.8345827086	0.332833583208	0.00398360340892	0.000406275739775	1022.43270854	728	0.129099015647	336.914484498	32.7376373626	2132.77879415	4	0	0					
 O09	1	0	2037	8.4030436917	0.246931762396	0.00255237268013	0.000316614435531	952.780702502	550	0.125925694541	290.149476184	34.6745454545	1935.67288704	4	0	0					
 O10	1	0	2300	11.6743478261	0.37347826087	0.00455802118539	0.000487358573617	1034.81978621	908	0.127574080798	351.098180228	31.3711453744	2169.71661199	4	0	0					
 O11	1	0	2045	16.0400977995	0.489975550122	0.00483302164495	0.000633715313996	1012.41942049	1097	0.120830326414	246.432784487	32.8213309025	1824.62609661	4	0	0					
 O12	1	0	1308	14.4357798165	0.415902140673	0.00415883367524	0.00043139222517	1024.89076932	600	0.126449432151	342.982754459	35.9816666667	2244.49512412	4	0	0					
 O13	1	0	2147	8.2515137401	0.258500232883	0.00281431864884	0.000329500003144	1025.38451892	608	0.125654334714	331.502909837	32.1924342105	2073.60215246	4	0	0					
 O14	1	0	1966	10.2029501526	0.321464903357	0.00350319502052	0.00040291170171	945.253314978	690	0.123736087398	273.117554282	31.4550724638	1899.96325436	4	0	0					
 O15	1	0	1944	37.7983539095	1.44393004115	0.0113102331829	0.0019119122167	1078.82324995	3061	0.12447580099	255.376585998	26.2544919961	1890.73142485	4	0	0					
 O16	1	0	313	69.4792332268	2.23961661342	0.0222005693685	0.00200925194083	4063.06438909	795	0.15045785802	745.307752365	31.5459119497	5043.38924854	4	0	0					
 O17	1	0	1883	9.41476367499	0.265002655337	0.00322775047392	0.000324335102131	959.500561665	548	0.125584716559	298.495382084	36.0401459854	1897.92285894	4	0	0					
 O18	1	0	1672	6.46471291866	0.191387559809	0.00219660905036	0.000205979320239	935.249153452	341	0.134413143976	328.990720934	33.6627565982	2014.08287373	4	0	0					
 O19	1	0	1960	45.6219387755	1.93214285714	0.0139161788702	0.00238461672905	1138.00235522	4071	0.12793469911	291.359170712	23.7140751658	2071.62692339	4	0	0					
 O20	1	0	1882	11.697130712	0.336875664187	0.00358999006119	0.00041143963351	883.02713429	681	0.121872814698	238.068909464	34.9735682819	1682.67370542	4	0	0					
 O21	1	0	538	26.4609665428	0.46468401487	0.0131541759206	0.000507358058446	953.325414205	265	0.176597509237	535.873073856	56.8566037736	2695.16758331	4	0	0					
 O22	1	0	2036	9.53438113949	0.291257367387	0.0031812951755	0.000379096102188	970.831246741	643	0.122971582289	278.636261591	33.0902021773	1916.77924548	4	0	0					
 O23	1	0	1814	16.6753031974	0.442668136714	0.00397229913953	0.0004792143056	974.994266852	884	0.11872869684	255.817510987	37.9909502262	1850.98602784	4	0	0					
 O24	1	0	1733	132.029428736	5.31102135026	0.0513400199925	0.00632853604531	1698.45515922	10085	0.151098700905	541.054098557	25.2546355974	3302.36967423	4	0	0					
 P01	1	0	1923	14.2163286531	0.360894435777	0.00317435311341	0.000369154813409	1020.8501344	757	0.118711910083	254.542823687	39.5495376486	1893.05054444	4	0	0					
 P02	1	0	2054	38.4074975657	1.06523855891	0.0103749206667	0.00136152635444	1232.50585748	2350	0.118090561504	269.743368924	36.1268085106	2103.93573088	4	0	0					
 P03	1	0	1944	37.0092592593	1.37397119342	0.0110256941689	0.00169280979446	995.927071853	2872	0.125016264905	242.999678822	27.1838440111	1770.71408601	4	0	0					
 P04	1	0	2048	10.6201171875	0.3486328125	0.00355491774877	0.000428756093036	931.20544795	763	0.122397530342	265.782477951	30.3813892529	1854.34369089	4	0	0					
 P05	1	0	843	88.7900355872	3.24792408066	0.0264607785819	0.00359734518058	1107.89080646	2998	0.136262138639	298.98887465	27.4659773182	2035.08825368	4	0	0					
 P06	1	0	1834	41.0474372955	1.70174482007	0.0125378967072	0.0023417327915	1065.46466372	3396	0.124017320183	246.475688369	24.4019434629	1835.96953688	4	0	0					
 P07	1	0	1986	9.55035246727	0.249244712991	0.00366953898046	0.000314355007202	993.552712953	531	0.131511320318	367.190155796	38.6723163842	2234.63088039	4	0	0					
 P08	1	0	1821	9.35859417902	0.264689730917	0.00318405554677	0.000304084882209	977.200227353	509	0.128594634678	318.263726343	35.7976424361	2062.51771787	4	0	0					
 P09	1	0	917	9.01308615049	0.191930207197	0.0041590358535	0.000200621349207	1015.04131997	207	0.169459041878	614.06643734	49.2657004831	3029.26088871	4	0	0					
 P10	1	0	1827	10.8472906404	0.325123152709	0.00307819887949	0.000376423058212	982.416230726	656	0.121972737807	283.488015756	33.1600609756	1966.48385941	4	0	0					
 P11	1	0	1931	11.3930605904	0.317452097359	0.00331765733272	0.000372132551597	989.001448417	668	0.124146627593	272.237703355	35.5179640719	1897.79495793	4	0	0					
 P12	1	0	1927	10.1691748832	0.283341982356	0.00379346903234	0.000344346838786	1072.28466763	580	0.131730002961	379.423810388	36.2275862069	2314.71922728	4	0	0					
 P13	1	0	2153	6.58801672085	0.179284718997	0.00234145398059	0.000243463042705	1058.99387618	422	0.125592778378	320.465675357	37.0734597156	2155.68224071	4	0	0					
 P14	1	0	1971	11.6204972095	0.345509893455	0.00369660604505	0.000452922977274	1014.15743743	729	0.122138827982	273.848631991	33.4087791495	1963.05210773	4	0	0					
 P15	1	0	1914	132.15308255	5.32654127482	0.0557939791305	0.00693266519203	1916.6101242	11038	0.14596140534	567.607829206	25.0174850516	3635.69913658	4	0	0					
 P16	1	0	2023	8.79485912012	0.274839347504	0.0034477552673	0.000358233272665	1018.85515192	598	0.1253785	353.063797485	32.2959866221	2358.52332252	4	0	0					
 P17	1	0	1985	8.71435768262	0.288664987406	0.00368755333513	0.000374798925849	967.679086113	622	0.130388451779	324.826646925	30.7057877814	2021.09051638	4	0	0					
 P18	1	0	1927	9.01193565127	0.266216917488	0.00315175106879	0.000340661098524	1011.52910596	546	0.122576088254	332.931129295	33.3992673993	2133.51640602	4	0	0					
 P19	1	0	1968	10.2672764228	0.29674796748	0.00315815823037	0.000373970380383	949.035083176	625	0.120206694252	273.683344398	34.9168	1883.78620114	4	0	0					
 P20	1	0	1882	7.23326248672	0.220510095643	0.00248855156921	0.000271307214901	931.417066417	449	0.130271996471	305.796382719	33.1781737194	1877.17827433	4	0	0					
 P21	1	0	2041	10.418422342	0.322390984811	0.00336501351704	0.000413024280198	916.852768674	717	0.120148715206	271.64202259	32.1743375174	1917.65133665	4	0	0					
 P22	1	0	1965	12.5119592875	0.387786259542	0.00407159295948	0.000467489586353	939.167667306	819	0.123410171391	256.395975471	31.8901098901	1776.64989196	4	0	0					
 P23	1	0	1910	9.97382198953	0.337696335079	0.00268469985764	0.000401931799414	946.834528042	706	0.119723158689	228.794808752	30.2110481586	1742.83787094	4	0	0					
 P24	1	0	1797	31.5447968837	1.03116304953	0.00859116402573	0.00121634902304	1305.11984795	2009	0.116576871316	305.510156405	30.8670980587	2343.42316031	4	0	0					
