Well	Plane	Timepoint	Cell Selected - Number of Objects	Cell Selected - Total Spot Area - Mean per Well	Cell Selected - Number of Spots - Mean per Well	Cell Selected - Relative Spot Intensity - Mean per Well	Cell Selected - Number of Spots per Area of Cytoplasm - Mean per Well	Cell Selected - Intensity Cytoplasm Mean - Mean per Well	Spots Selected - Number of Objects	Spots Selected - Relative Spot  Intensity - Mean per Well	Spots Selected - Corrected Spot  Intensity - Mean per Well	Spots Selected - Spot Area [px²] - Mean per Well	Spots Selected - Intensity Spot Mean - Mean per Well	Number of Analyzed Fields	Height [µm]	Time [s]	Compound	Concentration	Cell Type	Cell Count	
A01	1	0	1860	44.8333333333	1.61666666667	0.013081993821	0.00213986646925	1294.85028084	3310	0.1261505104	309.240643908	27.8220543807	2266.22247108	4	0	0					
A02	1	0	1848	5.06655844156	0.114718614719	0.00172063800224	0.000134866741954	895.093616652	236	0.135912758653	305.797798308	44.9110169492	2016.92223924	4	0	0					
A03	1	0	2267	8.23731804146	0.318923687693	0.00275848905211	0.000415447272478	1061.33816675	769	0.125541215641	309.923067818	26.0351105332	2129.01791501	4	0	0					
A04	1	0	2111	7.24017053529	0.255802936997	0.00287664602464	0.000327110202278	993.43764929	593	0.131942573271	316.793541861	28.5311973019	2061.41295343	4	0	0					
A05	1	0	2213	9.19385449616	0.291911432445	0.00346309570198	0.000358460968023	1050.94345861	708	0.133902149199	378.077119288	31.8559322034	2349.03023081	4	0	0					
A06	1	0	2279	7.02501096972	0.241772707328	0.00245538450772	0.000308569304457	1078.06495291	604	0.126253565419	322.665589397	30.0099337748	2179.6228804	4	0	0					
A07	1	0	2244	8.80793226381	0.249554367201	0.00358364289808	0.000326299707502	1032.24642146	618	0.13073443277	372.199483387	35.7330097087	2410.65502327	4	0	0					
A08	1	0	2180	7.20321100917	0.217431192661	0.0030411073083	0.000286563086845	1080.14804375	517	0.134173114318	393.929352377	33.6518375242	2436.11751784	4	0	0					
A09	1	0	2114	10.0075685904	0.280037842952	0.00389686576451	0.000366308097664	1091.18183712	656	0.12977717126	386.561326484	36.8307926829	2400.13594447	4	0	0					
A10	1	0	2125	69.7228235294	2.89129411765	0.0224434921289	0.0037092416421	1450.76191401	6638	0.128782549254	354.31536676	24.387616752	2590.39598823	4	0	0					
A11	1	0	1875	11.736	0.256	0.00306959773474	0.000285460365765	1120.14087525	519	0.126175094781	320.949004547	46.6030828516	2168.34852572	4	0	0					
A12	1	0	2080	8.58365384615	0.241346153846	0.00267272547466	0.000299433656451	1002.32171827	540	0.125434547121	271.105081446	35.8074074074	1930.92636895	4	0	0					
A13	1	0	2042	8.81537708129	0.241429970617	0.00327273437702	0.000306682986335	1065.84402498	536	0.133005627813	376.918182531	36.1604477612	2406.5788046	4	0	0					
A14	1	0	2213	6.68278355174	0.184365115228	0.0022233253246	0.00027286083984	1209.8307128	433	0.121764714613	294.581541446	36.6697459584	2156.19311273	4	0	0					
A15	1	0	2284	8.84325744308	0.232486865149	0.00264839675519	0.000300318048625	1105.02376159	561	0.123271327999	325.579694781	38.5650623886	2319.09636906	4	0	0					
A16	1	0	1813	149.413678985	5.88472145615	0.0801498697802	0.00807954260388	3156.1754468	11717	0.162631629404	1096.95793678	25.7787829649	6316.13565406	4	0	0					
A17	1	0	2485	8.79959758551	0.235412474849	0.00341682333074	0.000315198883727	1047.76263993	631	0.129407916006	357.778736124	38.2709984152	2219.27044534	4	0	0					
A18	1	0	2495	9.67695390782	0.302204408818	0.00342377660116	0.00038861193868	1034.59439655	825	0.124288920938	326.793069106	32.2533333333	2213.27804822	4	0	0					
A19	1	0	2626	9.36557501904	0.283701447068	0.00307755852152	0.000370206917756	965.099442422	799	0.120110440878	254.883940886	33.266583229	1804.51455113	4	0	0					
A20	1	0	2453	10.0558499796	0.27721157766	0.00325967428456	0.000348025251971	983.992601082	730	0.12881715204	307.897525422	36.3178082192	1999.36322001	4	0	0					
A21	1	0	929	6.38428417653	0.110871905274	0.00350307040298	0.000169590393083	982.843008485	113	0.156606845894	471.415534695	58.7699115044	2326.62696536	4	0	0					
A22	1	0	1835	9.11825613079	0.203269754768	0.00420226312115	0.000328009838317	1021.58787573	412	0.133656711481	467.655966358	44.4150485437	2660.39303285	4	0	0					
A23	1	0	2000	100.0445	3.954	0.0410402310467	0.00579797861859	1625.40438107	8753	0.144697138403	430.133595622	25.4467039872	2779.36781023	4	0	0					
A24	1	0	2160	11.3986111111	0.323611111111	0.004162896302	0.000395772703336	1059.05238186	746	0.132998973697	386.205359603	35.5831099196	2487.78676892	4	0	0					
B01	1	0	2192	54.5378649635	2.16605839416	0.0165453873877	0.00290571398734	1212.94382812	5058	0.129190698077	282.765986088	25.3485567418	2035.42613422	4	0	0					
B02	1	0	2363	7.66864155734	0.216673719848	0.0031747736945	0.000290225088896	1013.48743979	571	0.128247795785	366.646344471	35.3870402802	2229.54715377	4	0	0					
B03	1	0	2248	10.3816725979	0.318950177936	0.003791902285	0.000419266356441	1046.95517835	781	0.126243259085	356.294646804	32.3790012804	2361.10007167	4	0	0					
B04	1	0	2341	8.649295173	0.284920973943	0.00319365637069	0.000374599771971	1025.38143365	717	0.127456711346	349.453201334	30.6513249651	2342.62593287	4	0	0					
B05	1	0	2370	9.0358649789	0.257383966245	0.00318119920652	0.000345964312901	1053.61926057	655	0.125536380493	320.162125843	35.5435114504	2129.46259596	4	0	0					
B06	1	0	2426	7.87798845837	0.206100577082	0.00318789182671	0.000281191007865	992.413831173	547	0.133813506266	368.451079784	38.886654479	2251.72328477	4	0	0					
B07	1	0	2366	7.92899408284	0.242603550296	0.00289070372858	0.000326823113376	1008.53664349	626	0.12712018948	328.822992504	33.4552715655	2183.53641921	4	0	0					
B08	1	0	2252	9.43694493783	0.282859680284	0.0033168965538	0.000359131586774	1052.81087973	698	0.124689983419	356.690678989	34.0873925501	2350.92996951	4	0	0					
B09	1	0	2402	7.44629475437	0.189009159034	0.00254268605114	0.000266945545602	1069.24539834	491	0.124760463428	326.341871753	39.5682281059	2188.32990943	4	0	0					
B10	1	0	2397	7.80058406341	0.221109720484	0.00268272502242	0.000299987736441	1105.26561117	578	0.124473333887	348.325839411	35.5242214533	2258.18480229	4	0	0					
B11	1	0	2434	8.56573541495	0.216105176664	0.00296773775869	0.000310416249499	1086.17348889	567	0.121903041737	292.706394847	40.0088183422	2070.72752822	4	0	0					
B12	1	0	2332	8.02572898799	0.250428816467	0.00317526475176	0.000334786617856	1100.58929046	629	0.128538273495	376.690981245	32.3020667727	2373.45655076	4	0	0					
B13	1	0	2452	9.06076672104	0.265089722675	0.003139776321	0.000336832066308	1068.62728743	706	0.126724174725	319.002456465	34.4050991501	2127.44099388	4	0	0					
B14	1	0	2454	6.37734311328	0.172779136104	0.00214683273776	0.000231406218153	998.287702175	455	0.128776068291	318.334243925	37.1582417582	2032.23400538	4	0	0					
B15	1	0	2488	8.1036977492	0.244372990354	0.00274540010098	0.000324206397238	1083.5162327	651	0.124151957246	338.523952001	33.4224270353	2285.45940242	4	0	0					
B16	1	0	2404	8.92179700499	0.257487520799	0.00302533892155	0.000336346252795	1045.08982372	675	0.123465389047	302.707242328	34.7837037037	2142.37301875	4	0	0					
B17	1	0	2261	8.96063688633	0.254312251216	0.00298225049585	0.000332420870622	1070.99989521	635	0.123457247033	312.370069311	35.9527559055	2154.36545612	4	0	0					
B18	1	0	2350	7.31914893617	0.19829787234	0.00284730172842	0.000261373087179	1116.42229765	510	0.128167797297	439.638348183	37.4117647059	2756.05036255	4	0	0					
B19	1	0	2303	8.23968736431	0.24967433782	0.00287741999176	0.000307865410288	1013.07641207	621	0.125833850886	323.923568211	33.4911433172	2070.95608709	4	0	0					
B20	1	0	2265	9.88079470199	0.331125827815	0.00301440582966	0.000407185380104	1051.43182612	802	0.122978742504	282.974754841	29.6907730673	2009.45587161	4	0	0					
B21	1	0	2335	9.1147751606	0.292505353319	0.0031506453273	0.000390189021716	974.286845489	743	0.120949869011	274.462489153	31.1036339166	1949.08088284	4	0	0					
B22	1	0	2251	8.05419813416	0.265215459796	0.00329455872951	0.000344714959943	967.107248492	644	0.131242402725	363.195819286	30.4037267081	2164.87041922	4	0	0					
B23	1	0	2111	114.091425865	4.88441496921	0.0504075404251	0.00695894402455	1479.22728573	11203	0.150951325438	442.881454722	23.6732125324	2709.63873876	4	0	0					
B24	1	0	2182	10.9628780935	0.29972502291499997	0.00383730939204	0.000354300164781	1194.21746964	695	0.130217737608	486.190709207	36.4848920863	3038.76295598	4	0	0					
C01	1	0	1966	120.879959308	4.67599186165	0.0512050496025	0.0067957193892	1660.27196766	9963	0.148869734384	472.12545387	26.2378801566	2956.52530077	4	0	0					
C02	1	0	2111	9.80814779725	0.275698720985	0.003600066948	0.000334526243508	989.086106672	628	0.13144105791	351.610224107	35.2197452229	2205.9488889	4	0	0					
C03	1	0	2025	9.75456790123	0.25975308642	0.00336155853438	0.000296691921925	946.257019913	576	0.129842620716	332.549164205	37.3506944444	2041.52891651	4	0	0					
C04	1	0	2149	12.0953932061	0.246161005119	0.00450430318968	0.000315998403421	1135.55094506	565	0.131222818142	421.790315949	49.1646017699	2679.28279018	4	0	0					
C05	1	0	2223	11.2995951417	0.293747188484	0.00369473792869	0.000365655975645	993.316420736	710	0.120654900222	277.451811787	38.4281690141	1924.8715381	4	0	0					
C06	1	0	2288	9.62631118881	0.252185314685	0.00339467677279	0.00033444727474	1030.60910387	620	0.124240994853	300.429225326	37.935483871	1958.77636571	4	0	0					
C07	1	0	2274	8.94415127529	0.273966578716	0.00326373974311	0.000361593362832	1101.6098685	662	0.130422557717	357.548238828	33.1163141994	2298.55248172	4	0	0					
C08	1	0	2405	8.32972972973	0.255301455301	0.00354827280172	0.000338821094619	1063.24439997	660	0.131693503633	381.507472406	32.496969697	2394.8971331	4	0	0					
C09	1	0	2223	9.35852451642	0.285650022492	0.00339121858975	0.000354481227771	1053.10554344	690	0.128217174794	329.138284596	33.2304347826	2141.12332987	4	0	0					
C10	1	0	2135	9.46135831382	0.267447306792	0.00393537964715	0.000329690628703	1056.03608721	634	0.131708013823	396.005838384	35.665615142	2541.72141872	4	0	0					
C11	1	0	2109	9.92413466098	0.310573731626	0.00359559611384	0.000383579902012	1028.76757288	701	0.127506056443	317.754390635	31.9757489301	2101.4032049	4	0	0					
C12	1	0	2207	8.17353874037	0.237426370639	0.00287057713991	0.000301878945345	989.071429161	557	0.124781841963	340.26412788	34.5188509874	2205.19541736	4	0	0					
C13	1	0	2327	10.1976794156	0.283626987538	0.00403527511957	0.000352851052657	1080.81827738	710	0.132857574408	394.933343752	36.4985915493	2364.01268184	4	0	0					
C14	1	0	2247	11.0360480641	0.313306631064	0.00340601982506	0.000398524094216	1067.68552093	761	0.120473497957	275.903820567	35.8475689882	1985.32189184	4	0	0					
C15	1	0	2299	8.68595041322	0.2366246194	0.00343456447548	0.000300485074094	1091.2323482	593	0.135369217371	475.178057512	36.7386172007	2854.1693075	4	0	0					
C16	1	0	2216	98.1777978339	3.96119133574	0.0392864132529	0.00597410481289	1573.41495463	9396	0.139808701439	418.641729262	24.9275223499	2781.12046183	4	0	0					
C17	1	0	2578	8.73351435221	0.255624515128	0.00342533692562	0.000349210643399	1030.25863652	730	0.12556081507	346.24713365	35.1178082192	2223.26622939	4	0	0					
C18	1	0	2337	9.54129225503	0.259306803594	0.00319849695942	0.000327147738502	1005.07982373	654	0.122265048933	320.2155441	37.004587156	2125.1611552	4	0	0					
C19	1	0	1496	15.2266042781	0.472593582888	0.00346567412365	0.00037002054393	970.632681863	805	0.126708632711	310.546688479	32.3192546584	1970.27901956	4	0	0					
C20	1	0	2398	9.4516263553	0.285237698082	0.00360687381667	0.000360590119556	991.396700286	751	0.126976926203	366.120848741	33.6471371505	2345.97511773	4	0	0					
C21	1	0	2119	81.3699858424	3.22321849929	0.0291676732216	0.00463684326691	1247.57227034	7429	0.135357053444	324.152125618	25.4303405573	2193.70188135	4	0	0					
C22	1	0	2471	9.06798866856	0.292594091461	0.00293433039411	0.000386173184537	913.248431722	775	0.122280002344	240.181349556	31.8877419355	1698.34818314	4	0	0					
C23	1	0	2382	65.9622166247	2.50839630563	0.0212514773594	0.00344259394596	1258.79954135	6447	0.131698664524	306.231963791	26.4789824725	2169.80186948	4	0	0					
C24	1	0	2256	9.00886524823	0.254875886525	0.00337903908881	0.000326687063864	987.678771743	637	0.130375876853	390.941645903	35.9686028257	2391.7735542	4	0	0					
D01	1	0	2298	91.8720626632	3.50783289817	0.0356122325706	0.00489297701008	1508.6941131	8679	0.142147767978	422.657401163	26.4550063371	2781.60395345	4	0	0					
D02	1	0	2350	116.128510638	5.05489361702	0.0499629640629	0.00724317476341	1971.84401467	12819	0.151871775866	498.808308585	23.1005538654	3066.51762245	4	0	0					
D03	1	0	2592	8.39660493827	0.237654320988	0.00316660454196	0.000326754369455	994.356010941	667	0.127267189531	307.491036288	35.5217391304	2013.17953872	4	0	0					
D04	1	0	2428	9.26812191104	0.258649093904	0.00335604624173	0.000344954746831	966.81471233	676	0.126601257373	302.007795307	35.9866863905	2081.43792542	4	0	0					
D05	1	0	2395	9.05636743215	0.311064718163	0.00325127998618	0.000385851806662	996.110910888	803	0.125103031984	319.982404952	29.4383561644	2094.89778161	4	0	0					
D06	1	0	2363	10.0685569192	0.259415996614	0.00389001861354	0.000333059087029	1036.12744117	648	0.132984775135	383.356222457	39.149691358	2303.07543049	4	0	0					
D07	1	0	2498	11.6373098479	0.432345876701	0.00348046056516	0.000496924424444	1064.29544666	1184	0.122127526934	296.311332314	27.3521959459	2104.27628582	4	0	0					
D08	1	0	2503	9.6068717539	0.275669196964	0.00328586711865	0.000358477163081	1055.75735163	760	0.12608913751	328.14040672	35.5105263158	2242.92675369	4	0	0					
D09	1	0	1776	8.53040540541	0.259572072072	0.00271339899998	0.000316468746385	1035.50199415	494	0.122637099976	298.439682612	33.036437247	2059.67431802	3	0	0					
D10	1	0	2209	51.103214124	2.08601177003	0.0176478202518	0.00265603090641	1175.93379833	4970	0.136221515098	346.42655942	24.832193159	2292.77866088	4	0	0					
D11	1	0	2227	8.81679389313	0.251010327795	0.00313043457175	0.000318840589607	1055.56899065	612	0.125873346527	353.92096253	35.5130718954	2250.90460071	4	0	0					
D12	1	0	2361	10.265141889	0.30029648454	0.00323242045959	0.000381786451438	1054.24350593	754	0.120574368822	314.226329709	34.4774535809	2183.88320976	4	0	0					
D13	1	0	2593	7.53490165831	0.213652140378	0.0032479718521	0.000281877352589	1165.33029586	611	0.132196063403	435.307128875	35.7692307692	2611.60692096	4	0	0					
D14	1	0	1899	13.37388099	0.374407582938	0.00257796061433	0.000337984005371	982.673607462	855	0.123377933513	247.06524844	37.8116959064	1749.62369028	4	0	0					
D15	1	0	2441	9.71569029086	0.266693977878	0.00336919451717	0.00033946283432	1072.17034894	697	0.128160618207	369.190783888	36.2611190818	2405.39036558	4	0	0					
D16	1	0	2471	8.8757588021	0.270335896398	0.00281936349926	0.000342530296637	1006.09974501	712	0.123380176505	284.923138934	32.8974719101	2009.11744671	4	0	0					
D17	1	0	2642	8.39818319455	0.254731264194	0.00277469119905	0.000327505433938	1029.70922316	722	0.123694736118	306.946615241	33.4099722992	2052.59992906	4	0	0					
D18	1	0	2323	10.1201033147	0.290142057684	0.00328339840006	0.000385093375761	1025.48433149	727	0.123784297166	281.958499479	35.3576341128	1949.87774759	4	0	0					
D19	1	0	2191	46.2898219991	1.57462345961	0.0166520952453	0.00256850155273	1272.89952218	3638	0.126568043445	307.413920121	29.4474986256	2200.67875876	4	0	0					
D20	1	0	2265	8.47196467991	0.257836644592	0.00255814441815	0.000316159627642	947.979418035	618	0.121326746554	274.970649139	32.8381877023	1922.78280435	4	0	0					
D21	1	0	2408	10.0892857143	0.323504983389	0.0037040095002	0.000438001471524	894.998385803	855	0.122343811273	266.558160584	31.1040935673	1829.19493983	4	0	0					
D22	1	0	1942	10.1261585994	0.327497425335	0.00284905526768	0.000353127322927	980.011001292	699	0.122667314437	278.276355259	31.1287553648	1951.81393444	4	0	0					
D23	1	0	2266	103.000441306	3.84421888791	0.0423687731251	0.00533225221821	1665.46862039	9415	0.143052949601	482.923051005	27.1146043548	3072.28532165	4	0	0					
D24	1	0	2073	107.656054028	4.99228171732	0.046167913195	0.00711621686043	1524.66708308	11343	0.148652634075	439.931386097	21.7737811866	2751.15123438	4	0	0					
E01	1	0	2148	60.7960893855	1.94506517691	0.0198828315971	0.0025582749476	1281.85947579	4489	0.124636693193	312.105084502	31.6480285141	2352.710309	4	0	0					
E02	1	0	1949	90.4145715752	3.39610056439	0.0315340687105	0.00453033887333	1360.8642716	7177	0.139182481643	350.423705518	26.8771074265	2347.7833156	4	0	0					
E03	1	0	1999	10.8674337169	0.32116058029	0.00412092860059	0.000394147129209	980.965600676	700	0.130556103319	348.484348996	34.0242857143	2255.89236223	4	0	0					
E04	1	0	2202	9.79972752044	0.276566757493	0.00327413639512	0.000337980303671	990.610025522	663	0.12517180674	293.511888123	35.4841628959	1999.00746379	4	0	0					
E05	1	0	1123	18.7631344613	0.538735529831	0.00541141711296	0.000526364671514	1009.608884	641	0.125386702435	274.063081405	34.6365054602	1821.26645702	4	0	0					
E06	1	0	2338	7.9880239521	0.230966638152	0.00256398852289	0.000290043916178	994.720845554	582	0.123173564233	276.217368931	34.8333333333	1867.63602419	4	0	0					
E07	1	0	2316	9.33074265976	0.280656303972	0.00268277461787	0.000339120268554	1026.62158358	698	0.121283252717	279.805249767	33.38252149	1970.04937235	4	0	0					
E08	1	0	2243	9.67320552831	0.293802942488	0.00341927612437	0.00036284298568	1014.67048761	714	0.126088683232	313.019710367	33.0966386555	2096.17642728	4	0	0					
E09	1	0	2255	7.27095343681	0.184478935698	0.00316412267317	0.000273623807599	995.886489742	448	0.132662545794	368.771979159	39.8080357143	2291.9732139	4	0	0					
E10	1	0	2180	9.91788990826	0.273853211009	0.0031263005963	0.00033985075365299997	1067.97202611	634	0.121012667601	315.493500765	36.3548895899	2226.56360345	4	0	0					
E11	1	0	2295	10.6897603486	0.292810457516	0.00328568736555	0.000360596554647	1051.01696231	735	0.124268279711	335.860864149	37.0204081633	2304.44220539	4	0	0					
E12	1	0	2081	9.7751081211	0.294569918309	0.00346767805427	0.000358747373937	1071.06733932	673	0.126034556188	357.741781208	33.4888558692	2423.16943044	4	0	0					
E13	1	0	2221	8.90004502476	0.251688428636	0.00327328507605	0.000306213282736	1065.92795204	606	0.129399160911	431.837705654	35.902640264	2838.19417481	4	0	0					
E14	1	0	2085	10.8964028777	0.337649880096	0.00345132649767	0.000418157578888	1027.42724887	769	0.123750601277	283.33144772	33.0936280884	1947.19148453	4	0	0					
E15	1	0	2375	28.0071578947	1.03789473684	0.00901688580156	0.00135439017718	1129.91668859	2674	0.123300038035	303.208942779	27.2905759162	2192.7143443	4	0	0					
E16	1	0	2323	9.91734825656	0.302195436935	0.00339104748794	0.000377975064814	1042.88196914	738	0.123040392795	315.259713176	32.8685636856	2122.76795109	4	0	0					
E17	1	0	2377	10.956668069	0.344972654607	0.00378776703765	0.000434337069868	1022.40003077	867	0.124430978555	321.234189159	31.9988465975	2165.92174214	4	0	0					
E18	1	0	2580	9.29224806202	0.303875968992	0.00303803981774	0.00040793094319	1027.97110134	828	0.120214055801	271.819767667	31.018115942	1947.85167248	4	0	0					
E19	1	0	2409	9.65421336654	0.270651722707	0.00322775992872	0.000340983277603	1001.54433402	703	0.123759257005	294.725941576	36.5291607397	2003.03227597	4	0	0					
E20	1	0	2131	52.7264195214	2.26278742374	0.0165071458367	0.00295972965025	1120.13613173	5294	0.128152183773	277.178645955	23.550245561	2003.360002	4	0	0					
E21	1	0	2441	9.06759524785	0.249897582958	0.00277414794889	0.000330611447542	951.885105766	652	0.117233102196	258.269552877	36.6794478528	1906.89304347	4	0	0					
E22	1	0	2299	10.7120487168	0.337538060026	0.00348919762295	0.000417816264855	934.05534426	854	0.120508267421	263.071789725	31.5245901639	1880.82638729	4	0	0					
E23	1	0	2273	51.6744390673	1.81786185658	0.0163956544861	0.00239376721102	1210.2227969	4437	0.123295449786	286.767841468	28.7622267298	2161.25687558	4	0	0					
E24	1	0	2227	102.978895375	4.05702739111	0.0393994974905	0.00572734482051	1817.78639272	9735	0.141170412533	480.445201345	25.540626605	3163.52649474	4	0	0					
F01	1	0	2477	9.21396851029	0.239806217198	0.00313061053727	0.000307816811917	876.281801379	644	0.123308043873	266.290497659	39.2406832298	1801.34306964	4	0	0					
F02	1	0	2347	96.8662121858	3.92799318279	0.03516679803	0.00525698253637	1382.17365366	10040	0.142431791316	372.491830502	24.7019920319	2420.37869222	4	0	0					
F03	1	0	2286	10.8162729659	0.363954505687	0.00278676800742	0.00044095353012	932.209517948	888	0.117364853804	221.469443687	29.6531531532	1742.24613499	4	0	0					
F04	1	0	2338	11.3254918734	0.317365269461	0.00307632351316	0.00037445977222	978.410246729	835	0.122072801631	262.321081701	36.5389221557	1858.27663069	4	0	0					
F05	1	0	1976	9.16953441296	0.300101214575	0.00278387876193	0.000294501913769	1005.09680517	653	0.126150341977	336.358828634	31.6967840735	2205.40010855	4	0	0					
F06	1	0	2311	17.5491129381	0.572912159238	0.00456218027204	0.000689815115465	1045.55916524	1422	0.115308731264	227.085259506	30.8016877637	1825.16940467	4	0	0					
F07	1	0	2341	9.15976078599	0.304143528407	0.00306623860207	0.000368958877734	1038.02812786	760	0.124971067482	299.895885881	30.1973684211	2019.81626498	4	0	0					
F08	1	0	2387	18.237117721	0.627565982405	0.00496260907974	0.000777030651889	1056.32494481	1619	0.118534904795	242.127280521	29.1488573193	1878.19234848	4	0	0					
F09	1	0	2499	8.17086834734	0.325730292117	0.00216722377468	0.000397673881229	1096.65268624	894	0.118393556953	242.236588684	25.4586129754	1830.53817955	4	0	0					
F10	1	0	2283	10.4866403855	0.326763031099	0.00350991169293	0.000397143452328	1020.01878672	809	0.124155380224	304.456470126	32.4684796044	2080.26042314	4	0	0					
F11	1	0	2318	8.7955133736	0.240724762726	0.00260702258701	0.000284854730879	1057.30397561	620	0.124286194385	317.960164886	37.2451612903	2215.9916952	4	0	0					
F12	1	0	2373	9.20648967552	0.310577328276	0.0028920157218	0.00038990441971	1018.00233191	795	0.124074201023	273.784892307	29.8188679245	1912.42959808	4	0	0					
F13	1	0	2451	7.46470828233	0.196246430029	0.00286711374131	0.000251118234118	1011.66287226	505	0.1334782932	364.62709104	38.5841584158	2260.84052421	4	0	0					
F14	1	0	2259	11.6387782205	0.343072155821	0.00350578455224	0.000427156549767	1003.49645147	843	0.121438028098	263.372847247	34.2574139976	1904.41564493	4	0	0					
F15	1	0	2141	129.487622606	6.17982251284	0.0663890131218	0.00894170373962	2177.64760487	14207	0.158127599617	694.774880186	21.1126205392	4105.78108223	4	0	0					
F16	1	0	2435	11.6439425051	0.316632443532	0.00370135170854	0.0003937997911	1085.50172899	831	0.126675370924	387.95660966	37.2129963899	2521.54316575	4	0	0					
F17	1	0	2318	7.05220017256	0.215271786022	0.00263348413434	0.000271657215297	1003.76574066	536	0.126296098479	349.791308689	33.9141791045	2290.52875225	4	0	0					
F18	1	0	2445	9.7717791411	0.285071574642	0.00319055061154	0.000358949835903	1018.60816335	744	0.12096721876	295.514572441	35.0161290323	2008.2901481	4	0	0					
F19	1	0	2337	9.1215233205	0.282413350449	0.00294462361542	0.000357999639326	953.280026495	693	0.118821616286	251.7675869	32.3650793651	1777.89909465	4	0	0					
F20	1	0	2385	8.66498951782	0.337945492662	0.00269898923361	0.000435987246587	926.708022944	881	0.118410282234	245.306643433	26.1532349603	1833.70999996	4	0	0					
F21	1	0	741	15.4480431849	0.371120107962	0.00407797474884	0.000370163066293	760.275784668	304	0.137624371567	250.809682371	43.5328947368	1535.04521394	4	0	0					
F22	1	0	2119	19.5077866918	0.758376592732	0.00533845683298	0.000934499599896	928.508738284	1735	0.118977093904	207.912912269	26.0766570605	1608.64977996	4	0	0					
F23	1	0	2354	7.70305862362	0.249787595582	0.00225235067405	0.000321630778328	1099.25593943	623	0.11762328061	235.471288481	30.937399679	1758.68599068	4	0	0					
F24	1	0	2158	80.9745134384	3.29749768304	0.0274690020765	0.00453722937747	1747.47749404	7718	0.135529100941	439.30492926	24.7746825602	3003.83088246	4	0	0					
G01	1	0	2252	9.59902309059	0.291740674956	0.00301275283793	0.000368739687949	913.277689675	709	0.123533776024	265.38416118599997	33.0211565585	1851.68363212	4	0	0					
G02	1	0	1861	138.724341752	5.2283718431	0.0828883463357	0.00744698353388	2568.33717385	10421	0.166201376876	942.541005216	26.7281450916	5301.6334562	4	0	0					
G03	1	0	1988	10.2424547284	0.293259557344	0.00313794314798	0.000348134016351	958.814545582	648	0.123312264207	275.973456098	34.7808641975	1958.71763043	4	0	0					
G04	1	0	2164	10.1270794824	0.298059149723	0.00341643384715	0.000373826004635	973.22682416	699	0.119985302607	259.740510303	33.5507868383	1806.2883799	4	0	0					
G05	1	0	2116	9.74858223062	0.312854442344	0.00312484660129	0.000382171629972	974.800028199	725	0.125450420299	300.025584659	30.924137931	2029.88390648	4	0	0					
G06	1	0	2394	10.067251462	0.271929824561	0.00334780183933	0.0003691001877	1003.07171529	707	0.12367919558	299.570174291	37.6548797737	1995.13079821	4	0	0					
G07	1	0	2265	9.65518763797	0.308167770419	0.00322266387638	0.00038298106136	1032.12945461	767	0.12467277375	326.830569786	31.2464146023	2253.86908702	4	0	0					
G08	1	0	2117	10.4090694379	0.365139348134	0.00328658210194	0.000455500125709	996.120745327	839	0.124402894229	260.218404861	28.6615017878	1842.3527939	4	0	0					
G09	1	0	2191	10.7453217709	0.286170698311	0.00377475717397	0.000347806298547	1058.22260039	688	0.128934038382	365.342384478	37.6627906977	2297.5469205	4	0	0					
G10	1	0	2140	10.846728972	0.293457943925	0.00392430086482	0.000351243234763	1028.6315558	697	0.125384244763	334.239135081	36.4921090387	2201.39249082	4	0	0					
G11	1	0	2168	11.1955719557	0.316420664207	0.00415106181194	0.000410708981297	1062.17515743	747	0.126230004496	344.021234742	35.5970548862	2231.05129955	4	0	0					
G12	1	0	2003	11.8602096855	0.369445831253	0.00378157784529	0.000438881280019	1029.8998842	796	0.126182293945	309.229718536	32.2185929648	2077.94003857	4	0	0					
G13	1	0	2313	10.5853869434	0.33635970601	0.00388653666966	0.000426470865084	1080.26038759	849	0.129696735713	351.737581752	31.8150765607	2258.61374435	4	0	0					
G14	1	0	2297	10.4083587288	0.329560296038	0.00337761226018	0.00040565456594	1060.16602146	816	0.123149350402	315.501266596	32	2200.42898366	4	0	0					
G15	1	0	2389	12.4499790707	0.413980745082	0.00404971512196	0.000514158875471	1074.68838385	1073	0.122838076857	339.358240069	30.4836905871	2307.2639966	4	0	0					
G16	1	0	1128	12.2828014184	0.277482269504	0.0060885305007	0.000269034350545	989.880349004	347	0.172318798591	631.952749846	44.8847262248	3136.8771877	4	0	0					
G17	1	0	2283	12.2947875602	0.387209811651	0.00394050866809	0.000498298497475	1014.91498539	942	0.121145315752	275.40330049	31.9278131635	1936.17691476	4	0	0					
G18	1	0	2369	8.84423807514	0.281975517096	0.00283935586553	0.0003518877443	997.85474564	709	0.120869508416	295.918456648	31.6459802539	2026.35256309	4	0	0					
G19	1	0	2516	10.7611287758	0.341812400636	0.00371611471974	0.000422689389445	968.937178782	940	0.127037030299	321.026748779	31.3191489362	2088.49077203	4	0	0					
G20	1	0	2315	15.7157667387	0.561123110151	0.00482941721709	0.000728906334185	998.684978648	1385	0.12084899339	260.450926335	28.3653429603	1913.74432349	4	0	0					
G21	1	0	2086	5.57190795781	0.167785234899	0.00173077845163	0.000193704168246	875.855844902	395	0.131591569247	282.338156885	33.3367088608	1777.42357163	4	0	0					
G22	1	0	2252	10.4511545293	0.340586145648	0.00312803941908	0.000421268853641	958.007557172	860	0.121555333803	264.594583201	30.9860465116	1921.6383979	4	0	0					
G23	1	0	2335	7.22826552463	0.199143468951	0.00235228637543	0.000261214795551	1267.60523592	501	0.121275574759	362.532445819	36.4371257485	2321.96676946	4	0	0					
G24	1	0	2121	109.752475248	4.74776049033	0.045130421006	0.00639788020575	1589.59155776	11041	0.147005074636	446.109072536	23.2862059596	2824.82123108	4	0	0					
H01	1	0	2410	9.99626556017	0.324066390041	0.00342920034127	0.000416837196896	890.278511184	858	0.125680954599	267.745633219	31.013986014	1836.93833713	4	0	0					
H02	1	0	2352	44.6118197279	1.26573129252	0.012614868407	0.00165226757558	1122.43213903	3267	0.120323827137	245.918026979	35.1447811448	1914.74165985	4	0	0					
H03	1	0	2353	10.810879728	0.337866553336	0.00327334887711	0.00038547518009	977.595382381	868	0.122215096242	274.095027105	32.0587557604	1968.74579451	4	0	0					
H04	1	0	2419	10.2319140141	0.319966928483	0.00341852392303	0.00039596346061	991.018280752	840	0.123670160386	297.620738295	31.7488095238	2032.45203664	4	0	0					
H05	1	0	2094	8.27554918816	0.238299904489	0.00306661227499	0.000267184943834	967.463987749	565	0.135002123281	360.674039465	34.5097345133	2145.88563507	4	0	0					
H06	1	0	2366	10.5071851226	0.245984784446	0.0042200688722	0.000305114473834	1056.84985566	622	0.13174588541	451.689255147	42.9823151125	2749.34240161	4	0	0					
H07	1	0	2261	10.6983635559	0.30738611234	0.00370505013661	0.00038836623678	1030.04747562	751	0.125540016046	330.547082132	35.1491344874	2206.37179233	4	0	0					
H08	1	0	2197	10.5580336823	0.318161128812	0.0043541923193	0.000395093199462	1021.85641013	755	0.131216964452	392.831718914	33.3668874172	2397.48965808	4	0	0					
H09	1	0	2284	11.1125218914	0.355954465849	0.00413725548044	0.00043913521664	1031.600771	892	0.125538410734	337.14781074	31.3553811659	2207.33072544	4	0	0					
H10	1	0	2294	10.9032258065	0.329119442023	0.00295064548155	0.000385471331769	1069.94714117	820	0.117301455475	278.287357349	33.8707317073	2022.49825727	4	0	0					
H11	1	0	1803	22.3266777593	0.676650027732	0.00475359830077	0.000603851898454	1085.40796848	1375	0.123681210149	273.893210512	33.8123636364	1937.66939936	4	0	0					
H12	1	0	2466	12.4436334144	0.32400648824	0.00437894041616	0.000428206198184	1120.44713966	852	0.126958536564	373.678136455	38.2453051643	2492.80336307	4	0	0					
H13	1	0	2098	6.4037178265	0.212106768351	0.00221737522193	0.00027057036371	1024.2499955	493	0.123887191068	290.028230919	30.7890466531	1964.59644131	4	0	0					
H14	1	0	2336	10.383989726	0.354452054795	0.00373753725748	0.000432278407017	1048.11138348	901	0.126990480493	324.56017696	29.4306326304	2111.84619265	4	0	0					
H15	1	0	2181	144.118752866	6.25217790005	0.0689386716286	0.00843426438624	2094.85790819	14829	0.156868318061	660.462457976	23.2633353564	3902.36894561	4	0	0					
H16	1	0	2420	11.3623966942	0.398760330579	0.00398248876757	0.000483090956087	1098.26972376	1045	0.126565551173	344.408839631	28.5550239234	2299.74311444	4	0	0					
H17	1	0	2369	11.3389615872	0.368509919797	0.00336605214862	0.000472874323104	1019.15103382	942	0.119558379129	253.705143608	30.9851380042	1854.31417358	4	0	0					
H18	1	0	2234	10.1853178156	0.318263205013	0.00365474489984	0.000392816533895	1059.78414174	770	0.124815648431	321.714057941	32.5519480519	2248.47957954	4	0	0					
H19	1	0	2332	10.3567753002	0.308319039451	0.00340670991165	0.000374258265058	965.921636487	792	0.126172401056	292.199643245	33.7676767677	1958.9495833	4	0	0					
H20	1	0	2120	13.3528301887	0.456132075472	0.00426390436961	0.000546759193272	972.927061151	1039	0.122178175821	279.562872459	29.3012512031	1987.62786303	4	0	0					
H21	1	0	2233	11.0680698612	0.35736677116	0.00408683993042	0.000439642401896	947.63467479	873	0.128995901951	360.635860645	31.1466208477	2284.31346907	4	0	0					
H22	1	0	1409	7.46132008517	0.222143364088	0.00253281327901	0.000227078589248	839.999163776	335	0.133970363535	337.700385464	34.1611940299	2095.15234224	4	0	0					
H23	1	0	2001	10.1404297851	0.298350824588	0.00309358697031	0.00035917571355	910.016568447	648	0.124613675675	273.982614744	34.399691358	1846.3336269	4	0	0					
H24	1	0	2063	40.9365002424	1.39602520601	0.0117312217506	0.00181621485784	1063.61308755	3113	0.11981126478	236.04944944	29.5342113717	1838.56132056	4	0	0					
I01	1	0	1988	53.2032193159	2.1046277666	0.0160050121188	0.00274579956685	1216.87925857	4482	0.130820619925	294.4423525	25.3411423472	2099.11668138	4	0	0					
I02	1	0	1884	9.45753715499	0.242038216561	0.00280818776156	0.000287121500259	1013.13502651	496	0.121711396821	312.54544078	38.5745967742	2056.818445	4	0	0					
I03	1	0	2253	8.76298268975	0.2787394585	0.00263006055911	0.000355732049206	930.450164756	674	0.119820136059	245.012494471	31.1839762611	1813.85831041	4	0	0					
I04	1	0	2096	7.79389312977	0.239503816794	0.00283816515642	0.000311562192075	1313.14186109	556	0.126163501673	330.608728436	32.5863309353	2135.70871592	4	0	0					
I05	1	0	2083	9.77964474316	0.277964474316	0.00363219746295	0.000345289629178	996.272144233	642	0.131554654145	394.833511118	34.7398753894	2417.80839678	4	0	0					
I06	1	0	2191	10.1077133729	0.286170698311	0.00283872874537	0.000339558536351	1015.3421602	687	0.120477083842	283.812705577	35.0276564774	2030.61435043	4	0	0					
I07	1	0	2125	9.71058823529	0.288	0.00270456872835	0.00034298710402	1037.09873456	676	0.119681390856	261.46800736	34.124260355	1899.7221571	4	0	0					
I08	1	0	2066	10.0179090029	0.321878025169	0.00308079776627	0.000376949000777	1076.44042637	722	0.124438043418	314.324368805	31.4833795014	2175.92321424	4	0	0					
I09	1	0	1939	9.64363073749	0.298607529654	0.00290692780765	0.000353768948004	1000.1815604	632	0.121521369194	266.179821798	32.4240506329	1899.33959832	4	0	0					
I10	1	0	1971	10.3658041603	0.324708269914	0.00345177651882	0.000383553730448	1086.4716097	688	0.130725500269	392.756129623	31.7078488372	2470.39677065	4	0	0					
I11	1	0	2002	14.1838161838	0.419080919081	0.00446827744316	0.000483670993634	1134.34926169	909	0.125501784541	339.449396351	34.0220022002	2324.42855071	4	0	0					
I12	1	0	2107	9.93687707641	0.295206454675	0.00336605551087	0.000339914392332	1070.5407716	682	0.128279103488	373.781389669	33.6114369501	2406.81778119	4	0	0					
I13	1	0	2368	9.54011824324	0.271114864865	0.00318065425703	0.000348477824095	1016.27446707	705	0.123771367402	302.092710964	35.3744680851	2091.82153169	4	0	0					
I14	1	0	1981	106.184755174	4.63099444725	0.0407440441294	0.00607930730038	1613.82717004	9978	0.141240552706	460.457329813	23.053918621	3017.59947544	4	0	0					
I15	1	0	2154	10.0227483751	0.285979572888	0.0028173442134	0.000350564000622	992.547432384	676	0.116313160326	240.16346802	34.9955621302	1819.63746995	4	0	0					
I16	1	0	25	38	0.48	0.0142050003091	0.00105527472682	1122.12583915	17	0.122434597806	235.303843687	72.1176470588	1918.83407818	4	0	0					
I17	1	0	2301	10.5675793133	0.29074315515	0.00368815470271	0.00039357857976	998.653158945	712	0.123218820385	289.767365397	36.4073033708	2038.74184113	4	0	0					
I18	1	0	1763	16.1730005672	0.418604651163	0.00403273806512	0.000400597294097	1020.7085384	891	0.123770944028	307.804925084	39.0291806958	1992.39287325	4	0	0					
I19	1	0	2085	12.0316546763	0.380815347722	0.00401940276591	0.000497655821303	984.939989366	873	0.121826189583	281.328945893	31.7594501718	1964.69717719	4	0	0					
I20	1	0	2144	8.82929104478	0.29151119403	0.00244216108602	0.000361082841786	914.723478988	673	0.119240481613	229.160906855	30.6745913819	1707.02826985	4	0	0					
I21	1	0	2195	8.84738041002	0.313439635535	0.00266585914589	0.000409257203131	911.654525277	726	0.119154186375	217.839714525	28.3305785124	1644.91129423	4	0	0					
I22	1	0	2105	95.9653206651	4.23705463183	0.0351904005084	0.00589911030266	1411.97312538	9589	0.138244013524	365.953480823	22.9275211179	2477.27948721	4	0	0					
I23	1	0	2245	105.327394209	4.6280623608	0.0427204812568	0.0064438386122	1434.03823272	11164	0.147278710801	407.944922375	22.8805983518	2558.42949672	4	0	0					
I24	1	0	2232	8.58602150538	0.253584229391	0.00223289470234	0.000313633837423	1374.49349012	615	0.122317674549	327.312673209	34.0487804878	2401.93687615	4	0	0					
J01	1	0	2424	54.5165016502	2.20915841584	0.0164666560029	0.00292767607929	1217.71491523	5874	0.131304186588	298.195192208	24.866700715	2100.96741783	4	0	0					
J02	1	0	2477	10.3782801776	0.302785627776	0.00340018636134	0.000369406513353	964.136813845	783	0.127413063735	314.413276511	34.6487867178	2068.75614267	4	0	0					
J03	1	0	1903	4.68891224383	0.124540199685	0.00184796684027	0.000173208057438	999.921153488	253	0.129832004746	310.271976863	37.6679841897	2031.72815416	4	0	0					
J04	1	0	2334	10.146101114	0.355184233076	0.0032899527865	0.000441247647452	1016.34114758	909	0.12172736537	266.842042321	28.5170517052	1916.67600873	4	0	0					
J05	1	0	2354	9.45709430756	0.280798640612	0.00295270341452	0.000372673754856	998.631677098	728	0.121898718183	275.733947676	33.6909340659	1922.81271101	4	0	0					
J06	1	0	2390	9.40753138075	0.312970711297	0.00284838949377	0.000383076777036	1009.36630414	795	0.123267248971	302.237274172	30.0616352201	2072.42137596	4	0	0					
J07	1	0	2250	90.444	3.77155555556	0.0310685172362	0.00501599712922	1506.28936218	9005	0.13575245857	374.856539666	24.1833425875	2577.81757831	4	0	0					
J08	1	0	2329	8.60326320309	0.277372262774	0.00275054059608	0.000356376639997	969.864973859	708	0.120596039437	257.554866222	30.8403954802	1833.82885826	4	0	0					
J09	1	0	2475	10.2836363636	0.334949494949	0.00393198286936	0.000444546159924	1121.63000653	900	0.125644339842	354.553374586	30.7633333333	2363.95152185	4	0	0					
J10	1	0	2309	42.0948462538	1.61498484192	0.0121998251357	0.00212243471522	1363.88130463	3980	0.12202224399	301.106390224	26.1515075377	2306.27973815	4	0	0					
J11	1	0	1362	17.4911894273	0.62187958884	0.00317651625392	0.000495281779081	1000.53203024	955	0.119897934513	233.55561731	28.6879581152	1751.64047961	3	0	0					
J12	1	0	2426	9.94270403957	0.305028854081	0.00268065527394	0.000364845947877	1036.82322563	831	0.120270510375	245.307146799	32.7833935018	1820.52685082	4	0	0					
J13	1	0	2261	10.2335249889	0.360459973463	0.00304987686787	0.000450255759384	1018.36672175	887	0.118127657464	270.322436062	28.5456595265	1967.16935592	4	0	0					
J14	1	0	2335	12.3601713062	0.387152034261	0.00343106222309	0.000448536185216	1048.47607198	1010	0.11759322609	267.049728342	32	1968.53293675	4	0	0					
J15	1	0	2260	9.85530973451	0.291592920354	0.00294879072761	0.000355144450634	1065.53979532	715	0.124472921548	297.024712829	34.2573426573	2046.02741206	4	0	0					
J16	1	0	2301	10.4358974359	0.294219904389	0.00292287770275	0.000373355341993	1074.48579462	726	0.122689056126	280.107791373	35.2438016529	2018.0009451	4	0	0					
J17	1	0	2323	9.0099009901	0.266465777012	0.00268374191035	0.000341859875615	1021.59138625	659	0.118687088989	255.186099325	34.0257966616	1874.26840527	4	0	0					
J18	1	0	2257	9.14532565352	0.251218431546	0.00285175876629	0.000323879506971	1007.93480253	627	0.121238220546	274.266352432	36.4848484848	1961.06911487	4	0	0					
J19	1	0	1898	9.27924130664	0.222339304531	0.003269445594	0.000316763409827	936.218587482	443	0.129069127493	299.508999256	41.618510158	1935.40268803	4	0	0					
J20	1	0	2397	10.1022110972	0.329995828118	0.0032805008381	0.000423069252785	959.711306628	852	0.119534207576	259.330774734	30.5786384977	1850.49155658	4	0	0					
J21	1	0	1553	12.4365743722	0.366387636832	0.002850571257	0.000306359240062	884.690283999	633	0.124136438191	247.83746435	34.6334913112	1683.79929914	4	0	0					
J22	1	0	2335	11.6449678801	0.368736616702	0.00356856641816	0.000449828914894	885.936106041	920	0.119039336648	274.129240743	31.5576086957	1890.40605254	4	0	0					
J23	1	0	2000	110.347	4.916	0.0452306390361	0.00677197666527	1388.16968519	10677	0.149038305682	404.595164686	22.7873934626	2524.04858802	4	0	0					
J24	1	0	2160	7.51018518519	0.21712962963	0.00200653935533	0.00027105436299	1148.24092778	510	0.121034536506	279.906430523	34.3509803922	2100.01210789	4	0	0					
K01	1	0	2177	128.147909968	4.95360587965	0.0569108386552	0.00713826856037	1619.55669413	11500	0.153215671028	486.702230543	25.9935652174	2956.38514493	4	0	0					
K02	1	0	1891	10.221047065	0.329984135378	0.00291201573664	0.000406717809963	878.74328061	665	0.120625402672	228.845551828	31.4781954887	1712.27536825	4	0	0					
K03	1	0	2226	10.9937106918	0.317610062893	0.00361749717939	0.000417491140106	893.989486976	763	0.121802879819	248.385148314	34.6566186107	1758.95958454	4	0	0					
K04	1	0	1902	108.197160883	4.22712933754	0.0490193096567	0.00618303129812	1615.56037492	8616	0.146506576	449.80429519	25.7082172702	2929.39325397	4	0	0					
K05	1	0	2036	7.76768172888	0.226915520629	0.00218947428775	0.000264529580929	956.33702188	516	0.119199940685	230.486711478	33.8837209302	1735.60920969	4	0	0					
K06	1	0	2246	13.5926090828	0.441674087266	0.0038824016538	0.000549616805226	959.469474623	1084	0.118743433889	235.343662444	30.4151291513	1769.57225991	4	0	0					
K07	1	0	2138	9.96492048644	0.274555659495	0.00289998047717	0.000335045581144	998.683006447	637	0.123021683044	285.832960822	36.863422292	1945.80354251	4	0	0					
K08	1	0	2065	8.73171912833	0.2799031477	0.00211611713399	0.000329751879354	1038.837222	623	0.119805668191	253.941930089	31.3322632424	1942.64160655	4	0	0					
K09	1	0	2030	9.75320197044	0.305911330049	0.00311190019805	0.000398360763956	1009.58930447	667	0.121776639475	274.099719294	32.4737631184	2005.67858735	4	0	0					
K10	1	0	1925	9.06077922078	0.25038961039	0.00301042596008	0.000311621438815	1013.11250067	520	0.125367707013	301.156403941	36.5288461538	2035.98070995	4	0	0					
K11	1	0	2083	8.81277004321	0.283245319251	0.0034303533899	0.000336494463811	1040.35831743	639	0.128898224011	376.601523598	30.9953051643	2446.54538995	4	0	0					
K12	1	0	2131	9.42515251056	0.295635851713	0.00316261116608	0.000381222452634	1043.19450771	675	0.124559557814	293.884952332	31.8266666667	2053.64895106	4	0	0					
K13	1	0	809	35.2002472188	1.14585908529	0.0072735720649	0.00104965529568	1071.74832802	1026	0.11747598435	241.468157424	30.8937621832	1786.37496133	4	0	0					
K14	1	0	2093	11.403248925	0.339703774486	0.00404053446042	0.000412357059386	1016.81495312	777	0.127466163139	346.237723008	33.287001287	2238.20377007	4	0	0					
K15	1	0	2235	13.2281879195	0.429082774049	0.00369511431975	0.000520255494151	999.54403923	1048	0.119663478279	260.497001996	31.4389312977	1889.88631635	4	0	0					
K16	1	0	1641	17.310786106	0.491773308958	0.00373536902092	0.000403376305394	918.727487924	945	0.121815614728	244.633746112	35.2825396825	1704.00126062	4	0	0					
K17	1	0	2216	9.10875451264	0.263989169675	0.00291120932212	0.000324989269596	976.118529886	648	0.119725137193	266.773515155	34.2160493827	1909.89502826	4	0	0					
K18	1	0	2268	10.1860670194	0.334656084656	0.00306594928876	0.000404462637793	962.805312489	813	0.122490844813	270.731182103	30.5830258303	1914.72821222	4	0	0					
K19	1	0	2126	9.43320790216	0.263875823142	0.00337232454675	0.00033061504421	948.564160041	608	0.124170133813	304.324618965	35.9506578947	2036.01128655	4	0	0					
K20	1	0	2301	18.9426336375	0.577140373751	0.00609698458379	0.000798820336694	946.298954744	1451	0.118139517661	235.537796734	32.9648518263	1770.62685999	4	0	0					
K21	1	0	165	34.0424242424	0.545454545455	0.0136407056752	0.000677809076186	920.559313838	105	0.159587283267	349.030297132	63.1142857143	1907.78462836	4	0	0					
K22	1	0	2205	10.3410430839	0.324263038549	0.0035009296681	0.00039356610361	871.434306429	767	0.12355176221	259.514966421	31.9204693611	1792.46154215	4	0	0					
K23	1	0	2059	96.8271005342	3.64400194269	0.0350717366571	0.00495385659344	1285.98257593	8141	0.140829111916	353.919517499	26.7727551898	2321.9592405	4	0	0					
K24	1	0	2138	10.5182413471	0.312441534144	0.00339214420228	0.000390384607215	905.44643272	714	0.123014876694	274.240629174	34.2745098039	1861.8205065	4	0	0					
L01	1	0	2441	108.155264236	4.47234739861	0.046143712813	0.00612291944591	1849.81677141	11688	0.149055907615	569.617848047	24.3825290897	3552.14151505	4	0	0					
L02	1	0	2033	127.711264142	5.09394982784	0.0601280763505	0.00732972204942	1623.1362547	11212	0.156986445932	511.639389907	25.2943275062	3025.19582414	4	0	0					
L03	1	0	2371	10.2378743146	0.276676507803	0.00336721374159	0.000366312405568	970.492944925	712	0.124352994352	290.852438606	37.4241573034	1931.19386384	4	0	0					
L04	1	0	2130	11.0605633803	0.353990610329	0.00363810940002	0.000445502700446	949.36311026	818	0.120156061698	283.777409309	31.5061124694	2003.10343775	4	0	0					
L05	1	0	2288	10.0804195804	0.3125	0.00312912994891	0.000404191291122	956.905876071	773	0.121332872305	295.34712746	32.9715394567	2025.7074583	4	0	0					
L06	1	0	1912	138.369769874	5.25941422594	0.0836442465957	0.00807050237196	2488.08158812	11031	0.163310004475	896.885581504	26.5117396428	5075.23244185	4	0	0					
L07	1	0	2272	10.9933978873	0.31514084507	0.0039676092788	0.000403924269346	1049.47692797	786	0.125333199491	372.818786477	35.403307888	2497.16374755	4	0	0					
L08	1	0	2188	10.2353747715	0.319012797075	0.00392035295678	0.000394000503356	1018.01465147	759	0.12785754402	373.523859054	32.2068511199	2393.02775195	4	0	0					
L09	1	0	2142	8.40382819795	0.250233426704	0.0026406908509	0.000312264911458	985.673983916	570	0.121491167744	273.755685638	33.9719298246	1899.09801425	4	0	0					
L10	1	0	2220	9.74279279279	0.269369369369	0.00312142646917	0.000317326714106	1022.34289196	651	0.12645655888	349.990282888	36.9585253456	2207.07086959	4	0	0					
L11	1	0	2328	8.73067010309	0.257302405498	0.00311252864692	0.000308936003271	1030.09031925	660	0.128386443548	339.245232255	34.2242424242	2216.42201507	4	0	0					
L12	1	0	2173	8.58812701335	0.274735388863	0.00262637846947	0.000354462960282	986.69553105	649	0.121448271788	263.951333371	31.5685670262	1916.25132407	4	0	0					
L13	1	0	2197	8.25898953118	0.253982703687	0.00306257941784	0.000339827079795	1003.32491515	581	0.124060525912	328.148316211	32.6850258176	2162.26090471	4	0	0					
L14	1	0	2163	9.22191400832	0.290337494221	0.00260277194856	0.000367826662294	990.827896903	668	0.117747416933	254.837370751	32.0479041916	1891.4775521	4	0	0					
L15	1	0	2039	92.1731240804	3.94212849436	0.035237860222	0.00532291953534	1416.12896441	8729	0.138334199596	392.316357209	23.5605453087	2654.96908838	4	0	0					
L16	1	0	2154	9.36304549675	0.285051067781	0.00376073080063	0.000348010576267	982.483277447	678	0.130019740843	378.227577978	33.2949852507	2327.83906687	4	0	0					
L17	1	0	1029	17.0466472303	0.425655976676	0.00575777655429	0.000503006438319	984.865877739	465	0.130207779649	317.697125713	40.2129032258	2044.17340039	4	0	0					
L18	1	0	1754	109.763968073	5.08380843786	0.0469827767494	0.00671703425674	1521.48671359	9807	0.15176488348	477.314493703	21.699092485	2898.58321518	4	0	0					
L19	1	0	2143	51.6313579095	2.22071861876	0.0163216587351	0.00289352829741	1081.41929077	5209	0.13048111776	264.18365653	23.6047225955	1872.77963092	4	0	0					
L20	1	0	2161	9.87968533087	0.281351226284	0.00331332524821	0.00033952068839	899.437906211	651	0.123118470531	309.462745154	35.0967741935	1993.67449159	4	0	0					
L21	1	0	2165	9.57413394919	0.270669745958	0.002718644665	0.000335214143204	899.647720542	654	0.119540262003	237.522586687	35.6896024465	1700.6747744	4	0	0					
L22	1	0	2230	9.9600896861	0.339910313901	0.00346038335074	0.00043546650145	973.859190163	819	0.123349627237	300.330656301	29.5067155067	2032.97754542	4	0	0					
L23	1	0	1904	111.216386555	4.59558823529	0.0474028541184	0.00622295435773	1665.19440711	9490	0.148404997423	512.920432833	24.2846153846	3231.05270099	4	0	0					
L24	1	0	1716	123.358391608	5.06526806527	0.0533921089602	0.00689628068958	1635.2403573	9424	0.153355794951	499.636541672	24.5533743633	3022.74718181	4	0	0					
M01	1	0	1982	75.6271442987	1.98385469223	0.024564841804	0.00249710815245	1265.02220782	4196	0.126967901137	314.77455483	38.266920877	2334.29504536	4	0	0					
M02	1	0	1415	111.402826855	4.525795053	0.0447003703478	0.00613615856925	1710.83682837	6943	0.148530133988	501.424565095	24.7658072879	3150.62479375	3	0	0					
M03	1	0	2037	9.3294059892	0.245459008346	0.00308635937987	0.0003165028892	967.26292763	536	0.12248643837	289.221787854	37.5037313433	1972.36491547	4	0	0					
M04	1	0	1980	8.95454545455	0.29898989899	0.00294904600427	0.000348457138891	954.401213755	649	0.123716650682	282.042587514	30.4591679507	1909.5856452	4	0	0					
M05	1	0	1761	123.302101079	5.02952867689	0.0637695072355	0.00745639546639	1764.02355001	9622	0.157710605256	577.318514935	24.7722926626	3396.82195254	4	0	0					
M06	1	0	1709	121.936220012	4.13984786425	0.0788230904542	0.00694779410753	2058.82757865	7650	0.161686186687	702.445503026	29.5262745098	4025.83087276	4	0	0					
M07	1	0	2144	10.2201492537	0.313432835821	0.00280411468816	0.000369807859001	977.466410578	747	0.116680584371	235.902732337	32.0816599732	1800.66356924	4	0	0					
M08	1	0	2035	9.14938574939	0.275184275184	0.00326344857404	0.000409070974049	998.399799856	602	0.123514419785	313.780460286	33.5332225914	2123.93791881	4	0	0					
M09	1	0	1862	11.3002148228	0.334586466165	0.00400797831322	0.000426599032633	988.378967961	669	0.125706571091	318.174533377	34.6562032885	2012.17623712	4	0	0					
M10	1	0	1735	10.1135446686	0.307204610951	0.00362873345608	0.000376919970189	1014.3129387	572	0.128501987954	357.625036472	33.4423076923	2321.08731822	4	0	0					
M11	1	0	1532	8.26501305483	0.248694516971	0.00242409556528	0.000300236775392	946.383952224	415	0.119161414789	240.075136261	33.4481927711	1750.40472134	3	0	0					
M12	1	0	2139	9.301542777	0.30528284245	0.00343997515037	0.000379211638661	1056.13331081	704	0.127010325433	340.474134168	30.53125	2212.70130551	4	0	0					
M13	1	0	1996	6.82915831663	0.218436873747	0.0023845774227	0.000315996233456	968.193441272	478	0.118051620871	266.555744732	31.4853556485	1938.19300912	4	0	0					
M14	1	0	2121	10.7505893446	0.34889203206	0.00320795631023	0.000401099711816	1016.0857611	816	0.123193482411	314.576011486	31.1654411765	2111.80027573	4	0	0					
M15	1	0	2116	8.30812854442	0.237240075614	0.00281068514626	0.000288983358864	1042.85878281	569	0.125603396279	328.179137923	35.3374340949	2198.1602806	4	0	0					
M16	1	0	2063	8.92971400873	0.300533204072	0.00264561916225	0.000350838042208	956.249283415	676	0.122134765045	255.613069365	29.7677514793	1801.24229936	4	0	0					
M17	1	0	2002	9.58091908092	0.246753246753	0.0030387694995	0.000300166378838	1039.23855166	538	0.126780381155	343.259658833	39.2713754647	2258.05241321	4	0	0					
M18	1	0	2084	8.8349328215	0.26103646833	0.00264356985192	0.000329173955017	956.278834361	592	0.122876982035	280.444798647	34.4391891892	1951.89855056	4	0	0					
M19	1	0	2124	56.0922787194	2.29990583804	0.0163769520153	0.00298540478265	1112.32505547	5236	0.126075488148	257.347677166	24.5815508021	1928.92821206	4	0	0					
M20	1	0	2083	11.3216514642	0.342294767163	0.00365486169874	0.000383053468964	947.999376714	796	0.12446209451	315.331748036	33.4195979899	2139.88699831	4	0	0					
M21	1	0	2216	9.51263537906	0.290162454874	0.00296806168996	0.000367067471701	906.421973888	708	0.122051491473	313.750606208	32.8601694915	2090.47427639	4	0	0					
M22	1	0	2174	7.54369825207	0.224011039558	0.00218315827705	0.000281402587888	934.047778756	509	0.115631341005	252.750372047	33.8703339882	1821.3652065	4	0	0					
M23	1	0	2017	57.6901338622	1.95785820526	0.0177811857956	0.00256519659221	1187.03713912	4188	0.123742581566	280.422647851	29.7280324737	2118.33913849	4	0	0					
M24	1	0	1885	106.124668435	4.06896551724	0.0398701140115	0.0055312722519	1693.18105487	8510	0.143771598909	461.389587619	26.3298472385	2983.40789635	4	0	0					
N01	1	0	2214	8.91689250226	0.226738934056	0.0028266391899	0.000281659383506	916.716731832	549	0.123740317502	248.091445151	39.6520947177	1738.39667363	4	0	0					
N02	1	0	2277	120.443566096	5.30215195433	0.0521766691079	0.00746179335445	1586.54361949	12998	0.152993158847	488.825070168	22.9441452531	2962.55579016	4	0	0					
N03	1	0	1821	9.44426139484	0.28665568369	0.00267038513525	0.000284729338821	952.525677376	563	0.124173384921	274.090080455	32.6500888099	1891.07089954	4	0	0					
N04	1	0	2239	10.6748548459	0.295667708799	0.00319550697755	0.000401161747639	936.102088429	716	0.120776538373	243.162814764	35.7695530726	1747.50653198	4	0	0					
N05	1	0	1854	12.2696871629	0.370550161812	0.00360518427003	0.000407653217646	1008.55138295	766	0.122546285472	345.75867871	32.7650130548	2352.91271298	4	0	0					
N06	1	0	1844	16.2407809111	0.428958785249	0.00409047179849	0.000433180471883	987.423421203	879	0.124106171306	253.434428049	37.5631399317	1773.19055575	4	0	0					
N07	1	0	1905	10.5480314961	0.282939632546	0.00349040356331	0.000357297803181	1017.53205492	590	0.118994654669	303.163847685	37.0271186441	2074.54750364	4	0	0					
N08	1	0	2019	93.9088657751	3.89895988113	0.0372618091978	0.00571176573293	1323.72553687	8398	0.142139515831	357.577235748	24.2611336032	2348.37529075	4	0	0					
N09	1	0	2077	8.53249879634	0.261916225325	0.00308996426717	0.000345276424557	956.082712728	593	0.123496685153	289.10749714	32.5008431703	1944.37255047	4	0	0					
N10	1	0	2101	12.1870537839	0.357924797715	0.00365767364089	0.000477085916773	980.329357425	827	0.119586270359	256.190575692	33.707376058	1875.89015184	4	0	0					
N11	1	0	2038	8.90922473013	0.229636898921	0.0027695231253	0.00029527042375	1058.31476441	507	0.123633350868	323.275498416	38.9704142012	2180.94545281	4	0	0					
N12	1	0	2096	11.671278626	0.370229007634	0.0039071999429	0.000452781635646	1070.48759952	825	0.12564765668	359.677505375	31.4836363636	2408.83721528	4	0	0					
N13	1	0	1877	8.65316995205	0.19978689398	0.0020964837918	0.000198693540616	989.129222431	417	0.120429266592	285.323045974	43	2033.81059919	4	0	0					
N14	1	0	2106	8.41168091168	0.242165242165	0.00278159851409	0.000307053401384	1005.99442406	572	0.124612557969	334.803028432	34.5629370629	2199.78588948	4	0	0					
N15	1	0	903	16.8914728682	0.519379844961	0.00385254059288	0.000466302404179	1026.05439085	523	0.120807298242	252.564492426	32.7495219885	1804.2935269	4	0	0					
N16	1	0	1945	8.61079691517	0.288946015424	0.00320620094823	0.000361991669354	1013.37105515	594	0.128268062003	351.601874159	29.6616161616	2251.17916877	4	0	0					
N17	1	0	2038	7.57850834151	0.235525024534	0.00267361892259	0.00029892401115	1004.87442629	526	0.129087163493	333.924079633	32.5380228137	2131.37673679	4	0	0					
N18	1	0	2082	8.69596541787	0.257925072046	0.00263409689019	0.000330816666803	912.238552898	584	0.118790206318	235.447623069	33.7928082192	1703.04525512	4	0	0					
N19	1	0	1990	8.36733668342	0.267336683417	0.00288186815273	0.000326237784293	967.681030535	591	0.125672885717	354.037072296	30.9289340102	2384.19314174	4	0	0					
N20	1	0	2188	8.65356489945	0.266453382084	0.00274742523835	0.000346657607193	927.011684844	629	0.121083940638	245.633221819	32.8346581876	1801.46398333	4	0	0					
N21	1	0	1994	9.10280842528	0.297893681043	0.00298362799717	0.000362505559257	936.001020583	641	0.124412629223	288.82888291	30.608424337	1941.47511863	4	0	0					
N22	1	0	2026	57.6298124383	2.1865745311	0.0176244246897	0.0028348412774	1108.68030786	4776	0.12794264418	268.137651992	26.5603015075	1984.77467207	4	0	0					
N23	1	0	1913	8.68844746472	0.259801359122	0.00277279271288	0.000338411632859	970.053525319	535	0.120747114574	292.65496985	33.9663551402	2094.49147856	4	0	0					
N24	1	0	1908	98.3128930818	3.93186582809	0.0344452232104	0.0052206592256	1429.23560569	8089	0.139567268225	378.125815008	25.1795030288	2512.59935864	4	0	0					
O01	1	0	1802	8.33795782464	0.217536071032	0.00239655852065	0.000263358056903	962.249759311	427	0.122456284501	268.758397588	38.2154566745	1872.1424574	4	0	0					
O02	1	0	1600	143.928125	5.770625	0.0890129862386	0.00851483336326	2736.57303756	9887	0.169167169157	1021.12037316	25.1011429149	5681.26290364	4	0	0					
O03	1	0	1885	9.86047745358	0.277453580902	0.00327462998782	0.000347444494267	932.835284278	574	0.123240552334	261.931493769	36.0993031359	1817.57212276	4	0	0					
O04	1	0	2187	9.78600823045	0.302697759488	0.00337574992852	0.000412223146599	970.15935233	713	0.121878939265	264.988737073	32.1963534362	1876.39892219	4	0	0					
O05	1	0	2048	9.25244140625	0.2548828125	0.00338625973579	0.000332029510389	950.570815181	578	0.123196522046	332.532730666	35.7629757785	2125.7253636	4	0	0					
O06	1	0	1081	8.31822386679	0.199814986124	0.00358666371486	0.000244961004311	922.193304545	228	0.142011114809	397.803667125	41.6666666667	2184.56410005	4	0	0					
O07	1	0	1500	13.6553333333	0.348	0.00273261184691	0.000281653252236	1044.15590957	679	0.127268671387	321.127973497	38.1870397644	2088.21842572	4	0	0					
O08	1	0	1633	12.747703613	0.366197183099	0.00463865552899	0.000509555666987	1106.70859054	658	0.127804198876	296.441129926	35.1458966565	1944.80686984	4	0	0					
O09	1	0	1809	8.40685461581	0.253731343284	0.00277351353979	0.000317084796796	1018.93528942	500	0.127932007691	338.215606725	32.656	2237.45733918	4	0	0					
O10	1	0	1210	13.9603305785	0.364462809917	0.00366391955146	0.00037116716067	984.862225814	491	0.124686027389	288.882417671	38.4093686354	1949.76413602	4	0	0					
O11	1	0	2017	8.91422905305	0.264749628161	0.00316339518221	0.000350451273434	1148.67598255	580	0.127831966343	361.788044261	33.6655172414	2368.27094116	4	0	0					
O12	1	0	2080	9.22355769231	0.254326923077	0.00312177812297	0.000323864016522	991.687299632	583	0.126998558997	307.766861099	36.8644939966	2039.23807183	4	0	0					
O13	1	0	1948	12.4373716632	0.32340862423	0.0042543052099	0.000498976636316	1076.60866721	672	0.119781894569	291.461635328	38.4821428571	2107.84091055	4	0	0					
O14	1	0	2326	7.64574376612	0.232588134136	0.00250117311348	0.000317888264432	938.808984323	582	0.120490438679	245.362141454	32.9879725086	1801.1068507	4	0	0					
O15	1	0	1963	8.92154865003	0.267447784004	0.00286764168665	0.000338674372436	956.52514242	568	0.122613546823	282.641574354	33.4084507042	1968.21809706	4	0	0					
O16	1	0	1947	82.5336414997	3.44119157678	0.0298639318758	0.0046743919619	1395.26550689	7372	0.135612355917	376.24894991	24.091698318	2584.5984209	4	0	0					
O17	1	0	1858	7.77287405813	0.224973089343	0.00242118499843	0.000276889826621	987.611767607	458	0.124420788148	298.744101981	34.4257641921	2073.43293942	4	0	0					
O18	1	0	1999	9.08154077039	0.264132066033	0.00309894945947	0.000330811722899	981.846106082	585	0.127835615478	322.664607523	34.0222222222	2141.23060955	4	0	0					
O19	1	0	2017	8.38572136837	0.231531978185	0.00270854543176	0.000286554043821	1026.84053586	512	0.125397001552	319.302649155	36.712890625	2047.27664245	4	0	0					
O20	1	0	1998	9.6016016016	0.264264264264	0.0030619707712	0.000328131867532	922.901065101	568	0.121290484543	264.976923689	37.0316901408	1821.99056275	4	0	0					
O21	1	0	1988	10.1710261569	0.286217303823	0.0033020749887	0.000378329730084	978.839019877	634	0.119857162028	292.607279981	36.4652996845	2023.59872186	4	0	0					
O22	1	0	1978	8.72345803842	0.25429726997	0.00323651174606	0.000330150313746	1024.91455169	536	0.132356272229	332.633137853	34.4328358209	2021.82009906	4	0	0					
O23	1	0	1922	9.55827263267	0.301768990635	0.00326489131729	0.000383206149595	947.379142481	623	0.128240498774	288.257422422	31.8796147673	1855.03191713	4	0	0					
O24	1	0	1937	110.174496644	4.81104801239	0.0471793043429	0.0066388780368	1719.45846211	10190	0.149298463914	531.748796357	23.2433758587	3314.1617394	4	0	0					
P01	1	0	2292	7.76832460733	0.219022687609	0.00236052960187	0.000281945090733	1017.39959654	545	0.121639955131	263.369916059	35.0110091743	1909.10482562	4	0	0					
P02	1	0	2222	42.3231323132	1.20927092709	0.0121002100862	0.00160624877476	1171.52698389	2941	0.119406125299	252.882930356	35.1989119347	1992.39953551	4	0	0					
P03	1	0	2362	59.9513124471	2.30186282811	0.0174802554928	0.00303851942967	1070.30278773	5764	0.128673920621	243.764278145	26.1242192922	1793.33898518	4	0	0					
P04	1	0	2118	17.0429650614	0.536827195467	0.00488072360165	0.000662444765375	958.099948638	1217	0.121864225933	238.207860127	32.147082991	1762.81492002	4	0	0					
P05	1	0	2205	8.27392290249	0.226757369615	0.00255183544928	0.000292538569219	920.543410714	540	0.120245964655	236.076282547	36.8203703704	1686.08230383	4	0	0					
P06	1	0	2284	8.18914185639	0.238178633975	0.00267849849234	0.000327215387984	943.343305489	587	0.122562501439	250.359129782	34.3560477002	1812.1793266	4	0	0					
P07	1	0	2101	13.1546882437	0.398857686816	0.00393242144936	0.000527398951381	933.152592522	900	0.120821218188	224.364040229	33.1611111111	1679.5260398	4	0	0					
P08	1	0	2306	9.4618386817	0.276669557676	0.00321516087488	0.000352323708007	981.022410276	672	0.12366388696	274.207188761	34.1949404762	1904.3993358	4	0	0					
P09	1	0	1989	11.5198592257	0.3197586727	0.00348380886669	0.000426798723291	1145.04114467	690	0.118485689613	286.186720329	36.2913043478	2083.39316842	4	0	0					
P10	1	0	2187	7.94284407865	0.22085048011	0.0024142424358	0.000270970938837	957.969762723	513	0.12231106323	285.893652559	36.3781676413	1858.58186909	4	0	0					
P11	1	0	2053	9.30394544569	0.272284461763	0.00318188225415	0.000352910747328	989.137925137	601	0.125520427537	281.86080514	34.5906821963	1925.3805515	4	0	0					
P12	1	0	1859	6.60462614309	0.165680473373	0.00236626570541	0.000228342691001	992.821548555	331	0.129202945279	341.272811459	39.9365558912	2186.96864779	4	0	0					
P13	1	0	2176	9.08318014706	0.271139705882	0.00263019542926	0.000351426659336	999.872946776	651	0.118849050556	247.396782563	34.708141321	1840.55119873	4	0	0					
P14	1	0	2095	9.21622911695	0.248687350835	0.00325469220055	0.000314017198185	1031.58416721	554	0.124203008598	351.543699104	37.1624548736	2372.92022068	4	0	0					
P15	1	0	1848	14.2159090909	0.451298701299	0.00531209314171	0.000620903805162	1119.24249146	922	0.129832527389	337.999900263	31.9859002169	2189.46676659	4	0	0					
P16	1	0	2026	7.03109575518	0.191510365252	0.00256790174504	0.000250447899039	1057.82098198	415	0.127770958138	382.6556426	37.7421686747	2372.35274723	4	0	0					
P17	1	0	2261	8.09464838567	0.223352498894	0.00259909569034	0.000311462967311	906.065754915	555	0.120573184723	234.68474972	36.3837837838	1656.99581932	4	0	0					
P18	1	0	2190	8.70639269406	0.248401826484	0.0025669342702	0.00034158794288	974.526376256	615	0.119775340394	243.666186906	35.3951219512	1792.91774237	4	0	0					
P19	1	0	2244	9.10472370766	0.252228163993	0.00344469809243	0.000353238811912	970.630579918	612	0.122315633566	306.585409539	36.089869281	2059.23360895	4	0	0					
P20	1	0	2118	7.55571293673	0.21954674221	0.00326522854348	0.000294939751351	965.02640769	505	0.130037518172	358.569409241	34.4910891089	2164.31269069	4	0	0					
P21	1	0	2155	18.6473317865	0.675638051044	0.00532161278537	0.000880561309627	1040.10159188	1583	0.120951151458	245.439684382	27.8578648136	1879.79867774	4	0	0					
P22	1	0	1930	10.2699481865	0.308808290155	0.00328917528981	0.000404343156596	951.066487749	667	0.121320089591	260.373739581	34.1514242879	1843.26061032	4	0	0					
P23	1	0	2037	8.93667157585	0.251350024546	0.0025944136852	0.000310003335807	965.337735765	541	0.118489818865	241.718280317	35.9704251386	1780.91375537	4	0	0					
P24	1	0	1875	29.0181333333	0.930666666667	0.00824893747406	0.00122273750775	1560.11019891	1904	0.115980098777	310.544366559	31.331407563	2464.71565032	4	0	0					
