Well	Plane	Timepoint	Cell Selected - Number of Objects	Cell Selected - Total Spot Area - Mean per Well	Cell Selected - Number of Spots - Mean per Well	Cell Selected - Relative Spot Intensity - Mean per Well	Cell Selected - Number of Spots per Area of Cytoplasm - Mean per Well	Cell Selected - Intensity Cytoplasm Mean - Mean per Well	Spots Selected - Number of Objects	Spots Selected - Relative Spot  Intensity - Mean per Well	Spots Selected - Corrected Spot  Intensity - Mean per Well	Spots Selected - Spot Area [px²] - Mean per Well	Spots Selected - Intensity Spot Mean - Mean per Well	Number of Analyzed Fields	Height [µm]	Time [s]	Compound	Concentration	Cell Type	Cell Count	
A01	1	0	1951	41.0369041517	1.22039979498	0.0120996689722	0.00160655734373	1369.47800902	2542	0.124198903664	324.501151341	33.756884343	2353.52677072	4	0	0					
A02	1	0	2054	8.88851022395	0.22005842259	0.00314319077987	0.000257235423234	1038.18224622	484	0.134327750542	403.524592497	39.958677686	2498.21558851	4	0	0					
A03	1	0	2241	7.83355644801	0.212851405622	0.00290881701636	0.000272560870719	957.274174529	504	0.127887110024	302.513954423	36.880952381	1917.65505362	4	0	0					
A04	1	0	2201	8.63516583371	0.223534756929	0.0030283735616	0.000292599560352	920.128342583	536	0.126960060968	277.180523934	39.3208955224	1847.71706944	4	0	0					
A05	1	0	2188	8.06124314442	0.218921389397	0.00340184651291	0.000299010829332	995.177466901	518	0.130082783002	365.786309559	37.083011583	2249.58669606	4	0	0					
A06	1	0	2276	8.95166959578	0.264938488576	0.0035974027202	0.000363145504405	995.852079528	635	0.124753189593	329.130628197	33.9511811024	2168.14367006	4	0	0					
A07	1	0	2200	8.33818181818	0.229090909091	0.00317188278085	0.000332968116578	994.025050508	532	0.124779308025	304.763364572	36.6409774436	2015.07426041	4	0	0					
A08	1	0	2329	7.6650923143	0.202232717905	0.00275441356746	0.000254367171281	974.134031228	523	0.127242218289	299.507378256	38.1988527725	2004.22219729	4	0	0					
A09	1	0	2042	11.2815866797	0.326150832517	0.00344633746792	0.000334022240524	1034.92292835	725	0.126769973048	300.296231423	35.0855172414	1980.89295416	4	0	0					
A10	1	0	2147	10.3982300885	0.29203539823	0.00416636168496	0.000371152742307	1058.89992972	685	0.12856309129	404.429035029	35.300729927	2477.91325517	4	0	0					
A11	1	0	1075	11.4362790698	0.226046511628	0.00425717730834	0.000207761938841	977.622287831	288	0.16144158464	490.804828753	51.6458333333	2577.81756411	4	0	0					
A12	1	0	2171	8.86319668356	0.29387379088	0.00307437032687	0.000371653636309	984.651492288	681	0.122595348255	313.962066655	30.7033773862	2164.73041042	4	0	0					
A13	1	0	1773	7.40721940214	0.234630569656	0.00247302522142	0.000275149253454	948.728461943	467	0.128285686909	286.854936959	31.6895074946	1863.55426076	4	0	0					
A14	1	0	1204	7.89451827243	0.186877076412	0.00411955689593	0.000206190116615	948.86330139	247	0.163785554474	536.654109273	42.6396761134	2711.62492085	4	0	0					
A15	1	0	2136	6.4138576779	0.188670411985	0.00235302480494	0.000255717955251	993.530840909	446	0.12726533638	304.34783764	34.7600896861	1991.77777879	4	0	0					
A16	1	0	2191	8.79233226837	0.285257873117	0.00325041527176	0.000356714604945	1001.55772268	673	0.124521508553	367.85523318	31.1738484398	2182.28162052	4	0	0					
A17	1	0	2180	7.82018348624	0.235779816514	0.00243795207552	0.000292333218598	955.227497185	550	0.121922038866	268.155848385	33.3581818182	1852.9142379	4	0	0					
A18	1	0	2201	8.21126760563	0.247160381645	0.00301300298782	0.000323053296095	967.941824805	583	0.125094420966	326.037999944	33.3036020583	2093.64144161	4	0	0					
A19	1	0	2213	8.5219159512	0.250338906462	0.00303027049929	0.000325115623022	953.507018253	593	0.124462153912	299.894955278	34.4957841484	1999.29202745	4	0	0					
A20	1	0	2206	7.70489573889	0.22982774252	0.00255437047349	0.000284400995562	890.918499359	545	0.122063888128	302.830505756	33.4036697248	1991.34608756	4	0	0					
A21	1	0	2184	7.33241758242	0.239010989011	0.00236205646119	0.000304915682904	941.684773653	554	0.11953287516	259.734327939	30.9711191336	1827.12937888	4	0	0					
A22	1	0	2286	7.0542432196	0.199475065617	0.00249036472522	0.000254025598258	924.751787347	497	0.127685207358	355.026283853	35.9839034205	2226.3755388	4	0	0					
A23	1	0	1923	115.32449298	4.89859594384	0.0544596678371	0.00735107019394	1697.47180374	10023	0.15002598615	506.319527418	23.6990920882	3127.72984743	4	0	0					
A24	1	0	1994	7.65446339017	0.232698094283	0.00310124345568	0.000308146529359	952.475338357	508	0.131318133194	338.578565154	33.1496062992	2109.31842141	4	0	0					
B01	1	0	2137	117.458586804	4.38839494619	0.0541402664263	0.00646910269355	1775.5991964	10174	0.149283213895	527.004307886	27.021525457	3243.48106332	4	0	0					
B02	1	0	1983	7.61220373172	0.191124558749	0.00310509176009	0.000253908515898	1116.41453154	403	0.129534388002	417.857646556	40.1166253102	2648.40469008	4	0	0					
B03	1	0	2375	8.47747368421	0.245473684211	0.00311018138584	0.000319516182926	964.567087277	628	0.125350839152	312.270996684	34.428343949	2041.93246909	4	0	0					
B04	1	0	2295	8.0871459695	0.223093681917	0.00341001198629	0.000282718445195	997.07452778	544	0.127964158014	381.382554028	36.2242647059	2248.16123347	4	0	0					
B05	1	0	2160	10.1361111111	0.340277777778	0.00334850424966	0.000413310833149	973.989446639	794	0.122905794833	279.21087435	30.217884131	1904.60706325	4	0	0					
B06	1	0	2282	7.32559158633	0.216914986854	0.00295029335095	0.000274175227419	1055.8318239	537	0.129674026212	435.435736565	34.1731843575	2769.37006117	4	0	0					
B07	1	0	2272	6.97887323944	0.212147887324	0.0024391638645	0.00028659890762	1029.75445083	516	0.125253007721	302.033955005	33.5406976744	2066.18487215	4	0	0					
B08	1	0	961	25.581685744	0.758584807492	0.00444484546098	0.000626493119196	1082.91485179	803	0.114091431237	215.201472606	34.2665006227	1733.04881305	4	0	0					
B09	1	0	2032	9.4532480315	0.278051181102	0.00340518386515	0.000357428303601	980.709888374	616	0.123299537116	337.471804251	34.3944805195	2298.62839804	4	0	0					
B10	1	0	2151	8.00232450023	0.229660622966	0.00307556608752	0.00028917584975	1062.37143867	529	0.129624812377	414.029158762	35.4196597353	2562.55711736	4	0	0					
B11	1	0	1776	5.99436936937	0.162725225225	0.00226812952115	0.000194575769611	1069.95537126	316	0.130597649455	379.183234171	37.4398734177	2274.96659752	3	0	0					
B12	1	0	2116	7.70368620038	0.26370510397	0.00311237314332	0.000326338972175	1043.06097962	604	0.129750692204	369.565029501	29.5413907285	2246.1055092	4	0	0					
B13	1	0	2055	8.41265206813	0.282238442822	0.00347730966134	0.000366087669402	1090.50543966	623	0.13171304614	425.759986146	30.4847512039	2672.14964638	4	0	0					
B14	1	0	2252	8.74911190053	0.248667850799	0.00331482521723	0.000312707726527	1024.10629228	606	0.128723861289	348.395355374	35.6699669967	2220.2204284	4	0	0					
B15	1	0	2315	7.40259179266	0.227645788337	0.00295820583685	0.000291171949231	1097.16607494	571	0.127115334893	411.632027891	33.5569176883	2523.66541653	4	0	0					
B16	1	0	2144	11.0438432836	0.30223880597	0.00319099045541	0.000350141519977	1035.19832535	712	0.124434369254	290.136807865	37.0140449438	1895.25535424	4	0	0					
B17	1	0	2139	7.82515194016	0.258999532492	0.00309910036476	0.000325727134604	991.821163339	591	0.127032485482	356.294950344	30.3502538071	2214.04106694	4	0	0					
B18	1	0	2193	8.2576379389	0.258549931601	0.00322575526176	0.000323667732298	1056.65255805	613	0.126254954402	362.824785574	32.8874388254	2317.45121732	4	0	0					
B19	1	0	2325	7.24731182796	0.221505376344	0.0026609956869	0.000277807175378	954.508232444	552	0.124320709009	314.838133752	32.9710144928	2047.96893005	4	0	0					
B20	1	0	2124	8.28060263653	0.258474576271	0.00330546640926	0.000344796635186	949.770023754	598	0.129705554385	345.963470275	32.4096989967	2072.99058411	4	0	0					
B21	1	0	2114	7.62535477767	0.233207190161	0.00289178069333	0.000295898937605	963.625077993	536	0.128178595342	321.70873281	33.078358209	2019.82256894	4	0	0					
B22	1	0	2106	7.83855650522	0.233618233618	0.00347575979177	0.000288736604014	991.37586733	531	0.132009894682	460.957831469	34.0790960452	2645.94692049	4	0	0					
B23	1	0	1915	115.897650131	4.62558746736	0.0547767387114	0.00679823733297	1604.82693979	9495	0.151139855011	480.113011983	25.3264876251	2910.5356942	4	0	0					
B24	1	0	1958	7.67211440245	0.217058222676	0.00285559344764	0.000289388211381	1068.11147475	452	0.131261105033	375.058943632	35.9446902655	2274.79441083	4	0	0					
C01	1	0	2160	118.369907407	3.61759259259	0.051482456582	0.00514555143767	1647.42960906	8379	0.149714876335	509.265938852	32.8947368421	3080.09477085	4	0	0					
C02	1	0	2362	8.74851820491	0.251905165114	0.00298272856329	0.000318645373764	920.100978204	639	0.119666136065	263.346524407	35.1111111111	1795.7968179	4	0	0					
C03	1	0	2005	9.78354114713	0.2927680798	0.00312545657185	0.000329178446124	927.257684713	717	0.122717608499	248.04390589	33.8061366806	1714.78085967	4	0	0					
C04	1	0	2230	9.60358744395	0.269955156951	0.00323836923239	0.000343826779589	1050.25353197	662	0.123694351729	356.191485535	35.3172205438	2334.27756564	4	0	0					
C05	1	0	2316	12.9537996546	0.438687392055	0.00362781858152	0.000563276877394	961.256252976	1103	0.117329935304	239.998932213	29.8087035358	1756.19255077	4	0	0					
C06	1	0	2079	10.0716690717	0.312169312169	0.0032458917105	0.000390167718009	988.48814386	693	0.124344330033	274.246934892	32.5281385281	1920.56382259	4	0	0					
C07	1	0	2307	7.04204594712	0.190290420459	0.00310678456795	0.000238772442257	998.225837242	469	0.131853822217	406.946685483	37.0021321962	2267.06885555	4	0	0					
C08	1	0	2445	6.7018404908	0.197955010225	0.00226089733379	0.00024234720446	978.012754314	520	0.124464154583	289.124583727	34.1538461538	1961.12633804	4	0	0					
C09	1	0	2276	7.72803163445	0.23769771529	0.00301799414563	0.000297435837878	991.97238664	585	0.127282647222	349.247662977	32.535042735	2179.14141425	4	0	0					
C10	1	0	2327	6.59647614955	0.172324881822	0.00269405721103	0.000209074048448	1042.69808667	434	0.131941134317	470.37432084	38.6797235023	2973.93845014	4	0	0					
C11	1	0	2226	9.46226415094	0.332434860737	0.00296354337524	0.000409012794604	977.958776262	796	0.121177480664	290.638383903	28.5251256281	1929.67816652	4	0	0					
C12	1	0	2146	5.82805219012	0.203634669152	0.00220691709111	0.000270758987481	1072.70283744	470	0.123421035146	315.385954586	29.0191489362	2100.78808434	4	0	0					
C13	1	0	2356	8.269524618	0.260611205433	0.00323834280697	0.000318087598228	984.139311906	655	0.127295618008	338.95709123	32.320610687	2158.36882278	4	0	0					
C14	1	0	2230	7.20179372197	0.241704035874	0.00230412535895	0.000295881764502	1019.83721641	576	0.12085540901	263.219300066	29.7777777778	1888.51216726	4	0	0					
C15	1	0	2331	7.42042042042	0.216645216645	0.00303608258313	0.000288448663438	997.390185339	539	0.130813059013	354.961482824	35.0649350649	2187.26796996	4	0	0					
C16	1	0	2348	6.72572402044	0.204855195911	0.00265481249964	0.000266697046816	996.440540395	504	0.131309115144	355.596982599	33.1468253968	2138.51056898	4	0	0					
C17	1	0	2239	14.0933452434	0.485484591335	0.00390993764391	0.000612054634012	1033.96391375	1159	0.116829026328	233.719880913	29.4641932701	1778.37287769	4	0	0					
C18	1	0	2408	6.04817275748	0.193521594684	0.00209381475591	0.000258783867033	981.753791818	497	0.123066141692	270.415119172	31.6458752515	1896.9632153	4	0	0					
C19	1	0	2366	7.64708368555	0.240490278952	0.00283452166295	0.00030324628203	999.886817991	597	0.129877335487	321.262853315	32.1373534338	2049.45039167	4	0	0					
C20	1	0	2277	7.50153711023	0.216073781291	0.00285224597424	0.00028284717896	960.987211227	525	0.127065597258	316.873464453	34.72	2039.60792688	4	0	0					
C21	1	0	2214	6.51942186089	0.190605239386	0.00236948940946	0.000247208869628	1101.71204855	451	0.1252645319	379.359515652	34.6651884701	2507.73954954	4	0	0					
C22	1	0	1962	7.16055045872	0.230886850153	0.00215378786646	0.000299830704379	888.379695464	498	0.11801126246	234.566747123	31.4096385542	1711.90732365	4	0	0					
C23	1	0	1853	77.825148408	3.15380464112	0.027478716056	0.00422771209044	1231.21874699	6348	0.13722296967	330.32246168	24.8358538122	2199.54619009	4	0	0					
C24	1	0	2050	9.92487804878	0.34243902439	0.00329958592507	0.000418591552059	920.896945835	757	0.125552801641	320.721591834	29.3817701453	2067.34619876	4	0	0					
D01	1	0	2181	125.229252636	4.27877120587	0.0621089774266	0.00596326149566	1934.69394142	10038	0.153950286666	647.567128126	29.5562861128	3866.59176835	4	0	0					
D02	1	0	2116	116.046786389	3.95982986767	0.0439731665918	0.005188991	1612.42548009	9101	0.146477296501	466.305517089	29.5564223712	2927.21905747	4	0	0					
D03	1	0	2195	6.26469248292	0.20410022779	0.00229479487849	0.000258602351068	948.043720677	477	0.124443206099	264.259708805	31.3396226415	1809.48449064	4	0	0					
D04	1	0	2248	9.22820284698	0.264679715302	0.00326742079451	0.00030555339994	992.921439198	645	0.127197627382	370.497959794	34.8465116279	2295.96819222	4	0	0					
D05	1	0	2147	7.40055891942	0.2356776898	0.00272329282053	0.000296824536978	991.483646385	549	0.127109336547	323.639916098	32.072859745	2054.22828126	4	0	0					
D06	1	0	2270	7.98414096916	0.240528634361	0.00333897322398	0.000303304951604	1046.58684138	582	0.137315860306	424.27782595	33.3281786942	2510.7986092	4	0	0					
D07	1	0	2298	7.30156657963	0.21453437772	0.00273277332655	0.000255357689485	1005.76217348	531	0.133433407731	380.478811508	34.5649717514	2289.21247841	4	0	0					
D08	1	0	2287	7.13948404023	0.202011368605	0.0028981679676	0.000246715883956	1050.20774727	500	0.130317509758	444.383185922	35.824	2735.51106751	4	0	0					
D09	1	0	2301	6.63059539331	0.202955236854	0.00233657421188	0.000250245257243	1027.05736385	522	0.126936228219	318.904594544	33.153256705	2056.35140479	4	0	0					
D10	1	0	2175	7.43310344828	0.235862068966	0.00270690364364	0.000292825235908	1035.78959071	546	0.129140884385	332.157431632	31.7655677656	2113.62215736	4	0	0					
D11	1	0	2271	7.21620431528	0.239101717305	0.00277577749392	0.00029856776358	1033.78088005	575	0.129883275151	332.149025349	30.2452173913	2121.47855517	4	0	0					
D12	1	0	2283	8.23171265878	0.281208935611	0.00327683396253	0.000349187793412	1080.9836463	684	0.127499803775	391.052833272	29.3464912281	2423.1449319	4	0	0					
D13	1	0	2176	6.86902573529	0.225643382353	0.00257784507245	0.000284127388621	1057.24483586	525	0.126658852273	339.27927763	30.4780952381	2172.2901224	4	0	0					
D14	1	0	2279	6.47433084686	0.219833260202	0.00236343040667	0.000287911021252	1013.88121515	540	0.124370768556	298.89546339	29.9592592593	2028.29670329	4	0	0					
D15	1	0	2338	7.20316509837	0.198032506416	0.00302982569909	0.000249795890329	1038.88034464	487	0.139697283608	420.923574327	36.295687885	2390.65926327	4	0	0					
D16	1	0	2286	7.54024496938	0.217847769029	0.00272480314713	0.000265392060833	1017.71938562	530	0.127744243303	315.154244824	34.8943396226	2024.73897414	4	0	0					
D17	1	0	2217	6.4149751917	0.178168696437	0.00266125973911	0.000222505199865	1021.99581454	421	0.136775834996	396.32813727	36.7339667458	2329.7944545	4	0	0					
D18	1	0	2243	8.99554168524	0.263932233616	0.00261356675601	0.000319428362077	957.625338709	644	0.118426529599	263.990481308	34.5714285714	1828.43426786	4	0	0					
D19	1	0	2306	7.41847354727	0.221595836947	0.0026912894523	0.000269037483948	997.329351578	562	0.127346933028	326.087913665	33.6476868327	2035.01936718	4	0	0					
D20	1	0	2427	8.00041203131	0.21260815822	0.00322721478702	0.000311896594143	1027.70616969	549	0.127663512937	393.262346004	37.8051001821	2507.79813164	4	0	0					
D21	1	0	2371	7.71530999578	0.248840151835	0.00222138469609	0.000298958656573	917.693027898	621	0.121832410871	226.554555058	31.1948470209	1640.29470322	4	0	0					
D22	1	0	2263	6.44807777287	0.201060539107	0.00244633550226	0.000269421437635	908.879116573	495	0.126070771317	316.761714945	32.3939393939	1955.3883212	4	0	0					
D23	1	0	2126	96.6994355597	4.32596425212	0.0457991749149	0.00684295436001	1701.34750376	9947	0.147009879568	509.281257378	22.5404644616	3197.96952746	4	0	0					
D24	1	0	2003	117.384922616	4.74987518722	0.0529026347557	0.00655859007076	1549.50741521	10431	0.150480450783	475.532798395	24.8793979484	2909.01350736	4	0	0					
E01	1	0	2020	82.1465346535	2.39405940594	0.0272827556389	0.00303749695975	1211.71004253	5256	0.128198734358	312.718559338	34.5920852359	2279.85291356	4	0	0					
E02	1	0	2012	110.677435388	4.08449304175	0.0475246700271	0.00570757000259	1661.43313022	8865	0.148902880569	495.757100644	27.2578680203	3070.13933878	4	0	0					
E03	1	0	2138	8.93217960711	0.301216089804	0.00328064906555	0.000395399980038	942.941458597	706	0.126062028691	292.007890257	29.8441926346	1895.72453834	4	0	0					
E04	1	0	1875	6.64106666667	0.1968	0.00201455564905	0.000252553741541	917.550361365	427	0.118103687158	227.27519683	33.7353629977	1695.20456349	4	0	0					
E05	1	0	2123	7.42487046632	0.247291568535	0.00261403966536	0.000317448230782	911.025335058	553	0.123176295627	260.983981147	30.5551537071	1756.68186573	4	0	0					
E06	1	0	2137	8.86476368741	0.295273748245	0.00327881038707	0.000353586018489	961.228250034	659	0.125304651982	310.439839663	29.8831562974	2013.63695379	4	0	0					
E07	1	0	2124	7.3686440678	0.228342749529	0.00273069272792	0.000270590314784	966.926614256	527	0.125573706964	357.754153044	33.1631878558	2179.87019183	4	0	0					
E08	1	0	1958	9.64759959142	0.259448416752	0.00388068450628	0.000261337760044	1059.25179769	548	0.13135805876	675.676864413	37.4908759124	3613.32072431	4	0	0					
E09	1	0	2232	6.28315412186	0.190860215054	0.0021292697693	0.000230133129884	1055.30192329	465	0.125927869219	310.414764363	32.9075268817	2046.23642578	4	0	0					
E10	1	0	2195	7.65421412301	0.215489749431	0.00315539364231	0.000270252969025	1057.77151127	505	0.131224965554	383.358068534	35.3861386139	2447.05971718	4	0	0					
E11	1	0	2154	8.17688022284	0.236768802228	0.00315342569434	0.000287699127789	1003.78264891	549	0.132638444402	387.179763306	34.635701275	2261.38200027	4	0	0					
E12	1	0	2325	7.05548387097	0.240860215054	0.00285516792381	0.00029763323534	1010.92252647	595	0.126049099403	342.135119959	29.156302521	2149.11718833	4	0	0					
E13	1	0	2266	7.09929390997	0.227714033539	0.00289069101541	0.000288685144898	1040.56306939	571	0.127758210534	404.471243936	31.7740805604	2384.06161315	4	0	0					
E14	1	0	2363	9.67287346593	0.351671603893	0.0035059387934	0.000438699480082	998.879847995	898	0.124642676111	294.949310622	27.5144766147	1979.41124381	4	0	0					
E15	1	0	2227	8.27076784912	0.263134261338	0.0033439517455	0.000320652863691	975.38561926	623	0.132130684838	368.840841676	31.7528089888	2190.41766912	4	0	0					
E16	1	0	2357	6.18285956725	0.180313958422	0.0026921113387	0.000233044382382	996.839931053	446	0.130524730432	373.521051216	34.6614349776	2237.57952115	4	0	0					
E17	1	0	2165	7.51085450346	0.227251732102	0.00282962311251	0.000278678222088	1012.73239942	526	0.128873359505	429.763978291	33.752851711	2686.7827199	4	0	0					
E18	1	0	1554	32.9781209781	0.89897039897	0.00494559441445	0.000727791716123	942.217387826	1588	0.115373899063	200.861076275	37.0352644836	1502.61517096	4	0	0					
E19	1	0	1584	155.823232323	7.1571969697	0.083911694032	0.00919366263521	2367.87321381	12463	0.1662850422	875.835707097	21.959319586	4885.68241764	4	0	0					
E20	1	0	2066	8.39351403679	0.278799612778	0.00267923648174	0.000375452635779	915.282418372	619	0.117726651048	266.201176078	30.8836833603	1859.72196418	4	0	0					
E21	1	0	2112	6.00426136364	0.1875	0.00194301259786	0.000251169231295	920.477177667	433	0.121112422456	245.627386862	32.1524249423	1721.76019648	4	0	0					
E22	1	0	2206	7.21940163191	0.240253853128	0.00227505994907	0.000288972341881	894.412180881	576	0.120613079502	247.115685219	30.1770833333	1687.66375395	4	0	0					
E23	1	0	2240	58.2723214286	1.88035714286	0.0189752711171	0.00246731107974	1142.90380468	4541	0.124723225288	281.71952331	31.2503853777	2081.30614229	4	0	0					
E24	1	0	1994	102.033099298	4.20862587763	0.0438863651087	0.00615364569727	1601.43111645	9215	0.144320539415	455.114554129	24.6039066739	2906.56419524	4	0	0					
F01	1	0	2387	7.45705906996	0.260578131546	0.00244609207681	0.000325068382391	1022.69212132	667	0.12066572868	303.62016261	28.6011994003	1978.58610289	4	0	0					
F02	1	0	2237	85.7545820295	3.52659812249	0.0323282419353	0.00482983613458	1401.27550923	8515	0.141560791653	397.648985148	24.5625366999	2582.11077225	4	0	0					
F03	1	0	2296	8.32273519164	0.287891986063	0.00272588362916	0.000352073948417	921.96713698	699	0.123410616066	254.596833669	28.8969957082	1751.9869158	4	0	0					
F04	1	0	2159	7.89995368226	0.27420101899	0.00295072508253	0.000321293020805	950.201915216	627	0.127125236609	310.558857161	29.1770334928	2011.00620109	4	0	0					
F05	1	0	2202	7.16712079927	0.208446866485	0.0031769387209	0.000261210532704	1049.1850131	499	0.134525102338	498.561114581	34.3607214429	2729.23556365	4	0	0					
F06	1	0	2181	6.84640073361	0.193030719853	0.00271225399861	0.000244948088478	1031.51396266	452	0.127485227589	398.899516694	35.0309734513	2454.81266314	4	0	0					
F07	1	0	2123	7.75977390485	0.227508243052	0.00352930731854	0.000280865819127	1062.21112754	525	0.134488806586	457.326415641	33.9104761905	2773.05182399	4	0	0					
F08	1	0	2226	6.12398921833	0.197663971249	0.00249781987326	0.000241281862461	1036.57571688	467	0.126763596756	346.025622602	31.1970021413	2136.31306228	4	0	0					
F09	1	0	1870	5.68930481283	0.17807486631	0.00215327805398	0.000230190372014	1006.12115725	359	0.126834155347	316.122645628	32.1253481894	2042.38713489	4	0	0					
F10	1	0	2186	7.42177493138	0.210887465691	0.003245865525	0.000256524138238	1131.61442563	498	0.133458883096	478.859781502	35.8875502008	2723.94935431	4	0	0					
F11	1	0	2178	6.00229568411	0.188246097337	0.00199205286938	0.000231814786378	1065.3476238	450	0.121898078994	289.099761484	32.8844444444	1982.09162459	4	0	0					
F12	1	0	2315	6.97235421166	0.23282937365	0.00281483233101	0.000304148286445	1076.9575409	571	0.127139753832	363.790596248	29.9474605954	2380.88446738	4	0	0					
F13	1	0	2203	7.10394916024	0.232864275987	0.00283847981704	0.000301828655959	1125.30490651	545	0.131355191972	398.452232873	30.9449541284	2466.57214955	4	0	0					
F14	1	0	2117	10.9900803023	0.389702409069	0.00338394819026	0.000472938044308	1078.95399017	873	0.11818821934	288.913128157	28.5303550974	2076.96321491	4	0	0					
F15	1	0	2201	6.36528850522	0.206269877328	0.00258737995314	0.000262078710922	1083.68840508	503	0.129972788072	428.058487556	32.0795228628	2666.50866166	4	0	0					
F16	1	0	2215	6.41038374718	0.202257336343	0.0023914574715	0.000255770344656	978.255638373	478	0.124329732584	312.839632955	31.8953974895	2107.12175534	4	0	0					
F17	1	0	2236	7.28041144902	0.228533094812	0.00328883908503	0.000292496344569	1011.07778841	543	0.13415034592	419.823328645	32.5856353591	2476.33359372	4	0	0					
F18	1	0	2076	8.53082851638	0.238921001927	0.00286952411408	0.000298502867214	1001.32526437	534	0.127062806512	330.420492551	35.9868913858	2088.09828802	4	0	0					
F19	1	0	2018	6.35777998018	0.228444003964	0.00254562891137	0.000298082826878	977.424925291	499	0.122499939896	331.080994302	28.2084168337	2042.36891274	4	0	0					
F20	1	0	2310	6.89307359307	0.211255411255	0.00245825635327	0.00026905298959	911.798215515	515	0.118923045102	267.209330645	32.8796116505	1769.74311164	4	0	0					
F21	1	0	2328	9.01932989691	0.27147766323	0.00324310268133	0.000350314794262	908.314169145	654	0.121701660448	265.58175389	33.5581039755	1767.92160502	4	0	0					
F22	1	0	2185	7.43066361556	0.242562929062	0.00204609962702	0.000293421448497	866.019306535	576	0.115578508488	206.180856522	30.703125	1535.4534182	4	0	0					
F23	1	0	2002	6.17482517483	0.195304695305	0.00191325524247	0.000256185460984	912.713842959	419	0.11709849469	233.627362224	32.0644391408	1655.05241041	4	0	0					
F24	1	0	1946	94.0236382323	3.6726618705	0.0368575274465	0.00495636909797	1466.27372905	7795	0.141079952712	408.166457213	25.7790891597	2626.88392879	4	0	0					
G01	1	0	2233	9.71473354232	0.354679802956	0.00293127658479	0.000422241218668	849.846795433	859	0.121888320471	233.723141001	27.6949941793	1655.36757466	4	0	0					
G02	1	0	1677	135.31425164	5.13536076327	0.0839152267993	0.00768497976881	2465.32512914	9789	0.164173531737	896.421130416	26.6590050056	5089.14862327	4	0	0					
G03	1	0	2365	8.1399577167	0.256236786469	0.00281036014764	0.000322655565866	887.727122181	660	0.122521477494	264.01895224	31.5136363636	1770.57774497	4	0	0					
G04	1	0	2276	10.9191564148	0.320298769772	0.00289302384008	0.00037454376458	968.771973788	776	0.119450398513	263.368425186	33.9961340206	1835.03698268	4	0	0					
G05	1	0	2259	42.1447543161	1.33643204958	0.0101458933945	0.00157271632254	1035.34731723	3308	0.119489893401	224.633814552	31.7454655381	1726.53801883	4	0	0					
G06	1	0	2142	8.97525676937	0.291783380019	0.0025121883359	0.000338779411293	943.914468803	669	0.122576760067	251.198698053	30.8191330344	1727.39370593	4	0	0					
G07	1	0	1018	16.2131630648	0.306483300589	0.00810603523397	0.000420506136235	960.794955485	337	0.166210504849	504.437514383	53.3204747774	2607.57496318	4	0	0					
G08	1	0	2013	7.18579234973	0.220566318927	0.002451832439	0.000264869795128	1010.58704235	477	0.127942961752	343.68947165	32.5953878407	2232.07037466	4	0	0					
G09	1	0	2091	7.36202773792	0.204208512673	0.00279722885704	0.000241820768464	1000.46760731	461	0.134648875488	383.632004171	36.2581344902	2272.55264976	4	0	0					
G10	1	0	2091	8.8043998087	0.297465327594	0.00286987722973	0.00035428272624	1013.5411505	672	0.12206675376	275.805706326	29.6145833333	1911.23450556	4	0	0					
G11	1	0	2141	28.1971041569	0.975712283979	0.00850832484688	0.00138202653363	1097.89486717	2208	0.117401529457	249.10861324	29.1503623188	1920.61524378	4	0	0					
G12	1	0	2300	9.55260869565	0.325652173913	0.0032585904327	0.000395989287965	1052.57497597	810	0.122364169503	334.57720868	29.3283950617	2229.87773887	4	0	0					
G13	1	0	2235	9.74004474273	0.326174496644	0.0038387807608	0.000387905729959	1020.47600233	771	0.135314441804	379.652526261	30.1660181582	2259.66967733	4	0	0					
G14	1	0	2171	6.75449101796	0.250575771534	0.00213994507457	0.000305970839744	1011.3691592	590	0.124938108114	285.399542639	27.606779661	1878.13926621	4	0	0					
G15	1	0	1692	112.671985816	4.37056737589	0.0319501374948	0.00483374438443	2072.74653983	8021	0.134164917517	515.215788681	25.9467647426	3563.36979284	4	0	0					
G16	1	0	2047	7.12994626282	0.223253541768	0.0028358823416	0.000268989339586	1018.65271488	501	0.134028144395	409.553944725	32.6686626747	2505.76241562	4	0	0					
G17	1	0	2227	8.12034126628	0.280646609789	0.00364969473748	0.000337207203792	979.547224082	681	0.129100934055	392.887044482	29.2129221733	2401.12737896	4	0	0					
G18	1	0	2081	7.51465641519	0.261412782316	0.00323037818827	0.000330256064626	967.165916248	598	0.131116157239	345.924417181	28.7993311037	2020.15249126	4	0	0					
G19	1	0	2149	7.98138669148	0.252675663099	0.00250474340444	0.000293533594929	955.468342491	578	0.119869155662	293.021426732	32.0034602076	2000.92919939	4	0	0					
G20	1	0	1037	15.0568948891	0.296046287367	0.0075829281349	0.000403501729406	869.590388481	336	0.160196843764	403.823252274	51.0863095238	2087.71006202	4	0	0					
G21	1	0	1159	15.5858498706	0.46419327006	0.00544518401085	0.000464359142885	862.150814325	619	0.133402715705	306.197664799	34.49273021	1780.62698085	4	0	0					
G22	1	0	1670	6.69281437126	0.160479041916	0.00312039589682	0.000233100264329	827.14895554	289	0.140419517222	375.766003211	42.6643598616	2233.66376753	4	0	0					
G23	1	0	1866	5.98499464094	0.200428724544	0.00185816592245	0.000248855641026	1005.15095339	405	0.119774629073	266.339283478	29.8765432099	1887.7660145	4	0	0					
G24	1	0	2066	105.101645692	4.09244917715	0.0502683820508	0.00611430103215	1708.85357091	9183	0.147826234388	524.854282257	25.7911357944	3277.51003589	4	0	0					
H01	1	0	2241	11.276215975	0.391789379741	0.00362476758895	0.000475001747681	907.628021296	935	0.119985167222	247.00771736	29.3732620321	1765.29569518	4	0	0					
H02	1	0	2430	43.8185185185	1.44238683128	0.0135104415257	0.00184489778094	1158.99508412	3780	0.12314682037	291.866670413	30.65	2131.33157749	4	0	0					
H03	1	0	2350	10.0463829787	0.353191489362	0.00335789642339	0.000423418110431	997.747496988	874	0.125217114072	329.323507641	28.8054919908	2139.31217217	4	0	0					
H04	1	0	2185	8.28421052632	0.286041189931	0.00281444757923	0.000333640472769	1003.18608612	692	0.126801149503	341.430216414	28.7976878613	2329.09952622	4	0	0					
H05	1	0	2261	8.26315789474	0.287925696594	0.00279685067542	0.000354087472619	1026.77731684	712	0.125243277973	341.997319277	29.0463483146	2220.78714542	4	0	0					
H06	1	0	1023	22.9892473118	0.510263929619	0.00984823442041	0.000776453222533	1092.83489587	561	0.139538686346	397.737391821	44.935828877	2502.73815139	4	0	0					
H07	1	0	1164	11.1615120275	0.256013745704	0.00590352729258	0.000320671013732	1080.83704568	316	0.164552515941	566.595478705	44.2879746835	2917.43515344	4	0	0					
H08	1	0	2148	7.50325884544	0.254189944134	0.00266032713548	0.000308121838163	1029.64107563	590	0.125211651077	320.701099145	29.8372881356	2101.74556894	4	0	0					
H09	1	0	2175	9.04597701149	0.300229885057	0.00323837098276	0.000342218492651	1080.27564341	704	0.124382497135	360.261254045	30.3849431818	2329.6450048	4	0	0					
H10	1	0	1485	7.74006734007	0.243771043771	0.00233664813689	0.000219189852354	1058.64737596	402	0.138233513886	411.278932574	32.2412935323	2383.77159209	4	0	0					
H11	1	0	2300	7.65956521739	0.217391304348	0.00286091442089	0.000260498850635	1039.74713197	541	0.13057849948	362.844095841	35.4879852126	2239.37109365	4	0	0					
H12	1	0	2095	8.28210023866	0.263007159905	0.00289116453464	0.000326652450655	1106.20085551	598	0.126607115402	347.38481208	32.3779264214	2282.94683473	4	0	0					
H13	1	0	2037	9.22925871379	0.307314678449	0.00305702123398	0.000369865404934	1012.99927447	692	0.123442269705	301.780742751	30.1011560694	2049.49187533	4	0	0					
H14	1	0	2290	10.8524017467	0.425327510917	0.00336909256237	0.00052517893288	1026.40451463	1059	0.11788690276	277.597367871	25.865911237	1938.49829895	4	0	0					
H15	1	0	2285	7.56323851204	0.247702407002	0.00326975761538	0.000319076837863	1029.76992919	616	0.13443724783	424.417179272	30.6201298701	2491.79293422	4	0	0					
H16	1	0	2142	8.09570494865	0.255368814192	0.00340419187817	0.000317098313689	1009.76998001	597	0.132863014861	406.978818495	32.4505862647	2426.14964421	4	0	0					
H17	1	0	2174	7.35418583257	0.241490340386	0.00251127209906	0.000303866757183	966.44665662	556	0.12150204161	302.990403856	30.6618705036	2014.3333728	4	0	0					
H18	1	0	2233	9.44334975369	0.289744738021	0.00380666693553	0.000400328586106	1151.86065528	710	0.129243729292	422.761326205	32.5408450704	2731.7075581	4	0	0					
H19	1	0	2026	9.87166831194	0.285291214215	0.0031249510381	0.000334017355697	914.174595347	642	0.127410688367	341.690569548	34.6183800623	2079.0241557	4	0	0					
H20	1	0	1497	8.23313293253	0.283901135605	0.00254115361539	0.000233827935086	956.526836846	480	0.127896863391	419.999832964	30.4729166667	2554.96118994	4	0	0					
H21	1	0	849	41.531213192	1.35689045936	0.00688095348389	0.0011267329709	957.367319307	1252	0.117014731501	199.796869816	30.7699680511	1496.32508661	4	0	0					
H22	1	0	2130	6.50093896714	0.205164319249	0.00221599235917	0.000268363635078	876.943260299	491	0.124802169327	264.564226447	32.1283095723	1777.82754634	4	0	0					
H23	1	0	2000	8.273	0.2755	0.00304181494894	0.000330673322222	886.116856479	603	0.125826869167	280.050084047	30.4842454395	1775.71383607	4	0	0					
H24	1	0	2043	38.1649534998	1.42290748899	0.0108307230292	0.00178652923759	1040.32411584	3136	0.119616285224	245.007448338	27.1272321429	1872.03989153	4	0	0					
I01	1	0	1933	113.561821004	4.74599068805	0.0527993519325	0.00668251025849	1632.79073762	10045	0.152840554713	502.810719085	24.0710801394	3030.02362456	4	0	0					
I02	1	0	1895	7.33298153034	0.229023746702	0.0024295216332	0.000273731619222	931.00760369	474	0.123509900143	272.361141072	31.8438818565	1825.18288112	4	0	0					
I03	1	0	2138	8.54443405051	0.27736202058	0.00333938453542	0.000335657023923	900.736269992	655	0.128658164682	298.053467095	31.186259542	1904.56443143	4	0	0					
I04	1	0	2094	12.9431709647	0.466093600764	0.00359340113255	0.000544558689158	952.518393617	1037	0.115109938732	243.564655124	27.9778206365	1784.43025512	4	0	0					
I05	1	0	2110	8.99620853081	0.290995260664	0.00304296979394	0.000334871752556	949.384339782	683	0.122768383462	311.230869043	31.4143484627	2004.7943271	4	0	0					
I06	1	0	2168	9.02859778598	0.318726937269	0.00312874791641	0.000401502489265	953.414843736	735	0.124014106494	285.348045509	28.6149659864	1855.40272803	4	0	0					
I07	1	0	2073	8.03666184274	0.2667631452	0.00294126094068	0.000338516119152	976.63449938	595	0.122895661512	339.232233234	30.6	2084.96803986	4	0	0					
I08	1	0	1931	8.17814603832	0.271361988607	0.00298021969047	0.000313450945438	1032.72579827	574	0.125500199837	368.492950335	30.0139372822	2374.41340514	4	0	0					
I09	1	0	1937	7.06969540527	0.249354672173	0.00233808955089	0.000307966235333	987.653123112	533	0.122973603711	293.657027106	29.5084427767	1979.99274978	4	0	0					
I10	1	0	1940	7.23144329897	0.258762886598	0.00253410774935	0.000322614920706	1046.20754709	539	0.128501316122	311.334716636	28.3784786642	2091.97504727	4	0	0					
I11	1	0	2053	6.63614223088	0.199220652703	0.00192859434226	0.000210495864449	1047.36561049	439	0.126755479825	364.171877931	33.7312072893	2348.91991623	4	0	0					
I12	1	0	2279	11.5660377358	0.438788942519	0.00386871107064	0.00055894820656	1012.26303996	1083	0.121804930036	287.152593333	26.3037857802	1968.40704487	4	0	0					
I13	1	0	2089	8.12685495452	0.292963140258	0.00338264641269	0.000398946611359	985.567344849	651	0.124152526251	331.539125001	27.7066052227	2112.45083288	4	0	0					
I14	1	0	2083	20.4915986558	0.74843975036	0.0065205768619	0.00117268368448	1017.64461493	1671	0.11720584323	223.626031172	27.6409335727	1718.84096903	4	0	0					
I15	1	0	673	131.991084695	4.21248142645	0.055032191728	0.00495729085565	1560.38874723	3145	0.153105248283	530.539265193	31.5691573927	3178.09971994	4	0	0					
I16	1	0	895	15.6815642458	0.394413407821	0.00363217480882	0.000314933771961	903.753975684	403	0.130476885002	315.059647397	39.6476426799	1851.19338201	3	0	0					
I17	1	0	1521	13.5733070348	0.470085470085	0.00348289772329	0.000479609270156	954.909287827	780	0.122778134946	263.054602537	29.7205128205	1795.23302667	4	0	0					
I18	1	0	1851	56.3149648838	1.85899513776	0.0167967687462	0.00262897908645	1088.2078507	3721	0.120652020066	242.178991531	30.5423273314	1894.07073349	4	0	0					
I19	1	0	1888	7.91684322034	0.258474576271	0.00295278752127	0.000305514743358	943.997484882	532	0.130408321372	325.244513072	31.3139097744	1971.11979242	4	0	0					
I20	1	0	1971	6.24403855911	0.198883815322	0.00208562107152	0.000258304349631	884.229348369	430	0.119275522808	246.419409068	31.3720930233	1682.07914202	4	0	0					
I21	1	0	2079	6.42953342953	0.211159211159	0.00244302348387	0.000288853782084	856.572302126	485	0.122096507561	253.139206432	30.3030927835	1704.95370256	4	0	0					
I22	1	0	2101	7.90861494526	0.250832936697	0.00263609541317	0.000325212916151	869.681446626	561	0.121969792572	250.513564688	32.1301247772	1670.99494586	4	0	0					
I23	1	0	2018	99.6704658077	4.189296333	0.0428238867902	0.00610833371873	1384.90736603	9342	0.146849133857	399.875852054	23.9795546992	2509.0622483	4	0	0					
I24	1	0	1660	17.4487951807	0.457831325301	0.00318018943989	0.000410406283622	929.041530488	829	0.116544481124	214.335604808	38.4041013269	1587.46039157	4	0	0					
J01	1	0	1989	133.454499749	4.802413273	0.0664426004801	0.00697265940514	1845.55693833	10446	0.156102556882	585.287356431	28.0337928394	3452.2456149	4	0	0					
J02	1	0	2116	7.03827977316	0.214083175803	0.00218260750283	0.000255247843577	986.356326583	490	0.120933789314	261.37546827	32.5918367347	1823.98986285	4	0	0					
J03	1	0	2162	90.362627197	3.45698427382	0.0297489525161	0.00466150970485	1286.55566565	8133	0.133128192645	311.905648543	26.2942333702	2219.51390672	4	0	0					
J04	1	0	1800	8.31888888889	0.240555555556	0.00395097305385	0.000328337208783	884.820990056	476	0.134135423119	333.460080437	35.1176470588	1914.77735069	4	0	0					
J05	1	0	964	23.3215767635	0.45020746888	0.00856536083046	0.000547738307047	1032.19948234	505	0.147708336354	423.159670538	52.7544554455	2400.55231835	4	0	0					
J06	1	0	2344	7.40699658703	0.227815699659	0.00235371864992	0.000279915927345	1003.81089674	579	0.120992115911	334.026330568	32.3385146805	2227.23155516	4	0	0					
J07	1	0	2206	7.08567543064	0.252039891206	0.0024544535374	0.000301055183524	1013.11259855	589	0.125646628303	298.911241029	28.0509337861	1946.71085584	4	0	0					
J08	1	0	2279	7.86397542782	0.253181219833	0.0027366533957	0.000300811898816	1059.84530577	624	0.127874794059	351.103342416	31.1586538462	2227.61934101	4	0	0					
J09	1	0	2259	6.20938468349	0.198760513502	0.00254774675287	0.000261963101909	1076.67275807	484	0.132102625051	386.273163492	31.0847107438	2254.72739714	4	0	0					
J10	1	0	2058	7.07774538387	0.212827988338	0.00313192418739	0.000253806758732	1079.49316643	483	0.135650577163	438.068356754	33.1407867495	2527.90376245	4	0	0					
J11	1	0	1954	13.230296827	0.347492323439	0.00432258543663	0.000411133023812	1115.31316072	745	0.128402566506	373.401448981	38.1436241611	2411.9717806	4	0	0					
J12	1	0	1034	7.16150870406	0.15087040619	0.00361059552305	0.000220067872653	975.132569558	169	0.152831176137	452.112650341	48.2603550296	2355.14522149	4	0	0					
J13	1	0	2044	16.5362035225	0.551859099804	0.00542141847814	0.000741089407314	1059.3269609	1222	0.119914914263	270.466779911	29.9901800327	1914.42886387	4	0	0					
J14	1	0	1578	3.72560202788	0.102027883397	0.00192204257124	0.000123739391448	919.863380627	192	0.154471635694	471.074413836	38.0416666667	2411.18451182	4	0	0					
J15	1	0	2285	7.54879649891	0.262144420131	0.002478496073	0.000305401247784	995.589133219	637	0.121502316304	280.059660876	28.9293563579	1899.74445758	4	0	0					
J16	1	0	2163	5.70596393897	0.186777623671	0.00198165761449	0.000226032777313	929.310964609	438	0.124673823852	287.599449552	30.2762557078	1885.66593943	4	0	0					
J17	1	0	4	56.75	1.5	0.0125108132054	0.00141275078568	1178.50337734	6	0.160106043809	1229.19445077	37.8333333333	7159.46613252	4	0	0					
J18	1	0	1687	45.1132187315	1.73266152934	0.0148890921348	0.0026420232061	1129.89829777	3179	0.126155241824	269.111381751	26.1189053161	1912.07694909	4	0	0					
J19	1	0	1967	6.7036095577	0.208439247585	0.00229978299512	0.000253739410813	961.042442982	446	0.130902117092	327.705136645	32.1479820628	1941.03426342	4	0	0					
J20	1	0	1921	7.91098386257	0.261322228006	0.002673014301	0.000347149215483	927.662355664	553	0.123751700093	268.000811004	30.3037974684	1808.37461357	4	0	0					
J21	1	0	954	174.601677149	5.07337526205	0.0545470128041	0.00514937250824	1751.61966276	5457	0.13601610056	495.255987831	34.6842587502	3516.76727403	4	0	0					
J22	1	0	2155	7.28213457077	0.240371229698	0.00261561688388	0.00029319971573	809.797012572	550	0.12368193875	242.691211767	30.0054545455	1577.65935968	4	0	0					
J23	1	0	2087	115.09535218	5.28653569717	0.0506297642907	0.00726742863743	1368.57891233	11795	0.151631533897	425.976624884	21.874523103	2573.21470041	4	0	0					
J24	1	0	2003	8.47628557164	0.247628557164	0.00228809963608	0.000294322479525	942.281462335	531	0.120175590623	248.503447921	35.4237288136	1751.85778935	4	0	0					
K01	1	0	2151	120.990701999	4.48582054858	0.0548696967327	0.00633035845121	1586.67636655	10405	0.151803734352	498.826351305	27.0972609322	3003.34314876	4	0	0					
K02	1	0	2197	9.82020937642	0.304961310878	0.00260392510284	0.000363190024156	849.461746435	720	0.115909525316	207.633682731	32.2486111111	1554.39712468	4	0	0					
K03	1	0	2058	9.71282798834	0.3527696793	0.00243802549179	0.000390491271135	891.578056078	784	0.117110950879	206.627081446	27.7385204082	1549.89550332	4	0	0					
K04	1	0	2135	9.18032786885	0.270257611241	0.00326380258312	0.000342438639122	896.522939034	634	0.125597860463	264.273872787	34.2003154574	1770.58070747	4	0	0					
K05	1	0	546	24.0860805861	0.373626373626	0.00799363760953	0.000362586803827	896.245017949	222	0.157297292009	351.046770269	63.3063063063	1942.88151567	4	0	0					
K06	1	0	1877	6.15290356953	0.201917954182	0.00255438137316	0.000241283678076	854.639520172	427	0.139799592578	339.115190555	30.1733021077	2001.07011252	4	0	0					
K07	1	0	1123	59.8058771149	2.21549421193	0.0145686306697	0.00194703271777	1117.08601696	2702	0.130414082527	309.408162777	27.0632864545	2093.68845941	4	0	0					
K08	1	0	2061	10.4580300825	0.330422125182	0.00356755268762	0.000376730694649	1018.5055288	719	0.123133394388	304.461107027	31.7315716273	1946.19697769	4	0	0					
K09	1	0	1891	6.4013749339	0.203595980962	0.00213520003123	0.000248990896903	949.630178777	415	0.121559637627	272.094231037	31.621686747	1855.38651784	4	0	0					
K10	1	0	2181	6.6593305823	0.215955983494	0.00232558808422	0.000266118318877	994.29081689	516	0.123459352482	313.457181677	31.25	2096.65641043	4	0	0					
K11	1	0	2159	7.0907827698	0.231588698472	0.00234808076975	0.000271561245	1041.83619154	529	0.125144091214	337.561008703	31.1039697543	2183.8367637	4	0	0					
K12	1	0	1905	6.89868766404	0.213648293963	0.00313484543248	0.000283747352262	1004.68549767	440	0.13608601147	422.294355519	33.4363636364	2398.77316058	4	0	0					
K13	1	0	1745	123.748997135	4.73810888252	0.0716501512595	0.00756880957583	1885.40768295	9098	0.155930912247	598.466604267	26.2600571554	3586.39653204	4	0	0					
K14	1	0	2023	7.27187345526	0.259021255561	0.00215209693627	0.000318635779643	964.756102459	585	0.121946018863	264.896165679	28.3692307692	1867.0801673	4	0	0					
K15	1	0	1242	138.173913043	5.08212560386	0.0357750630942	0.00482909167755	1845.77606212	7012	0.136302748328	485.263363514	27.3700798631	3242.39349417	4	0	0					
K16	1	0	988	15.7550607287	0.335020242915	0.00528984260078	0.000367320477307	938.479791276	360	0.149431694704	390.098841642	46.8972222222	2229.59333295	4	0	0					
K17	1	0	2304	7.16319444444	0.223958333333	0.0029503467671	0.000298569117679	1048.58007209	532	0.127009011175	360.424140698	31.8947368421	2357.30598469	4	0	0					
K18	1	0	778	37.0218508997	0.863753213368	0.0111255769599	0.00086296389232	964.411126526	755	0.136911969267	335.75180905	42.578807947	2090.66716943	4	0	0					
K19	1	0	2055	12.1727493917	0.446228710462	0.00460374134233	0.000640501754557	954.173773102	979	0.122028649964	276.213637104	27.3626149132	1910.91537523	4	0	0					
K20	1	0	2127	23.9196050776	0.873530794546	0.00724656596675	0.00120220522041	1100.98885579	2020	0.120788906673	266.281288155	27.788613861399998	1993.59865785	4	0	0					
K21	1	0	2065	58.7268765133	2.36949152542	0.0223947403094	0.00348131131656	1089.60182648	5286	0.134079224663	302.938176724	24.8634127885	2057.36501487	4	0	0					
K22	1	0	1695	115.087905605	4.32684365782	0.0822199405311	0.00770315293198	2197.23046176	7982	0.164807312235	749.132791575	26.7039589075	4229.39720126	4	0	0					
K23	1	0	1973	98.3000506842	4.25595539787	0.0410877475018	0.00590866219356	1341.74857467	9139	0.146873433768	412.141603781	23.3488346646	2553.23601791	4	0	0					
K24	1	0	2133	6.57243319269	0.21425222691	0.00197676523682	0.000288342946802	860.922820289	501	0.120140830659	230.775168452	30.9321357285	1668.73955105	4	0	0					
L01	1	0	2289	109.378331149	4.29532546964	0.0476497637333	0.00597571178969	1783.37198757	10590	0.148065031908	541.754825566	25.6447592068	3383.21332401	4	0	0					
L02	1	0	2128	79.3768796992	3.13392857143	0.0270259217836	0.00419908661936	1230.79477126	7305	0.137180442617	328.330713593	25.5611225188	2205.84838967	4	0	0					
L03	1	0	1799	9.53307392996	0.260700389105	0.00456358961414	0.000357390875675	896.595472084	503	0.142136114951	349.998413255	37.0059642147	2033.6890731	4	0	0					
L04	1	0	2235	9.348098434	0.307829977629	0.00299881041249	0.000370616741154	925.923014779	732	0.12362991413	254.979903399	30.868852459	1742.66392657	4	0	0					
L05	1	0	1849	4.61709031909	0.126554894538	0.00271674403249	0.000173147945364	930.862344887	263	0.15578751539	507.20867658	36.7148288973	2622.02914508	4	0	0					
L06	1	0	2246	7.76714158504	0.239091718611	0.00321590090612	0.000316213192914	1000.16372838	585	0.129172149619	352.39939026	32.1965811966	2150.51140297	4	0	0					
L07	1	0	1399	26.9978556112	0.985704074339	0.00824254242313	0.00126457158987	1104.59026036	1479	0.128392328721	289.963776685	27.8039215686	2025.00942556	4	0	0					
L08	1	0	1160	10.1025862069	0.206896551724	0.00420570057539	0.000206184233145	973.425208879	263	0.158965909521	547.019056316	49.5551330798	2912.1922561	4	0	0					
L09	1	0	2007	13.5117090184	0.466367713004	0.00393903347216	0.000577715083551	1062.78225475	1025	0.120469249952	265.842739208	29.4380487805	1990.20005198	4	0	0					
L10	1	0	2230	8.60762331839	0.265022421525	0.00321349112755	0.00033079631985	1060.69974842	634	0.130105957914	343.427463502	32.905362776	2223.69487733	4	0	0					
L11	1	0	2284	7.97985989492	0.246059544658	0.00254335134213	0.000298371602111	1074.01085008	609	0.127675486507	370.323263479	32.8932676519	2421.01258491	4	0	0					
L12	1	0	1987	8.476094615	0.291897332662	0.00345603320148	0.0003592691763	1025.22708187	623	0.126803039485	352.515308625	29.0850722311	2284.44512897	4	0	0					
L13	1	0	2341	7.93421614695	0.291328492097	0.00291442611613	0.000358394172608	1055.83559612	735	0.128868837132	373.334360489	27.8897959184	2330.54209343	4	0	0					
L14	1	0	1996	8.99849699399	0.322645290581	0.00313357110468	0.000386180179269	1003.27087261	681	0.121859866971	319.397687794	28.0293685756	2142.9782238	4	0	0					
L15	1	0	1223	21.9443990188	0.703188879804	0.00492404225832	0.000586695585674	1092.67157702	942	0.124066052443	316.082913808	31.8864118896	2138.93833361	4	0	0					
L16	1	0	2101	9.25511661114	0.284150404569	0.0029136642033	0.000330674761239	1042.78217239	640	0.12394100682	324.745600372	32.7453125	2106.63764279	4	0	0					
L17	1	0	2112	6.33333333333	0.196496212121	0.00255612115266	0.00024979826771800003	1025.52008106	453	0.127229438017	360.377264992	32.3642384106	2233.55336137	4	0	0					
L18	1	0	1218	7.75862068966	0.238095238095	0.00276706939912	0.0002608929903	923.687147254	321	0.134607311804	323.055512703	32.8286604361	1900.41347631	4	0	0					
L19	1	0	2018	5.39494549058	0.139742319128	0.00267515093797	0.00018424444342	887.011067936	313	0.137512746951	423.467133829	39.3226837061	2397.37960019	4	0	0					
L20	1	0	2250	7.95911111111	0.268888888889	0.00251375051734	0.000348297857101	917.418848974	648	0.119444563472	276.608413407	30.024691358	1837.9349719	4	0	0					
L21	1	0	1883	117.852894318	4.7180031864	0.0671890915605	0.0067183363373	1939.33062896	9552	0.158497070049	710.536443693	25.1757747069	4129.27193184	4	0	0					
L22	1	0	2136	9.48127340824	0.306179775281	0.00299751265123	0.000368140793981	860.768550714	699	0.119900435955	227.479422336	30.7682403433	1572.2187093	4	0	0					
L23	1	0	1947	114.317925013	4.72778633796	0.0541688009713	0.00686432038914	1728.23413036	9771	0.149393207013	545.835496226	24.405076246	3392.1769761	4	0	0					
L24	1	0	2091	112.5011956	4.51793400287	0.0514631562743	0.00642381321482	1590.37135671	10380	0.15039061984	487.453683174	25.1526011561	2985.00234255	4	0	0					
M01	1	0	2300	71.6443478261	2.77260869565	0.0259278320362	0.00366890533128	1353.42439549	6842	0.130874376662	352.841072263	25.8436129787	2519.05214258	4	0	0					
M02	1	0	2007	69.7329347285	2.66467364225	0.0230379027328	0.00345770784415	1435.19072822	5838	0.134864071443	363.635576548	26.4847550531	2488.00577136	4	0	0					
M03	1	0	2193	20.3939808482	0.673506611947	0.00562379600946	0.000878857040792	1024.87857325	1576	0.117528782376	237.220733389	30.1173857868	1826.59639137	4	0	0					
M04	1	0	2326	52.4905417025	2.01762682717	0.017566844456	0.00275981668878	1155.10415307	5005	0.129658040907	306.59645126	26.2111888112	2150.22956236	4	0	0					
M05	1	0	1869	14.9834135902	0.601926163724	0.00508897617488	0.000813608827853	911.378659664	1207	0.1202115139	249.066708247	25.1623860812	1767.17453871	4	0	0					
M06	1	0	2047	9.29164631168	0.300439667807	0.00368906805476	0.000404937059449	983.37090626	672	0.125312617115	342.349914545	30.9360119048	2190.49327018	4	0	0					
M07	1	0	1862	44.8625134264	1.65735767991	0.011460887382	0.00205265731581	1083.46963998	3367	0.118695226564	217.877953382	27.1446391446	1740.98100563	4	0	0					
M08	1	0	1968	9.68800813008	0.286585365854	0.00330917336862	0.0003612375667	1102.76150474	606	0.127368913049	363.804917324	34.1749174917	2314.11579535	4	0	0					
M09	1	0	1888	6.1906779661	0.189088983051	0.00252033335345	0.000243553055567	959.517384694	409	0.129631342031	347.061689567	32.8875305623	2148.20646927	4	0	0					
M10	1	0	1889	8.91371095818	0.320275277925	0.00306948662494	0.000391758171329	995.300526546	643	0.122717713772	305.920581889	28.401244168	1959.16283661	4	0	0					
M11	1	0	1113	44.9766397125	1.2632524708	0.0207414669263	0.00252452469562	1222.67185283	1514	0.132418710658	320.347824311	35.8110964333	2203.77980736	4	0	0					
M12	1	0	2026	8.19496544916	0.281836130306	0.00265683020919	0.000322058408405	957.046538509	618	0.123929943938	282.409019142	29.5097087379	1840.6410143	4	0	0					
M13	1	0	2203	7.19655015887	0.234679981843	0.00239301426868	0.000289242301588	989.499085783	575	0.122745002726	299.142318752	30.5286956522	1994.25581874	4	0	0					
M14	1	0	2137	7.28451099672	0.265793167993	0.00259297455183	0.000327540215334	999.470912219	610	0.128115972244	316.687676662	27.7737704918	2067.01235424	4	0	0					
M15	1	0	2095	6.9245823389	0.258233890215	0.00211317756637	0.000292349923462	1002.569135	587	0.121370482092	318.128836181	26.9352640545	2208.31088495	4	0	0					
M16	1	0	2070	8.11787439614	0.274879227053	0.00268789641696	0.000345743138479	936.150835453	607	0.122032480347	325.896094251	29.7677100494	2160.2017408	4	0	0					
M17	1	0	1873	8.61078483716	0.283502402563	0.00291479025618	0.000357331758652	957.86353213	561	0.122379897358	320.973969183	30.5204991087	2148.43331668	4	0	0					
M18	1	0	1963	9.07284768212	0.286296484972	0.00269708408965	0.000352503619257	920.462835728	598	0.119787313894	233.314099134	31.4280936455	1679.36549416	4	0	0					
M19	1	0	1863	6.48631239936	0.181964573269	0.00272505452866	0.00022472847569	954.678481723	382	0.138497597243	389.230793569	35.5994764398	2279.53205248	4	0	0					
M20	1	0	1943	11.9058157488	0.397323726197	0.00353962667483	0.000467235509693	920.406511615	846	0.120487439928	275.240002011	30.5721040189	1925.1062691	4	0	0					
M21	1	0	2009	9.67098058736	0.326032852165	0.00368564190874	0.000422232625947	917.893989136	702	0.126573814487	318.181262758	30.0299145299	1952.09357766	4	0	0					
M22	1	0	1994	6.20461384152	0.191574724173	0.00283407377265	0.000260086775544	883.700465877	412	0.129417961369	339.515060561	33.1699029126	2017.24474132	4	0	0					
M23	1	0	2085	60.9199040767	2.17314148681	0.0189289786125	0.00277265090187	1167.58733703	4838	0.125129613606	281.602143007	28.2769739562	2108.30780478	4	0	0					
M24	1	0	2031	106.459871984	4.15805022157	0.0466409525004	0.00604593422464	1651.98337462	9048	0.146704838561	482.728433993	25.7695623342	3047.49989357	4	0	0					
N01	1	0	2175	9.15448275862	0.303448275862	0.00345550881188	0.000405619045433	1008.46041789	731	0.125099738652	340.866383201	30.2667578659	2245.49066647	4	0	0					
N02	1	0	2017	122.797223599	4.36192364898	0.0588919617592	0.00636520615663	1632.89242868	9789	0.153164536165	524.0163607	28.274389621	3119.30203667	4	0	0					
N03	1	0	2270	8.64185022026	0.247577092511	0.00305238304454	0.00030271991734	982.466382963	588	0.127701838136	346.588959706	34.6904761905	2140.79539754	4	0	0					
N04	1	0	2142	9.0522875817	0.290849673203	0.00294761505224	0.000369827902879	979.793584876	667	0.119195526098	269.337328101	31.0194902549	1965.45072304	4	0	0					
N05	1	0	880	18.5988636364	0.579545454545	0.00444980239646	0.00053512992176	1011.64782728	563	0.124700046077	294.117773604	32.4404973357	2031.06777384	4	0	0					
N06	1	0	1848	23.5535714286	0.709415584416	0.00831496535372	0.000917866921865	1007.64593952	1412	0.125820146166	290.386589203	33.7932011331	2043.62753645	4	0	0					
N07	1	0	2020	7.97722772277	0.236633663366	0.00267582881333	0.000281423505708	987.661732994	525	0.127520164808	356.908201052	34.3276190476	2242.77147753	4	0	0					
N08	1	0	1897	9.76383763838	0.278861360042	0.00262294228147	0.000349007145094	1037.00519736	570	0.116743047287	263.001369638	35.0157894737	2034.81306543	4	0	0					
N09	1	0	2087	6.1672256828	0.200287494011	0.00187495846947	0.000238766583301	1009.24693699	459	0.124246419781	294.423388509	31.4466230937	1957.18234266	4	0	0					
N10	1	0	2120	6.1070754717	0.192924528302	0.00185133552795	0.000229196482597	1022.69042352	449	0.123949555559	286.165845866	31.6592427617	1943.93296148	4	0	0					
N11	1	0	2124	6.48634651601	0.18549905838	0.00276083396479	0.000230083998635	1006.9364574	430	0.132693059153	369.85892013	35.4418604651	2248.10080669	4	0	0					
N12	1	0	2075	5.6443373494	0.172048192771	0.00263046475499	0.000239896393516	973.845394553	370	0.134520917398	383.837170413	32.8540540541	2274.53972446	4	0	0					
N13	1	0	2006	6.81006979063	0.252243270189	0.00259377286759	0.000314248797603	1020.3746705	534	0.121989845702	293.071462129	27.1161048689	1998.60163247	4	0	0					
N14	1	0	1717	9.03261502621	0.296447291788	0.00248606171692	0.000325188838916	988.997536181	556	0.122363699868	287.60904159	30.5899280576	1993.09057376	4	0	0					
N15	1	0	2023	8.3929807217	0.283737024221	0.0027760607793	0.000381938227581	1009.71706171	633	0.122405674114	271.014339865	30.4423380727	1917.85572066	4	0	0					
N16	1	0	2015	7.40992555831	0.224813895782	0.00311338646056	0.000281372532048	968.528471936	488	0.13730623283	408.101650472	32.7295081967	2342.48931572	4	0	0					
N17	1	0	1839	9.07395323545	0.293637846656	0.00341231773411	0.000344066681957	915.332070675	590	0.131208817027	322.395757777	31.1745762712	1964.84061522	4	0	0					
N18	1	0	1900	10.0947368421	0.325263157895	0.00276323728147	0.000375826644779	952.405573728	660	0.118784250206	234.070666886	31.0454545455	1697.44174345	4	0	0					
N19	1	0	1770	9.40338983051	0.285875706215	0.00339189991598	0.000355640054707	896.729879335	548	0.127236438794	296.621630388	33.0419708029	1919.57311002	4	0	0					
N20	1	0	1883	10.7132235794	0.3473181094	0.00292339371998	0.000413820539744	881.368379556	707	0.120205751625	247.376544111	31.0113154173	1744.3022348	4	0	0					
N21	1	0	1948	8.16273100616	0.239733059548	0.00320747028206	0.000295061616103	924.646452911	499	0.124482708459	335.474677448	34.0160320641	2066.8956263	4	0	0					
N22	1	0	1951	7.91389031266	0.247052793439	0.00257739203319	0.000304242685415	872.183873353	524	0.119499147267	251.571800311	32.179389313	1704.25710784	4	0	0					
N23	1	0	1933	7.70408691154	0.252457320228	0.00279433016261	0.000311711890179	918.618666497	525	0.122975593069	280.571903581	30.819047619	1816.4950648	4	0	0					
N24	1	0	1813	99.5780474352	4.0943188086	0.0412435415837	0.00560150349989	1480.96972314	8082	0.146044012272	447.663456142	24.5499876268	2795.76309543	4	0	0					
O01	1	0	1910	8.49109947644	0.261256544503	0.00246416414431	0.00031680164582	960.505522923	531	0.117914448695	255.507821414	32.6233521657	1931.7563116	4	0	0					
O02	1	0	1776	147.98704955	4.8490990991	0.0846011026917	0.00691814797911	2682.19616219	9334	0.162568757477	969.1826413	30.676987358	5558.66894494	4	0	0					
O03	1	0	1041	40.846301633	1.29490874159	0.00719186224213	0.00113864387498	994.603131662	1441	0.117378751561	189.402482466	31.7890353921	1457.76943979	4	0	0					
O04	1	0	2125	8.10494117647	0.249882352941	0.00256211042135	0.000319244831842	958.715151149	570	0.117710874145	251.916029799	32.650877193	1774.75209459	4	0	0					
O05	1	0	2194	9.23062898815	0.326800364631	0.00266815015379	0.000397896855391	893.79769361	759	0.114658756169	212.745313361	28.6337285903	1583.74623631	4	0	0					
O06	1	0	1457	12.4001372684	0.31159917639	0.00422856374905	0.000416756156333	955.9298322	485	0.125986695751	336.226520527	39.3917525773	2149.42563478	4	0	0					
O07	1	0	1774	97.2908680947	3.67812852311	0.0375189475296	0.00486922424456	1545.64575858	7194	0.139024016992	435.083297929	26.5426744509	2892.04963821	4	0	0					
O08	1	0	1855	18.7407008086	0.59460916442	0.0048003277647	0.00070875320239	997.451477426	1209	0.115396869284	219.208135418	31.6889991729	1739.90453535	4	0	0					
O09	1	0	1792	53.1300223214	2.00055803571	0.0173689709194	0.0025989648218	1143.09639045	3882	0.130204584164	300.541694016	26.7509015971	2112.48050117	4	0	0					
O10	1	0	64	39.109375	0.5625	0.0187948886798	0.00117774401045	1162.66316856	36	0.136505419543	328.419646264	69.5277777778	2142.76731907	4	0	0					
O11	1	0	416	21.2403846154	0.353365384615	0.00881604058913	0.000529987058774	983.327282637	150	0.140864896634	331.441537932	60.5533333333	2078.52227405	4	0	0					
O12	1	0	1978	7.0353892821	0.233569261881	0.00267893624323	0.000310588605854	1062.02892005	511	0.12095295747	327.965740503	30.8610567515	2207.75800965	4	0	0					
O13	1	0	1908	33.4019916143	1.29507337526	0.00874875794406	0.00170081497548	993.572198129	2654	0.117170837639	204.13430423	25.9095704597	1637.86264935	4	0	0					
O14	1	0	31	108.387096774	3.29032258065	0.0352427528216	0.00334139206567	1225.09440744	104	0.131984319718	334.025041979	33.1442307692	2398.37857987	4	0	0					
O15	1	0	1267	12.81925809	0.432517758485	0.00318257990458	0.000317761451961	933.178472356	598	0.125715205855	306.07066487	29.6789297659	1947.63449804	4	0	0					
O16	1	0	1964	10.249490835	0.323319755601	0.00278618321115	0.000363528421709	929.30974209	685	0.116709731102	260.83272392	32.2642335766	1801.45445369	4	0	0					
O17	1	0	1793	8.09704406023	0.232571109872	0.00304302124221	0.000293173510449	963.700371192	458	0.128774732975	350.708345473	34.6179039301	2195.34848413	4	0	0					
O18	1	0	2052	7.20516569201	0.238791423002	0.00225584575829	0.000286375579393	918.801306966	536	0.122722559825	249.44215578	30.052238806	1710.25725932	4	0	0					
O19	1	0	2031	8.26834071886	0.260955194485	0.00286058807823	0.000326887243886	937.355389141	565	0.122239517024	288.588708786	31.6796460177	1968.4110315	4	0	0					
O20	1	0	2110	7.97819905213	0.262085308057	0.00266721621538	0.00032761430796	907.385331582	589	0.121730473977	268.713684867	30.5687606112	1737.71432208	4	0	0					
O21	1	0	1950	9.60051282051	0.317435897436	0.00299269726934	0.000387481462542	889.17458154	667	0.122449604085	251.535185803	30.7826086957	1766.09087403	4	0	0					
O22	1	0	2123	7.5840791333	0.231747527084	0.00315825868597	0.000302435299649	920.071263795	527	0.12589756017	334.096031318	32.7134724858	2019.07007284	4	0	0					
O23	1	0	1842	7.7220412595	0.268729641694	0.00224209853586	0.000320173379724	911.985350406	535	0.119180304749	247.717768474	29.1719626168	1743.11971791	4	0	0					
O24	1	0	2182	110.807974335	4.71127406049	0.0594592189527	0.00744108655935	1904.71780145	11013	0.153271634114	617.45582594	23.8169436121	3721.70271547	4	0	0					
P01	1	0	2084	7.77783109405	0.243761996161	0.00249573015041	0.000307106580825	1002.59561776	539	0.123312475193	279.173783987	31.8812615955	1894.01398498	4	0	0					
P02	1	0	2087	38.746526114	1.027311931	0.010972901964	0.00136404195671	1212.55990788	2276	0.119288505989	268.968903942	37.8049209139	2101.7437088	4	0	0					
P03	1	0	1635	62.277675841	2.24036697248	0.0255225397716	0.0041903210471	1355.32227975	3915	0.131136577038	317.738735843	27.8572158365	2270.8607417	4	0	0					
P04	1	0	1794	18.7798216276	0.424191750279	0.00470231221144	0.000479128773897	969.122331245	824	0.118829867529	247.521740377	44.5279126214	1780.77846342	4	0	0					
P05	1	0	1954	9.25127942682	0.273797338792	0.0027842541762	0.000364658636936	952.214021833	595	0.116858242952	232.446619518	34.0890756303	1752.8308623	4	0	0					
P06	1	0	1911	8.50758765044	0.23495552067	0.00292102325932	0.000308801466103	953.625140088	490	0.121664143042	271.685428279	36.5775510204	1847.98962423	4	0	0					
P07	1	0	1967	12.3812913066	0.391967463142	0.0033423347822	0.000453228310975	1000.84425505	827	0.117890882295	249.17039331	32.0217654172	1843.02648116	4	0	0					
P08	1	0	1917	8.7558685446	0.251434533125	0.0024221106256	0.000309944644075	972.483686055	529	0.115624510848	246.817429799	34.4536862004	1786.55536808	4	0	0					
P09	1	0	2010	9.12935323383	0.270149253731	0.0029760529738	0.000314534586375	1013.04231471	602	0.126318702475	332.522458376	34.4019933555	2160.68083671	4	0	0					
P10	1	0	357	77.137254902	2.40896358543	0.0249142701243	0.00298759057914	1232.8129766	922	0.134470663407	342.077891721	32.2613882863	2303.36899533	4	0	0					
P11	1	0	312	25.0865384615	0.387820512821	0.00751713670095	0.000393014077044	931.823660505	129	0.147740276751	391.955757227	66.0387596899	2184.47297874	4	0	0					
P12	1	0	1998	7.01451451451	0.225725725726	0.00255430346116	0.000265477367572	1020.62407543	495	0.126382244565	357.564998486	31.2222222222	2251.68210993	4	0	0					
P13	1	0	2039	5.53114271702	0.166257969593	0.00194872170338	0.000209807130542	1002.27182839	367	0.124722842705	287.315895123	33.0354223433	1912.04190937	4	0	0					
P14	1	0	2037	12.4324987727	0.473735886107	0.0035774258501	0.000592022435397	1004.99171936	1031	0.117533832102	240.819746679	26.2909796314	1797.20223602	4	0	0					
P15	1	0	1853	5.81759309228	0.187263896384	0.00279515037375	0.000234554076151	986.693077991	382	0.136177597181	460.636443936	31.4214659686	2561.56859336	4	0	0					
P16	1	0	1768	10.3207013575	0.29128959276	0.00304285371635	0.000360391239072	974.332914659	550	0.120392386592	264.941788125	35.3963636364	1872.87333887	4	0	0					
P17	1	0	1791	6.936906756	0.203796761586	0.00282645199311	0.000255253186387	896.73347735	398	0.131485409952	337.424401904	34.324120603	1976.43624266	4	0	0					
P18	1	0	2076	8.42485549133	0.25289017341	0.00268028722475	0.000313576349622	953.645893211	559	0.122738609825	278.041736319	33.6636851521	1909.9047827	4	0	0					
P19	1	0	2004	8.50648702595	0.264471057884	0.00286948628829	0.000316614901111	910.564403364	579	0.120777967821	288.754659852	33.4542314335	1926.87130545	4	0	0					
P20	1	0	2079	7.09860509861	0.210197210197	0.00265455442867	0.000264929981491	922.690126148	475	0.127983843713	318.259172502	34.0042105263	2010.20185359	4	0	0					
P21	1	0	1966	6.68667344863	0.212614445575	0.00231756374787	0.000277759399474	848.653600838	445	0.121845409569	237.396010311	31.5865168539	1639.46648127	4	0	0					
P22	1	0	2017	8.8671294001	0.279127416956	0.00257110760192	0.000357203526443	1070.06728066	601	0.116225477985	249.418883806	32.0698835275	1861.27264355	4	0	0					
P23	1	0	2054	6.97906523856	0.219084712756	0.00218363606388	0.000286913614518	908.192517208	481	0.118722645179	239.51616462	31.9646569647	1650.55743103	4	0	0					
P24	1	0	2161	28.7899120777	0.988431281814	0.00901276512066	0.00135829814278	1324.51840956	2314	0.119209671732	329.444976538	29.3893690579	2481.13564515	4	0	0					
