Well,Plane,Timepoint,Cell Selected - Number of Objects,Cell Selected - Total Spot Area - Mean per Well,Cell Selected - Number of Spots - Mean per Well,Cell Selected - Relative Spot Intensity - Mean per Well,Cell Selected - Number of Spots per Area of Cytoplasm - Mean per Well,Cell Selected - Intensity Cytoplasm Mean - Mean per Well,Spots Selected - Number of Objects,Spots Selected - Relative Spot  Intensity - Mean per Well,Spots Selected - Corrected Spot  Intensity - Mean per Well,Spots Selected - Spot Area [px²] - Mean per Well,Spots Selected - Intensity Spot Mean - Mean per Well,Number of Analyzed Fields,Height [µm],Time [s],Compound,Concentration,Cell Type,Cell Count,
A01,1,0,2587,84.003092385,3.34054889834,0.029193977712,0.00490719917556,2442.06686387,9345,0.134234608821,574.468289262,25.2814339219,4019.76795174,4,0,0,,,,,
A02,1,0,2508,13.5893141946,0.362041467305,0.00397169196493,0.000450750782136,1116.71276296,1002,0.130324119716,305.666863494,37.6666666667,2025.71415138,4,0,0,,,,,
A03,1,0,2418,16.7559966915,0.511166253102,0.00518196690548,0.000669466354913,1132.04515929,1312,0.120909530061,284.158034259,32.9885670732,2092.63327053,4,0,0,,,,,
A04,1,0,2380,50.475210084,1.57941176471,0.0204426933741,0.00248879542041,1327.79711541,4045,0.133363110189,381.023684208,32.0613102596,2599.68954219,4,0,0,,,,,
A05,1,0,2239,18.0928986155,0.56543099598,0.00618540389936,0.000705058374502,1152.43253852,1385,0.12944990268,353.998231084,32.2801444043,2375.09290622,4,0,0,,,,,
A06,1,0,2202,11.5649409628,0.362397820163,0.00410533220712,0.000446192436585,1092.23878306,889,0.132105991923,361.47203394,32.3374578178,2259.83889924,4,0,0,,,,,
A07,1,0,1906,14.5136411333,0.35519412382,0.00419639919165,0.00035931271582,1158.53348009,792,0.132248447732,377.368555026,41.8648989899,2434.81871918,4,0,0,,,,,
A08,1,0,2462,9.5268074736,0.28716490658,0.00361279389354,0.000365100193552,1172.4752154,765,0.136679441403,402.882403061,33.308496732,2498.06626725,4,0,0,,,,,
A09,1,0,2325,11.9879569892,0.352688172043,0.00522539171093,0.000456947317167,1236.59235756,909,0.14138859998,491.28182509,34.401540154,2970.51703457,4,0,0,,,,,
A10,1,0,2255,15.2780487805,0.393348115299,0.00529881523309,0.000485130190963,1200.19099159,978,0.137137677638,420.404793648,39.2658486708,2615.66152043,4,0,0,,,,,
A11,1,0,2412,9.43615257048,0.282752902156,0.00438350206771,0.000373293332693,1166.51759691,759,0.142644468583,496.520641296,33.7246376812,2900.20093401,4,0,0,,,,,
A12,1,0,2262,8.94783377542,0.282051282051,0.00347811207223,0.000353652036447,1045.80396579,696,0.128612656098,363.063285411,32.2270114943,2250.12398018,4,0,0,,,,,
A13,1,0,2140,31.9939252336,1.10887850467,0.00951810449595,0.00139707569172,1167.05005846,2580,0.125235300997,297.305923038,29.2147286822,2106.59996339,4,0,0,,,,,
A14,1,0,2106,11.8100664767,0.37559354226,0.00436167974685,0.000444703979256,1093.78795616,870,0.132361171136,374.796032911,31.7367816092,2312.53881523,4,0,0,,,,,
A15,1,0,2334,8.98800342759,0.252784918595,0.00304617050164,0.000328480867676,1170.69620139,639,0.13049587051,356.900725311,36.034428795,2355.23671349,4,0,0,,,,,
A16,1,0,2260,18.8115044248,0.576991150442,0.00660337056422,0.000764603134432,1224.36486173,1387,0.129819279807,362.496609815,32.8795962509,2409.89159452,4,0,0,,,,,
A17,1,0,2138,9.58185219832,0.247427502339,0.00373601461645,0.000362473452125,1024.71520853,577,0.13464264598,366.491005298,39.5285961872,2286.30564965,4,0,0,,,,,
A18,1,0,2240,11.1464285714,0.295982142857,0.00419812111413,0.000377563415196,1133.30043636,744,0.139877514495,437.854728809,37.8212365591,2589.921625,4,0,0,,,,,
A19,1,0,2260,9.24424778761,0.263274336283,0.00399275148427,0.000347534962402,1095.47495654,649,0.138608589784,405.208745142,35.4298921418,2340.35111192,4,0,0,,,,,
A20,1,0,2515,10.2791252485,0.293836978131,0.00396824488336,0.000369078876677,975.594328193,802,0.135569618589,360.412533562,35.3516209476,2150.06732442,4,0,0,,,,,
A21,1,0,2097,16.1368621841,0.492131616595,0.00468895537722,0.000616464998765,1136.0990419,1104,0.119774373252,305.476332115,33.6829710145,2179.62686766,4,0,0,,,,,
A22,1,0,1591,20.7542426147,0.622250157134,0.00726368641036,0.00079515435852,1023.80452434,1094,0.130269513648,313.526967673,33.9744058501,1997.21863752,4,0,0,,,,,
A23,1,0,1920,126.1421875,5.77604166667,0.0579578908146,0.00824764188707,2119.57374046,11866,0.15417022451,644.903420098,22.0202258554,3885.82688048,4,0,0,,,,,
A24,1,0,2124,11.2763653484,0.25329566855,0.0040556325073,0.000307422749633,1297.34648894,593,0.138299452256,491.55958585,44.5969645868,2874.54124611,4,0,0,,,,,
B01,1,0,2228,116.518850987,4.81956912029,0.0529877216786,0.00717150406266,1800.44705201,11464,0.151174198495,530.645650454,24.4618806699,3263.9406611,4,0,0,,,,,
B02,1,0,2512,9.08200636943,0.271098726115,0.0035093170253,0.000346841390371,1090.16381991,730,0.133574365283,387.207178938,34.1520547945,2356.23836541,4,0,0,,,,,
B03,1,0,2463,9.56232237109,0.285018270402,0.00373606821991,0.000382716585269,1027.66957412,747,0.128106942511,375.114168323,33.5676037483,2346.2898532,4,0,0,,,,,
B04,1,0,2256,8.48625886525,0.22384751773,0.00293491214302,0.000268190080004,1075.32072213,537,0.129768384523,403.181856495,38.0819366853,2429.5114498,4,0,0,,,,,
B05,1,0,929,12.6523143165,0.258342303552,0.00648445691972,0.000344988587926,998.297902479,261,0.15514614424,518.839819598,49.1724137931,2755.77973136,4,0,0,,,,,
B06,1,0,1857,3.0732364028,0.0753904146473,0.00238103246907,0.000137071755244,956.970880749,151,0.163144223794,625.418300593,41.3642384106,3218.98150487,4,0,0,,,,,
B07,1,0,2231,8.83370685791,0.273868220529,0.00341696134571,0.000351288120499,1083.88241367,667,0.13282276556,441.194122693,32.6836581709,2789.67805993,4,0,0,,,,,
B08,1,0,2250,90.4266666667,3.98088888889,0.0366968006113,0.00543865315947,1688.39125489,9554,0.147703190889,529.125048384,22.8301235085,3274.30111455,4,0,0,,,,,
B09,1,0,2106,10.3485280152,0.294396961064,0.00390407341634,0.000394762849469,1102.71383937,695,0.133462012139,449.868140946,35.3309352518,2778.32463387,4,0,0,,,,,
B10,1,0,1112,77.4784172662,2.8714028777,0.0334368031533,0.00531572014534,1616.95388851,3357,0.134718423893,379.67511038599997,27.4197199881,2610.00397108,4,0,0,,,,,
B11,1,0,2394,7.56558061821,0.241854636591,0.00262409078536,0.000330817527856,1063.23220035,642,0.124329568596,336.567325367,31.5825545171,2246.79630517,4,0,0,,,,,
B12,1,0,2068,10.8970019342,0.374274661509,0.00375161571972,0.00049079518548,1054.5184719,840,0.125695204711,310.777837235,29.4988095238,2081.78204118,4,0,0,,,,,
B13,1,0,2199,27.0291041382,1.03365165985,0.00850859000947,0.00134033665337,1170.31366512,2441,0.124399935227,307.219807671,26.4256452274,2166.51833602,4,0,0,,,,,
B14,1,0,2150,9.88697674419,0.239534883721,0.00368782297661,0.00030027180642,1046.19911816,568,0.1342566595,391.840463493,41.4876760563,2301.36340075,4,0,0,,,,,
B15,1,0,2273,8.80114386274,0.249890013198,0.00320005033274,0.000306947511718,1130.50488661,629,0.131203401881,365.906325298,35.4785373609,2309.54754536,4,0,0,,,,,
B16,1,0,2184,7.43635531136,0.200549450549,0.0026341568698,0.000269185126104,1071.78252732,472,0.127969822099,365.168722958,37.1313559322,2266.04396371,4,0,0,,,,,
B17,1,0,2254,11.161934339,0.369121561668,0.00403422814364,0.000501705331757,1084.39533272,914,0.129634179667,317.503968403,30.4496717724,2129.55827749,4,0,0,,,,,
B18,1,0,2215,51.70248307,2.16388261851,0.0178027151391,0.00290645000481,1327.879917,5151,0.128926635472,349.546987222,24.0712483013,2495.84584533,4,0,0,,,,,
B19,1,0,2340,9.20085470085,0.248290598291,0.00303794598388,0.000313682799462,1049.52934812,650,0.126779003694,311.701893999,37.0276923077,2127.86343997,4,0,0,,,,,
B20,1,0,2319,8.51401466149,0.265631737818,0.00308674138449,0.000335899813301,1012.02987623,676,0.128606804074,346.469139038,32.0621301775,2148.68531824,4,0,0,,,,,
B21,1,0,2200,8.97863636364,0.293636363636,0.00304589743086,0.000375253770789,1024.36068232,691,0.125644691266,322.564062415,30.6758321274,2163.73320045,4,0,0,,,,,
B22,1,0,2233,10.4290192566,0.317062248097,0.00403653156257,0.000396909655572,1100.06919934,767,0.132085702342,437.586461022,32.9882659713,2762.67040444,4,0,0,,,,,
B23,1,0,2019,125.855869242,5.8598315998,0.0592031293339,0.00842205559848,1892.47624727,12823,0.154735594422,582.408605652,21.7572330968,3505.11163801,4,0,0,,,,,
B24,1,0,2242,9.28055307761,0.257359500446,0.00343655111018,0.00032360899342,1187.41054414,623,0.132525958849,513.973369511,36.0545746388,3255.59403799,4,0,0,,,,,
C01,1,0,2599,120.171604463,4.98076183147,0.0560210255627,0.00771770979866,2056.82315392,13864,0.151497581034,618.387487947,24.4090450087,3767.70167619,4,0,0,,,,,
C02,1,0,2541,9.86107831562,0.308539944904,0.00366496000955,0.000409529878019,999.279732212,866,0.130505251293,329.536626843,31.8337182448,2098.30114755,4,0,0,,,,,
C03,1,0,1296,9.59182098765,0.209104938272,0.00460841389661,0.000239209467346,1000.43395219,295,0.155408349956,488.052884072,45.0813559322,2690.81028959,4,0,0,,,,,
C04,1,0,2483,7.84414015304,0.243254128071,0.00288441818648,0.00032444948224,1031.86743967,668,0.12950105698,346.710112542,32.1482035928,2208.57288975,4,0,0,,,,,
C05,1,0,2220,9.95720720721,0.304954954955,0.0032679752453,0.000387095066882,969.426640899,747,0.125614309746,280.258818984,33.2088353414,1917.822965,4,0,0,,,,,
C06,1,0,2330,9.53433476395,0.270815450644,0.00365601870013,0.000346916334226,1065.19966799,668,0.132107078979,357.538874898,35.3278443114,2315.05182307,4,0,0,,,,,
C07,1,0,2386,10.1408214585,0.27409891031,0.00369918898063,0.000349162450502,1589.36467595,701,0.138675551511,471.097641754,37.997146933,2961.19720512,4,0,0,,,,,
C08,1,0,2440,9.03360655738,0.254508196721,0.00360357790086,0.000322566063522,1108.1517281,679,0.131448477878,453.752259943,34.9455081001,2741.53391527,4,0,0,,,,,
C09,1,0,2165,12.8466512702,0.406928406467,0.00484664553643,0.000535075574633,1117.24643076,956,0.127078094843,351.402023164,31.9079497908,2297.56327073,4,0,0,,,,,
C10,1,0,2356,9.16511035654,0.296689303905,0.00366746910637,0.000378935277127,1196.72313554,763,0.135012567796,470.92470651,31.1048492792,2847.9173237,4,0,0,,,,,
C11,1,0,2247,9.64263462394,0.30663106364,0.00355588994167,0.000418268324611,1080.97679503,738,0.126820908003,345.19179405,31.6869918699,2285.26523914,4,0,0,,,,,
C12,1,0,2287,9.53257542632,0.286401399213,0.00288381300229,0.000355499524111,1105.48887523,705,0.123031033738,325.020145406,33.2226950355,2233.48152448,4,0,0,,,,,
C13,1,0,2228,8.64811490126,0.246858168761,0.00337767800447,0.000315280087787,1176.95589243,597,0.131248997883,438.381614848,35.5092127303,2685.23354552,4,0,0,,,,,
C14,1,0,2240,13.878125,0.424553571429,0.00477981755553,0.000573525124011,1073.30645026,1022,0.119996942836,295.539245929,32.7133072407,2118.15455459,4,0,0,,,,,
C15,1,0,2245,7.65389755011,0.237416481069,0.00258104700671,0.000300678961863,1140.19316834,572,0.125230487106,321.433804325,32.3531468531,2178.17111207,4,0,0,,,,,
C16,1,0,855,36.5450292398,1.16842105263,0.0075104448827,0.00106743158918,1178.61402658,1099,0.117186812387,245.957035495,31.5514103731,1888.97399641,4,0,0,,,,,
C17,1,0,2311,36.6477715275,1.47944612722,0.0104959454402,0.00186955732869,1146.84290465,3705,0.121576871789,266.649104833,25.1074224022,2046.05077259,4,0,0,,,,,
C18,1,0,2474,9.07962813258,0.24090541633,0.00336085916921,0.000319502658615,1032.98604236,634,0.125078701844,333.350575868,37.8280757098,2189.13694659,4,0,0,,,,,
C19,1,0,2276,11.3479789104,0.331722319859,0.0033264857553,0.000410277445608,1043.85763418,830,0.120825919395,284.190279052,34.3746987952,2069.83326836,4,0,0,,,,,
C20,1,0,2277,11.0175669741,0.327624066755,0.00399831987656,0.000470461439403,990.515578791,823,0.120043671749,294.747791245,34.0109356015,2056.63706171,4,0,0,,,,,
C21,1,0,2522,8.88263283109,0.271609833466,0.00290313659075,0.000355423943294,983.480702228,736,0.118262905943,270.916229592,32.7826086957,1871.9133505,4,0,0,,,,,
C22,1,0,7,116.571428571,2.42857142857,0.0543004244255,0.00142911193533,1625.26630231,36,0.210535961199,825.2216139,43.2222222222,3177.6741664,4,0,0,,,,,
C23,1,0,2221,107.297613688,5.28410625844,0.0437473175412,0.00728547090443,1556.48321967,12593,0.14787645745,452.41846257,20.4681966172,2838.49832966,4,0,0,,,,,
C24,1,0,2292,9.36867364747,0.28184991274,0.00276109078426,0.000342642512452,979.778823331,698,0.123640623039,271.210094815,33.61747851,1880.83234809,4,0,0,,,,,
D01,1,0,2251,114.213682808,4.91115059973,0.0554837525045,0.00706988693798,1773.91571398,11877,0.15341065703,583.637652443,23.4558390166,3545.54729173,4,0,0,,,,,
D02,1,0,2274,114.792436236,4.51055408971,0.0501637648179,0.00662786755423,1653.8756145,10934,0.149350674229,482.568852194,25.5704225352,2999.50523653,4,0,0,,,,,
D03,1,0,2443,9.73229635694,0.275890298813,0.00340236318508,0.000362110268708,1011.67563273,731,0.122058421636,306.236010036,35.6374829001,2087.56295085,4,0,0,,,,,
D04,1,0,2295,10.0100217865,0.290196078431,0.00370056426101,0.000377121628793,1015.92533006,745,0.13032114758,379.257441519,34.8966442953,2367.60723603,4,0,0,,,,,
D05,1,0,2128,11.4144736842,0.348684210526,0.00384772083213,0.000451604634301,1093.1515791,799,0.122139803126,339.16835739,32.6720901126,2292.46318828,4,0,0,,,,,
D06,1,0,2296,12.9385888502,0.400261324042,0.00489962761057,0.00053374368976,1065.68407222,996,0.125424270018,369.902769849,32.531124498,2354.39117305,4,0,0,,,,,
D07,1,0,2332,9.81946826758,0.260291595197,0.00383479771298,0.000336057841052,1030.15211812,666,0.130324781545,368.18950748,37.8888888889,2290.28372252,4,0,0,,,,,
D08,1,0,2112,18.1401515152,0.602746212121,0.00694672514376,0.000775505315039,1152.65704397,1394,0.128163144395,377.645181686,30.1664275466,2426.05200263,4,0,0,,,,,
D09,1,0,2242,8.31355932203,0.255575379126,0.00277835199327,0.000317716205773,1059.83378285,629,0.126892607217,307.61715094,32.853736089,2068.55268739,4,0,0,,,,,
D10,1,0,1221,8.6895986896,0.216216216216,0.00396770851901,0.000285960246681,983.590486549,284,0.146012650866,435.217930981,40.7218309859,2740.69379993,4,0,0,,,,,
D11,1,0,2103,9.42320494532,0.270090347123,0.00352184275841,0.000342334299461,1046.21488523,608,0.127085253645,368.112557304,35.4292763158,2400.61583353,4,0,0,,,,,
D12,1,0,2274,8.27528583993,0.255496921724,0.0026779634096,0.000339548815537,1138.46263933,624,0.119652436112,319.931042791,33.0400641026,2283.76530506,4,0,0,,,,,
D13,1,0,2345,4.09936034115,0.113432835821,0.00142414274356,0.000131544945173,1031.72822773,288,0.131551347703,340.595480052,36.0729166667,2161.49243352,4,0,0,,,,,
D14,1,0,2384,9.8485738255,0.289010067114,0.00334384045367,0.000398389162196,1023.95145186,744,0.121138086276,263.601215249,34.5282258065,1900.30284607,4,0,0,,,,,
D15,1,0,2244,10.4919786096,0.310160427807,0.00346181020868,0.000395264762946,1105.22357678,762,0.126130496395,355.622832146,33.8569553806,2337.56212623,4,0,0,,,,,
D16,1,0,2148,9.61266294227,0.287709497207,0.00342670962951,0.000376721921498,1097.66688935,663,0.123651639961,339.334800251,33.5671191554,2234.68019261,4,0,0,,,,,
D17,1,0,2288,9.13024475524,0.283216783217,0.00315190367773,0.000384654809814,1033.97135711,686,0.123669515831,329.329236763,32.6705539359,2210.20103572,4,0,0,,,,,
D18,1,0,2121,6.52758132956,0.199434229137,0.00222770931429,0.000271484768243,986.338959015,454,0.122129342562,295.123734327,33.2973568282,1973.99631666,4,0,0,,,,,
D19,1,0,2263,11.3287671233,0.307998232435,0.00369820481135,0.000408949351721,1040.95571231,758,0.119217838119,323.903983444,37.0145118734,2274.07105264,4,0,0,,,,,
D20,1,0,2172,9.73112338858,0.328729281768,0.00323303468489,0.000429836601285,988.309538101,778,0.119735709853,270.907552668,30.0539845758,1954.78617182,4,0,0,,,,,
D21,1,0,2245,10.9077951002,0.318040089087,0.00379036195113,0.000435645833757,972.482361793,766,0.121897850056,283.395092091,34.6879895561,1992.20926784,4,0,0,,,,,
D22,1,0,2275,9.54373626374,0.284395604396,0.00288703760515,0.000337462833121,959.370380118,705,0.119264872323,263.643731054,33.9531914894,1859.87217646,4,0,0,,,,,
D23,1,0,2244,101.025846702,4.17067736185,0.044328859927,0.00605301528807,2020.23790011,10084,0.144939281084,587.025541413,24.4484331614,3741.44099197,4,0,0,,,,,
D24,1,0,2114,114.252128666,5.71807000946,0.0529015176344,0.00830986060675,1944.47701314,13085,0.153761146362,583.934598087,20.12686282,3561.12637873,4,0,0,,,,,
E01,1,0,2586,69.5220417633,2.38863109049,0.0246645089113,0.00332254387271,1411.22865185,6614,0.128776220256,363.124388394,29.5217719988,2654.96156884,4,0,0,,,,,
E02,1,0,2418,93.9218362283,3.9011579818,0.0368294943465,0.00564628970666,1494.58066321,10138,0.143384122654,409.499530188,24.2310120339,2644.48814746,4,0,0,,,,,
E03,1,0,2433,11.7279079326,0.305384299219,0.00468563385204,0.000396411411856,1038.3950743,827,0.132543718264,368.490586701,38.4546553809,2329.56666427,4,0,0,,,,,
E04,1,0,2478,10.1654560129,0.289346246973,0.00352398901297,0.000380392538925,1018.3318893,773,0.126776599868,321.737831586,34.8758085382,2136.57071395,4,0,0,,,,,
E05,1,0,2480,9.57217741935,0.258467741935,0.00338690791898,0.000353184265916,1076.63906415,700,0.125348933683,410.998100699,37.0657142857,2746.42159392,4,0,0,,,,,
E06,1,0,2281,9.59710653222,0.277509864095,0.0035023607091,0.000350008942194,1013.22876846,696,0.127286339475,326.21186063,34.6364942529,2104.85967413,4,0,0,,,,,
E07,1,0,567,25.9029982363,0.444444444444,0.0117879889896,0.000429757835449,1041.3994338,274,0.173602740702,629.886253811,57.7883211679,3218.68889879,4,0,0,,,,,
E08,1,0,15,53.3333333333,1.73333333333,0.00773202714715,0.000664266118353,1248.74221391,48,0.18262563873,626.85473837,27.9791666667,2570.42786537,4,0,0,,,,,
E09,1,0,2328,9.98840206186,0.309278350515,0.00379322637914,0.000432968790584,1084.9746044,788,0.125320844702,330.948065912,32.6180203046,2248.68248059,4,0,0,,,,,
E10,1,0,2300,9.01173913043,0.264347826087,0.00287623900389,0.000342027992035,1076.57424146,670,0.125085233591,331.546384184,34.2970149254,2157.52858686,4,0,0,,,,,
E11,1,0,2211,13.7200361827,0.466304839439,0.00479219609503,0.00058590232297,1101.07395624,1146,0.131053404494,366.275189331,29.6212914485,2319.15049055,4,0,0,,,,,
E12,1,0,2063,28.0387784779,0.998061076103,0.00822226521943,0.00128145677897,1199.20036912,2247,0.121827417569,294.268733048,28.1406319537,2179.06109925,4,0,0,,,,,
E13,1,0,2100,9.44285714286,0.277142857143,0.00325442592205,0.000322044552103,1194.27371755,628,0.125710538496,376.279297628,33.9060509554,2420.16478371,4,0,0,,,,,
E14,1,0,2184,14.2239010989,0.517399267399,0.00431695627764,0.000661441643269,1070.40077119,1208,0.119697817208,266.513185827,27.7855960265,1998.58322839,4,0,0,,,,,
E15,1,0,2230,9.85246636771,0.286995515695,0.00326881870604,0.000354038221598,1066.73110873,693,0.128436408973,364.902570447,34.5916305916,2345.9945955,4,0,0,,,,,
E16,1,0,2218,9.53471596032,0.272768259693,0.00325142113199,0.000343976390812,1096.52634668,667,0.1246016178,342.502954379,35.5577211394,2225.82361773,4,0,0,,,,,
E17,1,0,2260,10.5238938053,0.307522123894,0.00410927007458,0.000385162364037,1054.17667442,757,0.131413362894,393.0079249,34.2536327609,2446.64257345,4,0,0,,,,,
E18,1,0,2180,14.1293577982,0.422935779817,0.00428259357217,0.000555770220777,1043.48788545,990,0.120414263016,258.023244713,33.601010101,1902.7809577,4,0,0,,,,,
E19,1,0,2250,11.6942222222,0.309777777778,0.0038426423009,0.00038381233175,998.597743885,759,0.127064252529,339.385425078,37.8880105402,2229.35961391,4,0,0,,,,,
E20,1,0,2422,12.3670520231,0.329479768786,0.00415439458491,0.000429621782245,1014.30252329,846,0.122775098045,342.441969611,37.5992907801,2374.76391341,4,0,0,,,,,
E21,1,0,2072,16.3832046332,0.532818532819,0.00576360179312,0.000694628166309,995.4599069,1196,0.123744243753,283.764051719,30.5969899666,1992.22899033,4,0,0,,,,,
E22,1,0,2418,9.53928866832,0.301075268817,0.00274208089735,0.000394127171338,943.484133113,782,0.119278262639,247.486633159,31.9539641944,1781.67146401,4,0,0,,,,,
E23,1,0,2317,63.3638325421,2.03280103582,0.0206487917037,0.00267037050895,1283.12376217,5034,0.125230048577,323.633452079,31.5508541915,2402.32367744,4,0,0,,,,,
E24,1,0,2066,99.1815101646,4.33833494676,0.0377682125338,0.00597544841866,1726.90413371,9574,0.14307324215,473.821844939,23.092333403,3081.37132607,4,0,0,,,,,
F01,1,0,2382,8.6301427372,0.251049538203,0.00279918894958,0.000303173271583,954.159755247,651,0.122442137625,280.657753783,34.8586789555,1952.74345896,4,0,0,,,,,
F02,1,0,2147,144.36143456,5.37773637634,0.0803207424912,0.00885520697328,2448.33006764,12437,0.161276597855,756.461728869,27.0133472702,4396.7878611,4,0,0,,,,,
F03,1,0,2397,7.67626199416,0.211931581143,0.00279086174842,0.00026958312887,976.340118661,540,0.127106089048,325.10429761,36.3925925926,2094.93534,4,0,0,,,,,
F04,1,0,2269,24.5279858969,0.813574261789,0.00757160188555,0.0011168310331,1047.15815673,2002,0.121165498917,267.236774761,30.192307692299998,1953.39554634,4,0,0,,,,,
F05,1,0,2391,11.2639063153,0.285236302802,0.0041250534804,0.000353964331576,1042.22912253,722,0.129840713772,363.378492859,39.6620498615,2305.30207357,4,0,0,,,,,
F06,1,0,2290,9.57510917031,0.288209606987,0.00287160022615,0.000347779987062,1045.40845498,724,0.123263289005,303.781671507,33.5607734807,2084.858828,4,0,0,,,,,
F07,1,0,2245,10.1233853007,0.293095768374,0.0036862903146,0.000365305240116,1090.30183884,718,0.126110144183,402.401920132,34.5626740947,2572.60247913,4,0,0,,,,,
F08,1,0,2297,9.24945581193,0.306486721811,0.00340985827028,0.000375504438987,1085.50893578,778,0.124492301439,364.347091564,30.0321336761,2475.88169624,4,0,0,,,,,
F09,1,0,2384,8.75377516779,0.260486577181,0.00299154123265,0.000339149551067,1101.43186812,680,0.121838857101,345.99526516,33.8882352941,2311.57878392,4,0,0,,,,,
F10,1,0,2296,10.4882404181,0.313588850174,0.00376686501391,0.00038620860936,1099.81171565,786,0.124707061763,372.415743099,33.096692112,2437.66488856,4,0,0,,,,,
F11,1,0,2215,9.68939051919,0.30158013544,0.00301681309713,0.000379237874716,1100.95366732,708,0.126186388691,309.633897393,32.313559322,2096.91358099,4,0,0,,,,,
F12,1,0,2314,10.3699222126,0.307692307692,0.00354560667896,0.000393554418061,1113.26315968,773,0.12496000402,336.883821669,34.4320827943,2322.35410093,4,0,0,,,,,
F13,1,0,30,59.5,0.866666666667,0.0295970194401,0.00158814887206,1687.43749108,31,0.142034920571,516.816387111,68.1290322581,3436.67127263,4,0,0,,,,,
F14,1,0,2313,13.9939472546,0.479463899697,0.00503204632877,0.000654873431636,1153.1534692,1191,0.120916168212,329.572904071,29.2191435768,2204.82618783,4,0,0,,,,,
F15,1,0,2209,10.1484834767,0.27931190584,0.00337188184291,0.000346147168664,1045.44274713,656,0.123354703223,315.703670692,36.9192073171,2076.10398282,4,0,0,,,,,
F16,1,0,2273,9.87065552134,0.295204575451,0.00326408669851,0.000384960397375,1042.22724691,721,0.124721345335,332.281646724,33.5936199723,2242.89442333,4,0,0,,,,,
F17,1,0,2066,17.7008712488,0.527589545015,0.00634000177292,0.000626515781582,1101.18092384,1172,0.125407587765,364.93340315,33.6279863481,2399.80135375,4,0,0,,,,,
F18,1,0,2045,30.1383863081,1.33789731051,0.0106371061199,0.00164198461445,1111.85828875,2974,0.134475716801,354.455665732,22.7515131137,2302.24936103,4,0,0,,,,,
F19,1,0,2329,9.68484328038,0.277372262774,0.00325774884936,0.000357919516787,1016.25453698,715,0.122337656989,307.057647145,35.4531468531,2162.99290181,4,0,0,,,,,
F20,1,0,2289,10.750982962,0.374836173001,0.00308930613118,0.000451403216659,1009.46953663,925,0.116478252834,254.693171037,29.0605405405,1901.49787637,4,0,0,,,,,
F21,1,0,2313,10.0644185041,0.318633808906,0.0032939438306,0.000401318855402,973.940275444,813,0.123569958115,294.054850612,31.704797048,1960.43465942,4,0,0,,,,,
F22,1,0,2277,16.4681598595,0.501537110233,0.00494726736227,0.000690865452016,996.075414909,1217,0.118133371906,235.900239946,32.9400164339,1814.29528443,4,0,0,,,,,
F23,1,0,2272,8.59947183099,0.237676056338,0.00262068084737,0.000304171660798,999.228627066,581,0.119907622109,274.41849613,36.6850258176,1932.74550618,4,0,0,,,,,
F24,1,0,2073,98.0405209841,4.08876025084,0.0357709436657,0.0055575355254,1407.77550108,9066,0.140637463117,381.437012069,24.259210236,2514.79969846,4,0,0,,,,,
G01,1,0,2586,9.65931941222,0.30317092034,0.00322643541699,0.000381213359653,962.44737868,850,0.124065853834,297.189343268,32.0635294118,1993.98472567,4,0,0,,,,,
G02,1,0,1956,143.695807771,5.76329243354,0.0894781429156,0.00847580268836,2815.6110226,12199,0.168858039615,1078.58462163,25.1444380687,5966.34995068,4,0,0,,,,,
G03,1,0,2387,9.92291579388,0.304147465438,0.00306720693558,0.000382290707368,994.775952952,790,0.121476330795,283.985559104,33.1291139241,1979.26024463,4,0,0,,,,,
G04,1,0,2332,18.4339622642,0.533876500858,0.00543391131684,0.000690660863184,1079.33574062,1352,0.119520669848,263.847761265,34.5673076923,1949.04522112,4,0,0,,,,,
G05,1,0,2386,11.6684828164,0.335708298407,0.00470100914011,0.000441947049267,1050.09551499,883,0.133652508395,417.870514405,34.7293318233,2560.49126478,4,0,0,,,,,
G06,1,0,2056,25.0880350195,0.869649805447,0.00805836476368,0.00112815335482,1085.18291703,1954,0.126106516346,289.173127524,29.1653019447,2035.96632106,4,0,0,,,,,
G07,1,0,2319,10.3203967227,0.332039672273,0.00410963776017,0.00040813131624,1107.6893014,813,0.132716756512,432.461288127,31.7330873309,2646.68795019,4,0,0,,,,,
G08,1,0,2351,9.21097405359,0.271799234368,0.00306546542517,0.000341170350192,1138.98820777,692,0.128557879434,340.301738151,33.7630057803,2236.4184584,4,0,0,,,,,
G09,1,0,2096,10.6364503817,0.337786259542,0.00344723901849,0.000413001205498,1085.43222977,788,0.124378651364,337.297225285,31.8236040609,2325.40251223,4,0,0,,,,,
G10,1,0,2059,12.2360369111,0.309373482273,0.00401197802775,0.000367980439483,1058.77923922,705,0.130227461327,349.481179145,39.6411347518,2206.75346911,4,0,0,,,,,
G11,1,0,2289,7.71035386632,0.223241590214,0.0024423799938,0.000266230621549,1273.96311759,546,0.126664090245,395.390798203,34.9523809524,2617.274018,4,0,0,,,,,
G12,1,0,2319,12.5308322553,0.376886589047,0.00453055182093,0.00047894091718,1121.45577341,921,0.124668231098,348.300640403,33.460369164,2270.20033551,4,0,0,,,,,
G13,1,0,2220,10.5342342342,0.355855855856,0.00395782575524,0.000439963060568,1093.44389035,855,0.12963532539,367.162797547,30.5052631579,2387.09869151,4,0,0,,,,,
G14,1,0,2163,12.8270920018,0.404993065187,0.00428597615232,0.000502402462876,1114.79121272,961,0.129069129291,378.260192449,31.9760665973,2438.8669342,4,0,0,,,,,
G15,1,0,2202,10.5590372389,0.308356039964,0.00497973516729,0.000397253991377,1093.33981431,737,0.134323305402,467.405737871,35.0094979647,2737.17366873,4,0,0,,,,,
G16,1,0,2216,14.6326714801,0.414259927798,0.00573937024916,0.000615518668845,1089.66550765,980,0.125931198629,346.676925523,35.3510204082,2296.83809945,4,0,0,,,,,
G17,1,0,2160,13.4481481481,0.40462962963,0.00474547459803,0.000526654413975,1062.54312025,958,0.128768030387,362.885399117,33.3643006263,2402.15865435,4,0,0,,,,,
G18,1,0,1431,61.821104123,2.8427672956,0.0206538336586,0.00394613383075,1257.98508786,4374,0.133550200682,309.784300918,21.9211248285,2175.19877439,3,0,0,,,,,
G19,1,0,2190,11.4324200913,0.320547945205,0.00391862644398,0.000402319494058,1088.8466049,764,0.128343564987,388.825370941,36.2879581152,2528.32958626,4,0,0,,,,,
G20,1,0,2179,11.1615419917,0.322166131253,0.00397007441186,0.000424180890681,1021.57146102,756,0.124789869543,342.758223347,34.7526455026,2232.28676981,4,0,0,,,,,
G21,1,0,2300,10.9626086957,0.353913043478,0.00344275482551,0.000442109381952,952.386649515,889,0.121139364539,267.120558411,31.361079865,1860.87739534,4,0,0,,,,,
G22,1,0,2249,11.2103156959,0.361049355269,0.00340647684829,0.00044498065916,939.221831703,870,0.121637802229,267.792260742,30.8908045977,1886.17906426,4,0,0,,,,,
G23,1,0,2079,10.0572390572,0.289562289562,0.00314172326667,0.0003699072517,979.614978482,650,0.125642772431,323.668376421,34.7323076923,2226.87254746,4,0,0,,,,,
G24,1,0,2042,122.121939275,5.28648383937,0.0578143162428,0.0073309969698,2147.24641201,11801,0.153942188203,703.909067442,23.3009067028,4269.20119064,4,0,0,,,,,
H01,1,0,2275,11.4215384615,0.314725274725,0.00421715728723,0.000403508867323,975.674913771,754,0.124896911056,359.978945008,36.4336870027,2315.45783465,4,0,0,,,,,
H02,1,0,2262,48.8731211317,1.59239610964,0.0151650083416,0.00209339269696,1142.29499184,3931,0.123501135377,277.143293048,30.9048588146,2047.47616182,4,0,0,,,,,
H03,1,0,2247,13.9799732977,0.398308856253,0.0042249324811,0.000494064319999,998.035014702,973,0.120909944242,276.589586969,35.1778006166,2018.41961973,4,0,0,,,,,
H04,1,0,2320,9.76724137931,0.272413793103,0.00391240863814,0.000347358111934,1019.19185576,688,0.130216501141,394.258842628,36.4302325581,2361.416162,4,0,0,,,,,
H05,1,0,2319,10.3389391979,0.31392841742099997,0.00412726317503,0.000395538702289,1120.15272913,804,0.128203359688,406.788850189,33.5186567164,2552.00859067,4,0,0,,,,,
H06,1,0,2248,16.9354982206,0.549822064057,0.00595069797676,0.000733342285988,1079.67280512,1339,0.124114289368,320.440851091,30.9663928305,2209.4975049,4,0,0,,,,,
H07,1,0,2322,11.3333333333,0.341946597761,0.0045002125141,0.000437181757114,1079.88803888,862,0.128870837087,385.389146434,33.2946635731,2354.37864949,4,0,0,,,,,
H08,1,0,1983,12.1432173475,0.359556227937,0.00448305122885,0.000471601946911,1100.88198507,757,0.126834132896,360.756014694,34.1043593131,2316.18642093,4,0,0,,,,,
H09,1,0,2164,11.6155268022,0.347504621072,0.00444114191738,0.000398252919197,1091.10981141,796,0.135243886968,444.983258342,34.1809045226,2640.37783004,4,0,0,,,,,
H10,1,0,2143,10.8184787681,0.325244983668,0.00334509524942,0.000376988650319,1065.64135478,749,0.123866673168,312.404061231,33.2296395194,2133.65417745,4,0,0,,,,,
H11,1,0,2256,9.93572695035,0.296542553191,0.00337359173811,0.000386249545819,1042.63303861,717,0.126450772963,337.704529073,33.7210599721,2193.55379456,4,0,0,,,,,
H12,1,0,2339,9.51859769132,0.279179136383,0.00321309123879,0.000343628454619,1061.97441943,701,0.122178508538,318.656660403,33.7974322397,2161.26514892,4,0,0,,,,,
H13,1,0,2123,11.2614225153,0.388601036269,0.00412162366858,0.00049469441421,1069.90646083,916,0.126331566082,365.234896008,29.3831877729,2427.61248915,4,0,0,,,,,
H14,1,0,2183,14.7008703619,0.470911589556,0.0049685817329,0.000592222375442,1084.90938702,1108,0.123982247269,339.271506702,31.25,2305.70682038,4,0,0,,,,,
H15,1,0,1782,8.52300785634,0.218855218855,0.00466242857354,0.000328261948109,1044.61508064,430,0.149503423708,590.912551658,39.6209302326,2999.90826947,4,0,0,,,,,
H16,1,0,2120,11.2226415094,0.35141509434,0.00484587049363,0.000437318371995,1144.19682282,822,0.137856729996,470.42937764,32.3491484185,2718.57768778,4,0,0,,,,,
H17,1,0,2255,11.9716186253,0.319733924612,0.00413838429192,0.000428854787031,1142.54199834,774,0.12723789002,409.30980929,37.4031007752,2781.68369928,4,0,0,,,,,
H18,1,0,1959,23.4813680449,0.932618683002,0.00822337465966,0.00125086233857,1033.33949214,1971,0.124691207096,295.56755674,25.4586504313,2064.19435139,4,0,0,,,,,
H19,1,0,2157,11.3069077422,0.338433008809,0.00397149514209,0.000434979689169,1034.47169529,797,0.124588926889,316.194558703,33.7678795483,2118.09438794,4,0,0,,,,,
H20,1,0,2373,12.3982300885,0.424357353561,0.00402039024746,0.000563298433266,1001.08391624,1104,0.121380530034,264.946108534,29.7400362319,1882.57113626,4,0,0,,,,,
H21,1,0,2096,11.2924618321,0.365935114504,0.00413238808606,0.000457577448017,957.971231023,839,0.125261470295,318.70645876,31.3528009535,2121.26765362,4,0,0,,,,,
H22,1,0,2097,10.7238912732,0.337148307105,0.00370981101134,0.000423357932643,918.434343608,788,0.124263417058,303.490594253,32.1916243655,2035.17758526,4,0,0,,,,,
H23,1,0,2255,11.0541019956,0.321064301552,0.00398832711029,0.000416898095631,972.710315662,797,0.128895017043,359.237764733,34.5207026349,2370.89315342,4,0,0,,,,,
H24,1,0,2147,42.9995342338,1.50349324639,0.0131908505529,0.00197077264432,1141.26032884,3449,0.121493027296,269.935681151,29.0498695274,2024.11596224,4,0,0,,,,,
I01,1,0,1922,148.883975026,6.00052029136,0.0690239557476,0.00832827988731,1945.42337361,12727,0.159177378322,607.138406056,25.1337314371,3549.27506832,4,0,0,,,,,
I02,1,0,2417,10.0802647911,0.261894911047,0.00359591263254,0.000343549679988,1014.64377575,702,0.128591679982,331.862664432,38.6481481481,2104.88122668,4,0,0,,,,,
I03,1,0,2277,10.2832674572,0.308300395257,0.00310530473444,0.00040739882172,961.290488869,744,0.121554717827,266.752544068,33.4072580645,1852.44918207,4,0,0,,,,,
I04,1,0,2161,10.6001850995,0.304951411384,0.00346828895523,0.000378906829448,1056.97870958,704,0.124496240276,335.204182093,35.0767045455,2304.95664895,4,0,0,,,,,
I05,1,0,2236,13.8313953488,0.401610017889,0.00526580302131,0.000487550224838,1108.36703072,987,0.133061172542,481.198515506,34.5845997974,2964.31585947,4,0,0,,,,,
I06,1,0,2295,9.97167755991,0.331590413943,0.00314655081067,0.000421052417901,1148.98345239,841,0.126026856025,326.81277138,30.3483947681,2206.1421261,4,0,0,,,,,
I07,1,0,2325,8.65290322581,0.261075268817,0.00273226341635,0.000329607964296,1121.60600761,657,0.125238366254,349.473103765,33.0304414003,2338.95153696,4,0,0,,,,,
I08,1,0,2180,11.923853211,0.365596330275,0.00391426839675,0.000423163036011,1198.20118829,883,0.127138086166,401.788919346,32.7021517554,2582.30505051,4,0,0,,,,,
I09,1,0,1854,16.2680690399,0.461165048544,0.00443259432517,0.000476625916448,1213.52476814,979,0.131460627914,376.838670802,36.4075587334,2416.528218,4,0,0,,,,,
I10,1,0,1557,19.3185613359,0.733461785485,0.0109950292898,0.000987278970408,1226.65807264,1261,0.162765383009,561.063723596,26.4829500397,2838.03964644,4,0,0,,,,,
I11,1,0,2121,10.399339934,0.331447430457,0.00355047820481,0.00040511465149,1147.60364676,788,0.128577916969,353.757365216,31.2969543147,2365.63157899,4,0,0,,,,,
I12,1,0,2062,7.50145489816,0.210960232784,0.00305938754415,0.000266286548411,1083.68755311,461,0.139256214253,433.548144428,36.1019522777,2570.50565407,4,0,0,,,,,
I13,1,0,2120,10.7141509434,0.35,0.00405152027509,0.000412800339901,1121.43651882,829,0.133454451632,432.130359174,31.2388419783,2623.42922352,4,0,0,,,,,
I14,1,0,2235,10.1060402685,0.301565995526,0.00380625478442,0.000395087657713,1113.56885462,742,0.127887009651,372.533371407,33.3436657682,2408.73147564,4,0,0,,,,,
I15,1,0,1952,8.56506147541,0.222848360656,0.00322202156493,0.000302124257583,1022.78711888,464,0.12934036286,376.859083705,38.4439655172,2393.32081923,4,0,0,,,,,
I16,1,0,2134,11.7343017807,0.303655107779,0.00418195246625,0.000365569256123,1100.26898127,701,0.12926474692,417.337178587,39.0770328103,2553.08022203,4,0,0,,,,,
I17,1,0,2109,12.1408250356,0.371740161214,0.00424013807578,0.000461577385064,1058.09206846,853,0.12555583502,354.961939716,32.7561547479,2318.29117677,4,0,0,,,,,
I18,1,0,2180,11.921559633,0.397706422018,0.00410999886305,0.000498159562661,991.288828616,942,0.125210577908,315.600669123,30.1878980892,2101.33161354,4,0,0,,,,,
I19,1,0,2205,12.1628117914,0.374603174603,0.0051570549549,0.000470338964398,1125.4790926,907,0.13289302639,465.953178869,32.2756339581,2830.68937119,4,0,0,,,,,
I20,1,0,1978,15.1456016178,0.438827098079,0.00534976846126,0.000575453267781,1027.4612863,967,0.123490618732,310.471107738,34.3247156153,2073.3811466,4,0,0,,,,,
I21,1,0,2140,10.6990654206,0.344859813084,0.00362978126351,0.000430093287645,934.22320782,798,0.126904484299,300.090932674,31.2280701754,1973.3128517,4,0,0,,,,,
I22,1,0,2177,12.0868167203,0.406063389986,0.00373888785457,0.000516816960973,933.179688462,986,0.122496217167,283.978828643,30.0131845842,1917.8413577,4,0,0,,,,,
I23,1,0,1938,120.890608875,4.80495356037,0.0513033326805,0.00655423315025,1483.77391662,10061,0.151365149734,453.59053486,25.535930822,2766.81619251,4,0,0,,,,,
I24,1,0,2148,7.82960893855,0.218808193669,0.00209573171491,0.000281853284284,1208.33473011,504,0.117560286097,283.44039339,35.9305555556,2125.77395904,4,0,0,,,,,
J01,1,0,2037,119.936180658,4.56357388316,0.0542021955572,0.00670715480766,1680.98048627,9987,0.15224080982,497.140726043,26.5009512366,3028.59513862,4,0,0,,,,,
J02,1,0,2359,10.3878762187,0.305637982196,0.00390540126904,0.000386215741344,979.387080597,774,0.125258247197,362.804741203,34.0736434109,2268.3265205,4,0,0,,,,,
J03,1,0,2204,10.5372050817,0.282667876588,0.002923937059,0.000342064273906,955.79540966,681,0.118919922348,242.675599849,37.731277533,1786.37595597,4,0,0,,,,,
J04,1,0,2221,10.0738406123,0.299864925709,0.00349850695974,0.000366753016824,1017.15332557,728,0.127230276907,339.346102485,33.7321428571,2180.92982452,4,0,0,,,,,
J05,1,0,2235,12.7270693512,0.43355704698,0.00393615154246,0.000541685600385,1037.21611581,1037,0.122257552659,286.600250387,29.2651880424,1952.04596866,4,0,0,,,,,
J06,1,0,2277,9.8124725516,0.32674571805,0.00306920717632,0.000407420841121,1023.87474021,803,0.123032515832,284.306670273,30.2627646326,1969.15082228,4,0,0,,,,,
J07,1,0,1824,13.5504385965,0.355811403509,0.00352872311462,0.000386096078576,1043.00959356,745,0.121635693265,277.000061956,38.4872483221,1931.69847613,4,0,0,,,,,
J08,1,0,1196,7.77173913043,0.192307692308,0.00316279098121,0.000198979499672,1030.23089351,262,0.156688597659,521.4761737,41.2442748092,2699.21608422,4,0,0,,,,,
J09,1,0,2143,23.3714419039,0.841810545964,0.00756652622698,0.0011472936336,1089.03290813,1961,0.122517222737,277.425765327,27.8776134625,2053.26974141,4,0,0,,,,,
J10,1,0,2249,9.62338817252,0.292129835482,0.00386906285069,0.000368080010778,1185.02124285,728,0.131298250591,448.938341005,33.1126373626,2858.24936599,4,0,0,,,,,
J11,1,0,1598,9.41864831039,0.335419274093,0.00339535171178,0.00042440239328,1082.79895839,574,0.13428822328,384.296089763,28.0052264808,2353.62500478,3,0,0,,,,,
J12,1,0,2090,11.2918660287,0.343540669856,0.00330711061117,0.000402329412039,1099.85047243,784,0.121334725797,305.765762809,33.0586734694,2161.24372812,4,0,0,,,,,
J13,1,0,2328,8.42182130584,0.278350515464,0.00283267050436,0.000352787802097,1071.4117728,693,0.123283029378,293.48765749,30.4401154401,2020.84691638,4,0,0,,,,,
J14,1,0,907,29.9393605292,0.90407938258,0.00670853333321,0.000798850039874,1111.22191004,896,0.119933216627,243.893158908,33.3448660714,1786.18427516,4,0,0,,,,,
J15,1,0,2073,11.4109985528,0.376266280753,0.00405188975528,0.000468605968663,1037.21898094,839,0.125293667176,334.209126569,30.5733015495,2181.81695349,4,0,0,,,,,
J16,1,0,2021,11.1197427016,0.33250865908,0.00319568986092,0.000409749756926,1011.32334955,736,0.120592346379,258.783850994,33.597826087,1845.93740615,4,0,0,,,,,
J17,1,0,2196,11.8802367942,0.341985428051,0.00326121798509,0.000446446022982,1082.61605415,798,0.119709638804,257.144274253,35.4122807018,1928.53959473,4,0,0,,,,,
J18,1,0,2129,32.3593236261,1.39549084077,0.0100372351605,0.00178961525339,1151.00739746,3154,0.125362819767,281.207851991,23.3316423589,2035.46454885,4,0,0,,,,,
J19,1,0,2170,11.3861751152,0.34331797235,0.00441709852346,0.000461363363124,1050.23338534,792,0.124555514537,332.669757506,33.1818181818,2219.63809408,4,0,0,,,,,
J20,1,0,55,53.3090909091,0.618181818182,0.0172368019642,0.00114132382825,1337.2185715,44,0.130528958984,330.831420976,85.2045454545,2131.65959317,4,0,0,,,,,
J21,1,0,1968,87.7444105691,3.7743902439,0.0335093568176,0.00523992143631,1250.2821625,8122,0.138524776648,344.260082129,23.5382910613,2329.15044852,4,0,0,,,,,
J22,1,0,2158,54.8021316033,2.35681186284,0.0200350362511,0.00325954859851,1175.49178143,5457,0.132999505668,336.108682566,23.3936228697,2289.50559333,4,0,0,,,,,
J23,1,0,2205,113.058049887,4.57006802721,0.0464067856667,0.00639731607578,1534.35375673,10839,0.147438868931,434.115753928,24.8979610665,2728.03087053,4,0,0,,,,,
J24,1,0,2130,8.75492957746,0.252112676056,0.00271799670837,0.000330036863108,1026.03490382,592,0.12228646786,285.985805931,34.8614864865,2007.32066658,4,0,0,,,,,
K01,1,0,2217,130.587280108,5.11817771764,0.0584563104922,0.00737034754484,1987.68687676,12336,0.153408004449,598.336171946,25.7609435798,3638.58850678,4,0,0,,,,,
K02,1,0,2314,9.59680207433,0.287813310285,0.00367754376624,0.000349214808962,946.468199797,730,0.130256225869,344.683343618,33.8821917808,2158.87021511,4,0,0,,,,,
K03,1,0,2230,9.34035874439,0.285650224215,0.00280607903695,0.000340209262083,958.098005213,689,0.122490229452,273.033865363,33.1886792453,1923.12014829,4,0,0,,,,,
K04,1,0,2231,10.7355445988,0.320484087853,0.0035896513833,0.000397824877595,1019.73833296,786,0.127265974344,320.264893563,33.7811704835,2062.52866383,4,0,0,,,,,
K05,1,0,2285,9.0341356674,0.260831509847,0.00316868313379,0.000345738956573,1025.8653261,649,0.127688123479,320.829227639,34.5439137134,2147.08434881,4,0,0,,,,,
K06,1,0,2023,16.2758279783,0.521502718735,0.00532756502921,0.000660684953513,1175.08209293,1149,0.12808789196,341.110355191,31.316797215,2312.1578057,4,0,0,,,,,
K07,1,0,2169,18.3651452282,0.516828031351,0.00532819817588,0.000641277045622,1125.23232664,1307,0.12670128872,435.526313417,36.0673297628,2806.66644144,4,0,0,,,,,
K08,1,0,1305,130.159386973,4.35019157088,0.0705263015021,0.00757405627381,2968.40449279,6071,0.146657121267,854.152009247,30.00065887,5494.26692472,4,0,0,,,,,
K09,1,0,2300,9.89043478261,0.302608695652,0.00409710193079,0.000371732470433,1171.59068135,763,0.13897493666,493.572935979,32.7247706422,2955.38834213,4,0,0,,,,,
K10,1,0,2154,8.82544103993,0.27669452182,0.00306303940443,0.000345173018701,1062.47547084,642,0.127615492548,357.732437638,32.1121495327,2222.48929888,4,0,0,,,,,
K11,1,0,2172,9.77808471455,0.290976058932,0.00366918290185,0.000377621164672,1177.39426397,694,0.131650063605,425.503910309,34.2463976945,2593.56760669,4,0,0,,,,,
K12,1,0,2297,8.42620809752,0.265999129299,0.00284582186386,0.000343745026184,1178.46989862,679,0.124906484486,351.636203532,31.6863033873,2363.97057996,4,0,0,,,,,
K13,1,0,2116,9.25661625709,0.275992438563,0.00316721038238,0.000344878362351,1046.24233472,625,0.126126457351,334.798139327,33.6496,2229.87121012,4,0,0,,,,,
K14,1,0,2172,11.7237569061,0.385819521179,0.00462371968348,0.000476318816624,1174.02318008,906,0.127025535819,473.709579164,30.4028697572,2876.7863568,4,0,0,,,,,
K15,1,0,2072,11.0622586873,0.30888030888,0.00382949199859,0.00039184675823,1043.14470215,700,0.130557312551,351.382758594,36.05,2307.21836148,4,0,0,,,,,
K16,1,0,1308,7.3998470948,0.177370030581,0.00282235655387,0.000201959526148,1028.49610614,259,0.143806440168,374.390338371,42.0965250965,2242.35400638,4,0,0,,,,,
K17,1,0,60,29.95,0.533333333333,0.0104106483279,0.000821206080339,1304.25384732,35,0.134402924369,416.926613287,56,2686.81592703,4,0,0,,,,,
K18,1,0,2092,94.2652963671,4.26768642447,0.0398334762364,0.00591714064874,1625.10874708,9650,0.14472338057,478.386705908,22.1948186528,3058.31446738,4,0,0,,,,,
K19,1,0,2215,10.2027088036,0.292550790068,0.00316700686488,0.000375101623147,976.016497186,694,0.119223237071,270.090024683,34.8775216138,1981.24268071,4,0,0,,,,,
K20,1,0,1928,69.9040456432,2.78423236515,0.023455367381,0.00373484614271,1255.08026199,5728,0.133251436885,312.89953977,25.2620460894,2174.28326067,4,0,0,,,,,
K21,1,0,1991,17.9713711703,0.482672024108,0.00673631800392,0.000717047049923,1018.83573005,1032,0.124141194945,338.997737196,37.5697674419,2254.64527511,4,0,0,,,,,
K22,1,0,2141,10.4367118169,0.381130312938,0.00316676361164,0.000490513247172,927.970830829,884,0.122319628153,245.28610936,27.9411764706,1755.45121017,4,0,0,,,,,
K23,1,0,2223,120.089518668,5.13315339631,0.0508926900575,0.0071935567225,1529.20345595,12313,0.150162515681,464.017152007,23.6961747746,2844.63205465,4,0,0,,,,,
K24,1,0,2024,9.11462450593,0.270750988142,0.00280061785137,0.0003330428878,974.318366552,593,0.121804929759,290.07946878,34.3086003373,2006.75189642,4,0,0,,,,,
L01,1,0,2209,119.46084201,4.81892258941,0.0551512331673,0.00663525192479,2076.72307227,11488,0.153480573862,668.848440861,25.095229805,4048.95526144,4,0,0,,,,,
L02,1,0,2045,84.2034229829,3.13936430318,0.0278760357123,0.00412842952234,1428.81803453,6995,0.139570843766,384.308196542,26.8932094353,2551.64116139,4,0,0,,,,,
L03,1,0,2123,11.9599623175,0.338200659444,0.00407592646503,0.000438043552132,1029.18973319,788,0.121628104757,288.728475951,35.4682741117,2062.3226157,4,0,0,,,,,
L04,1,0,2183,15.8543289052,0.425561154375,0.00503327661844,0.000533806411535,1021.4897325,1025,0.122066378936,277.06504695,37.4546341463,1983.62366865,4,0,0,,,,,
L05,1,0,2199,10.0145520691,0.276489313324,0.00341483136163,0.000365474204301,1147.44046257,676,0.12415814908,333.014150465,36.5695266272,2351.0130158,4,0,0,,,,,
L06,1,0,2266,9.51412180053,0.265225066196,0.00309805840205,0.00032736469461,1103.35436168,661,0.123975622844,342.445432982,35.6308623298,2308.03937063,4,0,0,,,,,
L07,1,0,2260,9.35353982301,0.31017699115,0.00346170818537,0.00040464518795,1076.35344322,758,0.127650125784,366.588256915,30.2889182058,2270.7118885,4,0,0,,,,,
L08,1,0,2089,90.5342269028,3.79463858305,0.0305780527788,0.00502951621714,1773.01711723,8681,0.135181917525,455.678417204,23.8868793918,3183.3118636,4,0,0,,,,,
L09,1,0,1355,7.43911439114,0.255350553506,0.00226319316666,0.000242330578892,1005.64821679,374,0.129002218018,315.969184457,29.0427807487,1916.17819475,4,0,0,,,,,
L10,1,0,1873,7.86599038975,0.257341163908,0.00367866048734,0.000359312971952,1010.81070166,523,0.134938881287,366.086523724,30.4244741874,2144.2986681,4,0,0,,,,,
L11,1,0,2205,9.51020408163,0.291156462585,0.00348631832006,0.000373981094575,1094.10285422,700,0.124716585558,367.459519074,32.84,2380.30655005,4,0,0,,,,,
L12,1,0,2187,8.49885688157,0.282121627801,0.00272616519159,0.000342497441349,1063.98446657,669,0.12456069084,322.640632081,30.5739910314,2175.24635703,4,0,0,,,,,
L13,1,0,2329,8.26492056677,0.28209531988,0.00277096028603,0.000382559836061,1050.99438088,724,0.122684998759,323.716984216,29.4419889503,2271.39540056,4,0,0,,,,,
L14,1,0,2188,8.90722120658,0.297531992687,0.0032315153806,0.000392220679225,1040.41436661,709,0.125432028851,324.703343612,30.2355430183,2177.73105915,4,0,0,,,,,
L15,1,0,1908,10.5246331237,0.328092243187,0.00378416545741,0.000396555440187,1066.23950102,683,0.129386232602,321.964263297,32.1610541728,2070.49168539,4,0,0,,,,,
L16,1,0,2102,8.45575642245,0.236917221694,0.00265515428981,0.000301819287585,1077.87722554,540,0.125654819017,322.567499032,35.3037037037,2106.41176171,4,0,0,,,,,
L17,1,0,2137,11.0706598035,0.353766963032,0.00312216885259,0.000414452903943,1048.90621237,827,0.122323001151,284.277236191,31.4594921403,1994.44101806,4,0,0,,,,,
L18,1,0,2074,9.67550626808,0.295081967213,0.00291000349088,0.000381039906221,1002.6038444,669,0.120293403683,263.936445539,32.8789237668,1895.66142417,4,0,0,,,,,
L19,1,0,2228,24.8716337522,0.962298025135,0.00757740205358,0.00123194338508,1034.3313342,2297,0.121415633248,263.231732279,26.4383979103,1946.47361268,4,0,0,,,,,
L20,1,0,2195,11.467881549,0.331662870159,0.00389715401648,0.000453899764383,1028.28017488,780,0.119978392612,286.152247971,34.6961538462,1993.55692566,4,0,0,,,,,
L21,1,0,2250,15.4822222222,0.442666666667,0.0046687914011,0.000573494291916,967.446106002,1066,0.118923294257,250.95641836,34.9296435272,1831.66673441,4,0,0,,,,,
L22,1,0,2191,12.5823824738,0.380191693291,0.00471299470768,0.000499452179155,987.667507201,896,0.124654214641,331.248340373,33.484375,2199.08432169,4,0,0,,,,,
L23,1,0,2171,116.385997236,5.26761860894,0.0565123958428,0.00733600068611,1800.70162031,12363,0.154059067154,603.471522966,22.1989808299,3632.68043501,4,0,0,,,,,
L24,1,0,2043,107.674008811,4.57219774841,0.0418619634201,0.00648027794192,1692.40138036,10175,0.143999346244,464.780531168,23.7306142506,2988.1151054,4,0,0,,,,,
M01,1,0,2372,73.1403878583,2.27487352445,0.0255513473968,0.00312046299424,1399.28418385,5839,0.128426026899,358.439916049,32.494091454,2628.20429058,4,0,0,,,,,
M02,1,0,2248,50.5822953737,2.00444839858,0.0155270851417,0.00265624977098,1186.10077816,4907,0.130301972186,304.222163806,25.45343387,2166.00799606,4,0,0,,,,,
M03,1,0,2076,31.1512524085,0.928227360308,0.0085417022489,0.00111546084958,1075.86439685,2125,0.120227626686,264.595032466,33.5990588235,2000.35141802,4,0,0,,,,,
M04,1,0,1277,5.91386061081,0.157400156617,0.00262115029262,0.000165933240856,948.755976809,233,0.165116771833,487.763928106,37.7038626609,2385.82416245,4,0,0,,,,,
M05,1,0,2087,9.52803066603,0.279348346909,0.00367765829614,0.000357231642216,1035.99836671,626,0.131200097477,373.398619735,34.1948881789,2318.50016509,4,0,0,,,,,
M06,1,0,2110,10.0914691943,0.318009478673,0.00317828111789,0.000383006450315,1022.6137552,741,0.126544765074,308.297441282,31.6680161943,2062.9296355,4,0,0,,,,,
M07,1,0,1997,10.2298447672,0.292438657987,0.00315842406564,0.000362142798045,1046.80816562,625,0.125545015792,327.926739076,34.9456,2195.58389647,4,0,0,,,,,
M08,1,0,2079,10.050986051,0.31265031265,0.00388220331085,0.000400939329791,1087.39041352,708,0.133330449242,393.253726966,32.2259887006,2369.94503162,4,0,0,,,,,
M09,1,0,2048,10.37890625,0.31005859375,0.00436156673262,0.000387394288907,1145.4970631,708,0.133146111173,465.918550775,33.459039548,2753.71623536,4,0,0,,,,,
M10,1,0,2146,10.636999068,0.331780055918,0.00371044709699,0.000410426840935,1056.30820755,755,0.129027980558,353.288520342,31.7536423841,2257.83653472,4,0,0,,,,,
M11,1,0,1688,9.81753554502,0.284360189573,0.00360864879508,0.000385721915073,1062.5488794,518,0.125237114272,327.840901768,34.5077220077,2137.47516545,3,0,0,,,,,
M12,1,0,2146,17.8285181733,0.618825722274,0.00577666519675,0.000822872336556,1114.24145997,1431,0.122060069204,294.793058283,29.2438853948,2083.26025803,4,0,0,,,,,
M13,1,0,2159,9.27790643817,0.283927744326,0.00383301089245,0.000370051078941,1061.42453239,680,0.133841380937,405.703201558,33.3823529412,2424.98612486,4,0,0,,,,,
M14,1,0,2099,10.231538828,0.275845640781,0.00364770011549,0.000346123549536,1103.36089171,630,0.130363556122,385.683045107,37.0142857143,2480.93305167,4,0,0,,,,,
M15,1,0,1915,19.5148825065,0.672584856397,0.00627865915371,0.000891591403627,1140.85898493,1417,0.125866481233,302.433172292,29.1707833451,2186.10512409,4,0,0,,,,,
M16,1,0,2179,9.03946764571,0.280862781092,0.0037075111951,0.000360355897394,1057.31658098,662,0.131814251775,401.973035311,32.2870090634,2420.11723152,4,0,0,,,,,
M17,1,0,2164,8.99537892791,0.27449168207,0.00352187615604,0.000353290219982,1101.2636304,649,0.130729908613,420.315201928,33.030816641,2617.44902125,4,0,0,,,,,
M18,1,0,2201,9.00772376193,0.24352567015,0.0029166723737,0.000300839463674,1022.92014789,579,0.126244977275,318.962886845,36.8808290155,2019.50624916,4,0,0,,,,,
M19,1,0,2224,8.8053057554,0.275179856115,0.00260672860259,0.000351785326026,1063.73425086,664,0.119850614608,287.582087659,32.4774096386,2073.98453674,4,0,0,,,,,
M20,1,0,2136,20.8974719101,0.756554307116,0.00625564962374,0.000961415431709,1047.05871545,1743,0.122005248776,269.719704316,28.1887550201,1994.3399731,4,0,0,,,,,
M21,1,0,2039,9.69887199608,0.279548798431,0.00325138291973,0.000347120879302,964.539176308,620,0.123496557304,281.384715836,34.7451612903,1928.69492018,4,0,0,,,,,
M22,1,0,2155,10.856612529,0.341531322506,0.00352242899327,0.000452627623351,931.244731762,798,0.119249309493,281.029560362,32.4298245614,1975.31584932,4,0,0,,,,,
M23,1,0,2152,58.7100371747,2.03252788104,0.0188952558641,0.00274922408254,1238.31923861,4734,0.12502009567,295.982441346,28.9535276722,2225.61048414,4,0,0,,,,,
M24,1,0,2003,126.519720419,5.30054917624,0.0575478106845,0.0074747125721,1661.01455162,11545,0.153221950846,498.338362605,24.1901255955,3025.60422913,4,0,0,,,,,
N01,1,0,2219,10.7404236142,0.284812978819,0.00323829488697,0.000342582592517,977.909540788,693,0.124909066727,276.714573303,37.8095238095,1887.8995906,4,0,0,,,,,
N02,1,0,2024,130.575098814,5.30484189723,0.0634785507524,0.00787686642074,1878.747519,11502,0.15659615578,580.004697459,24.9092331768,3433.56830484,4,0,0,,,,,
N03,1,0,2041,13.3130818226,0.360607545321,0.00378211871492,0.000444387494872,988.542858815,788,0.118337999774,250.833766389,37.8578680203,1889.60733177,4,0,0,,,,,
N04,1,0,2063,18.2462433349,0.608337372758,0.00593231229892,0.000770087474758,1028.052673,1334,0.123254881243,286.489014737,30.0022488756,2008.8685719,4,0,0,,,,,
N05,1,0,2099,10.4502143878,0.303001429252,0.00327338521301,0.000399939844124,1001.33806005,679,0.11886994705,268.478098506,34.3431516937,1949.10523909,4,0,0,,,,,
N06,1,0,1971,99.7280568239,3.45002536783,0.0337841681621,0.00484239243789,1440.94321589,7316,0.132633744381,348.035532089,28.9878348824,2456.42822864,4,0,0,,,,,
N07,1,0,2091,9.53323768532,0.255380200861,0.00298389742132,0.000324189250455,1044.7415846,577,0.122252263526,330.394935771,38.0623916811,2221.24413838,4,0,0,,,,,
N08,1,0,2124,11.4298493409,0.353107344633,0.00333800830032,0.000475354169919,984.83572422,809,0.117652887805,250.87437791,32.651421508,1920.71484748,4,0,0,,,,,
N09,1,0,2064,21.9239341085,0.75726744186,0.0063750803837,0.000986553416607,1048.02249806,1694,0.120439942734,248.779633283,28.8229043684,1901.12600929,4,0,0,,,,,
N10,1,0,2178,8.59595959596,0.270431588613,0.00286909842139,0.000363900263375,1039.60081689,650,0.125373341611,312.126015502,31.9107692308,2118.29268786,4,0,0,,,,,
N11,1,0,2074,8.97492767599,0.233847637416,0.00311887422659,0.000283412466288,999.054501648,536,0.125796701233,319.134325889,38.3470149254,2038.93003131,4,0,0,,,,,
N12,1,0,2143,8.2202519832,0.232851143257,0.00346026800055,0.000298795532425,1044.80816684,542,0.134555979924,405.746715478,35.3560885609,2388.95353744,4,0,0,,,,,
N13,1,0,2102,8.46051379638,0.212654614653,0.0025376747342,0.000274651037061,1006.84561817,478,0.118854690794,264.919289195,40.0062761506,1932.9250659,4,0,0,,,,,
N14,1,0,2121,9.12211221122,0.24988213107,0.00329765927907,0.000336428366349,1035.75131711,561,0.127281953043,338.234469005,36.7718360071,2245.52931227,4,0,0,,,,,
N15,1,0,2188,12.3267824497,0.355575868373,0.00432308864816,0.000428336733662,1075.50997622,856,0.129202853708,384.23245497,34.8060747664,2482.43266698,4,0,0,,,,,
N16,1,0,2126,9.06020696143,0.278457196613,0.00277761094829,0.000351397126443,981.399324279,638,0.119194209901,264.53467477,32.9090909091,1938.03619371,4,0,0,,,,,
N17,1,0,1646,11.294653706,0.315917375456,0.00403653907504,0.000375685240023,996.462584558,575,0.130764898644,320.274165794,36.2226086957,2055.18189497,4,0,0,,,,,
N18,1,0,2163,14.2302357836,0.462783171521,0.00450306229387,0.000617421830172,986.530287141,1076,0.121736312503,248.233086314,31.1524163569,1827.10562747,4,0,0,,,,,
N19,1,0,1443,70.4407484407,2.41510741511,0.0459979692067,0.00465907681466,1426.34230194,3687,0.151270710691,473.77902277,29.6305939788,2894.65764172,4,0,0,,,,,
N20,1,0,2057,115.362664074,4.95673310647,0.0696474675271,0.00719984498987,2068.48579505,10898,0.159365646615,780.763444859,23.418792439,4520.43944655,4,0,0,,,,,
N21,1,0,2065,12.7283292978,0.402905569007,0.00349226916002,0.000499335262339,931.438127544,894,0.118069068011,237.802083817,31.841163311,1750.13124915,4,0,0,,,,,
N22,1,0,2103,12.7346647646,0.359010936757,0.00484927650596,0.000451066989941,983.474270613,815,0.127377490725,411.5052756,35.7865030675,2378.15661199,4,0,0,,,,,
N23,1,0,2277,9.34958278437,0.285463328942,0.00313425569573,0.00036505782907,1001.13534327,707,0.126773364482,319.802185131,33.0608203678,2062.15472305,4,0,0,,,,,
N24,1,0,2120,110.733962264,4.72924528302,0.0422766638144,0.00638468311457,1432.91692873,10819,0.145587601865,406.753517094,23.6052315371,2584.59288124,4,0,0,,,,,
O01,1,0,2426,8.42333058533,0.246908491344,0.00265752108719,0.000319298842983,1030.51963613,640,0.125237713289,310.856163696,34.934375,2058.63432046,4,0,0,,,,,
O02,1,0,1675,144.990447761,5.59582089552,0.0888598398179,0.00829757934243,2981.05972653,10248,0.16782496381,1116.18699595,26.0604996097,6237.26635438,4,0,0,,,,,
O03,1,0,2164,9.80499075786,0.276340110906,0.00313382889921,0.000360626757617,976.76812334,652,0.124412839557,270.305635122,35.6411042945,1909.63612878,4,0,0,,,,,
O04,1,0,2306,9.9878577623599991,0.284908933218,0.00327442982208,0.000360093296461,1011.11154378,728,0.123467616343,307.54000496,35.4739010989,2078.66737792,4,0,0,,,,,
O05,1,0,790,19.7721518987,0.327848101266,0.00812273172312,0.000453323944173,993.157523099,267,0.14799215993,419.198759805,60.7415730337,2282.45600202,4,0,0,,,,,
O06,1,0,2278,9.37840210711,0.306409130817,0.00340259018855,0.000397206244973,985.863243543,764,0.127846064997,309.405050437,31.3926701571,2082.30874389,4,0,0,,,,,
O07,1,0,2033,8.40973930152,0.230201672405,0.00282356820151,0.000282123545004,1105.10565687,503,0.128793391399,348.583981902,36.4850894632,2263.70992879,4,0,0,,,,,
O08,1,0,2273,9.21205455345,0.261768587769,0.00370808474309,0.000331616328965,1076.79351852,662,0.132548423096,423.043284909,35.7114803625,2602.78269599,4,0,0,,,,,
O09,1,0,2234,12.9579230081,0.423008057296,0.00466915227808,0.000566815238499,1065.9617698,1036,0.126328649514,322.482798627,30.9198841699,2166.03607544,4,0,0,,,,,
O10,1,0,2120,9.39905660377,0.257547169811,0.00323065086365,0.000314903474742,1041.002539,590,0.125438892113,319.933933803,36.4288135593,2063.19938541,4,0,0,,,,,
O11,1,0,2022,8.67260138477,0.226013847676,0.00291827682722,0.000287791177451,1023.6178016,507,0.127713026269,324.485684638,38.3076923077,2187.33184555,4,0,0,,,,,
O12,1,0,2071,8.2515692902,0.237566393047,0.00299486663339,0.000303868413324,1046.99857496,535,0.129760468731,355.35548872,35.0299065421,2307.00631019,4,0,0,,,,,
O13,1,0,2165,7.53903002309,0.213394919169,0.00252302203585,0.000274436875565,1073.3736106,502,0.123042904369,302.416780711,36.3565737052,2043.03974089,4,0,0,,,,,
O14,1,0,2085,7.80863309353,0.205755395683,0.00279376925558,0.000277710453595,1013.36594665,476,0.126182763092,356.021750035,38.018907563,2302.32160836,4,0,0,,,,,
O15,1,0,1997,8.8087130696,0.225838758137,0.00340653056713,0.000280638761896,1004.79216938,506,0.130189810061,371.834439541,38.3636363636,2219.13133395,4,0,0,,,,,
O16,1,0,1953,28.9605734767,1.05581157194,0.0090057384255,0.00143429558977,1102.96444746,2210,0.125855451246,277.985302957,27.8755656109,1973.53512342,4,0,0,,,,,
O17,1,0,2123,15.7946302402,0.544512482336,0.00469888920635,0.000716517097742,1031.50575781,1238,0.121878247124,255.559294361,29.3885298869,1884.74375271,4,0,0,,,,,
O18,1,0,2005,17.5097256858,0.616957605985,0.00521565439764,0.000822179661666,1081.31336625,1352,0.124623397358,285.167005993,28.4615384615,2001.45565854,4,0,0,,,,,
O19,1,0,2008,9.0328685259,0.297310756972,0.00302273406668,0.000382146663962,1008.26956873,653,0.125844796374,298.790460424,30.7090352221,2040.66270608,4,0,0,,,,,
O20,1,0,2097,9.84501669051,0.287076776347,0.00335234018113,0.000363886647364,965.4758726,644,0.126234228612,312.24681381,34.652173913,2042.24823415,4,0,0,,,,,
O21,1,0,1983,11.7927382753,0.385274836107,0.00460137187308,0.000487725997666,1058.65737427,819,0.128403310027,369.376831338,30.778998779,2288.7648789,4,0,0,,,,,
O22,1,0,1972,60.0603448276,2.42494929006,0.017171526228,0.00291188234382,1098.3413704,5199,0.130115701058,270.911104578,24.8515099058,1932.47409019,4,0,0,,,,,
O23,1,0,2242,10.0084745763,0.268510258698,0.00321121509893,0.000336192321074,1066.89424455,666,0.124757850013,353.024019943,37.2342342342,2432.20356991,4,0,0,,,,,
O24,1,0,1995,129.06716792,5.3969924812,0.0674177136819,0.00748831822558,2167.54255052,11625,0.158640253547,738.34581144,24.2305376344,4315.38354157,4,0,0,,,,,
P01,1,0,2190,8.77442922374,0.26301369863,0.00279752544239,0.000345915868521,1061.26239957,622,0.122483795538,280.367190688,33.5192926045,1980.64042985,4,0,0,,,,,
P02,1,0,1975,44.8546835443,1.47949367089,0.0126081583147,0.00190099100456,1271.66461874,3156,0.12198171741,287.240333002,30.45373891,2218.27345414,4,0,0,,,,,
P03,1,0,2088,9.67528735632,0.281609195402,0.00310788963291,0.000361247173617,960.523427389,631,0.122642771723,259.937103919,35.145800317,1818.19904781,4,0,0,,,,,
P04,1,0,2110,8.06066350711,0.221800947867,0.00273179046417,0.000293347403221,957.290813007,521,0.122948932995,293.288015877,35.8061420345,2033.01355285,4,0,0,,,,,
P05,1,0,1981,10.2640080767,0.343260979303,0.00341206694811,0.00043957581045,1019.35733323,727,0.124259853896,307.826084011,29.9477303989,2100.03653484,4,0,0,,,,,
P06,1,0,1870,10.2427807487,0.266310160428,0.00353130789035,0.000338951986864,1002.87116399,543,0.126424219808,329.896153865,38.0773480663,2171.25072933,4,0,0,,,,,
P07,1,0,2058,8.63216715258,0.246355685131,0.00284586573686,0.000317424980412,1036.14395733,570,0.127138989835,355.772744605,35.3771929825,2280.63832302,4,0,0,,,,,
P08,1,0,1960,9.15408163265,0.22806122449,0.00315195751606,0.00031362538985,974.163316551,484,0.125197747217,332.301637273,40.6115702479,2063.1734908,4,0,0,,,,,
P09,1,0,2006,8.56979062812,0.249750747757,0.00314914555723,0.000319303987013,1019.76839632,532,0.129212660674,325.966141392,34.2387218045,2082.49681305,4,0,0,,,,,
P10,1,0,1938,18.1558307534,0.588235294118,0.00504769442916,0.00076211582911,1052.08215687,1235,0.120161226302,271.990918854,31.163562753,1995.67208953,4,0,0,,,,,
P11,1,0,1895,10.037994723,0.282321899736,0.00351497929277,0.000369307222868,1086.55098961,591,0.128218987509,366.388717647,35.4433164129,2411.87755857,4,0,0,,,,,
P12,1,0,926,33.8466522678,0.392008639309,0.0128628995158,0.000464758782648,4558.27536621,378,0.155596347191,2022.55570541,86.2698412698,9339.17167064,4,0,0,,,,,
P13,1,0,2027,8.22545633942,0.209669462259,0.00262439278127,0.000255302120699,1062.99973119,470,0.124466821837,358.350611185,39.4382978723,2356.56344841,4,0,0,,,,,
P14,1,0,1902,14.007360673,0.349631966351,0.00317898477244,0.000392083110542,1007.92257451,718,0.117567521229,242.938264616,40.4707520891,1768.70545901,4,0,0,,,,,
P15,1,0,1817,13.119427628,0.323610346725,0.00335004745277,0.000356936321693,1086.47648062,645,0.119113824615,312.878641431,40.3565891473,2217.36109468,4,0,0,,,,,
P16,1,0,1907,26.6124803356,0.909805977976,0.00747331301506,0.00111625417113,1080.93118204,1880,0.123090501471,270.124625688,29.5340425532,1969.93998179,4,0,0,,,,,
P17,1,0,2100,10.2819047619,0.249523809524,0.00308895101731,0.000302567167853,1042.8259148,569,0.124086317189,307.814815097,41.4305799649,2122.42991719,4,0,0,,,,,
P18,1,0,1914,31.3218390805,1.09926854754,0.00886924228597,0.00133477031504,1063.25226864,2327,0.122075686485,246.050798033,28.5651052858,1850.88931151,4,0,0,,,,,
P19,1,0,1964,7.68482688391,0.200101832994,0.00249496551957,0.000240614885248,966.992717864,427,0.12855436662,341.935357012,37.5011709602,2289.84524776,4,0,0,,,,,
P20,1,0,2166,12.7188365651,0.335641735919,0.00424210513769,0.000449373519803,1010.12361024,776,0.123438451671,295.066309861,38.0902061856,2006.61364025,4,0,0,,,,,
P21,1,0,2093,11.336837076,0.319159101768,0.00329460049295,0.000395456529204,1026.23755076,721,0.118872204535,269.301354867,35.839112344,1958.84556601,4,0,0,,,,,
P22,1,0,1984,10.0947580645,0.295866935484,0.00300696563376,0.000360550160255,1000.92744903,644,0.122997881956,301.906807844,34.1226708075,2083.25248754,4,0,0,,,,,
P23,1,0,2087,9.02347867753,0.250119789171,0.00287219135509,0.000335449207774,979.189178326,568,0.122073909069,268.92287522,36.1126760563,1850.07571257,4,0,0,,,,,
P24,1,0,1961,42.6221315655,1.396736359,0.0123334332609,0.00171870628374,1237.51761457,2969,0.122562328355,294.947930184,30.8386662176,2195.13645112,4,0,0,,,,,
