Well	Plane	Timepoint	Cell Selected - Number of Objects	Cell Selected - Total Spot Area - Mean per Well	Cell Selected - Number of Spots - Mean per Well	Cell Selected - Relative Spot Intensity - Mean per Well	Cell Selected - Number of Spots per Area of Cytoplasm - Mean per Well	Cell Selected - Intensity Cytoplasm Mean - Mean per Well	Spots Selected - Number of Objects	Spots Selected - Relative Spot  Intensity - Mean per Well	Spots Selected - Corrected Spot  Intensity - Mean per Well	Spots Selected - Spot Area [px²] - Mean per Well	Spots Selected - Intensity Spot Mean - Mean per Well	Number of Analyzed Fields	Height [µm]	Time [s]	Compound	Concentration	Cell Type	Cell Count	
A01	1	0	1830	118.293442623	4.36557377049	0.0489235621634	0.00635730020417	2407.59032093	8698	0.146187497219	647.12547504	27.5106921131	4132.61578437	4	0	0					
A02	1	0	2395	9.85010438413	0.303131524008	0.00388901249693	0.000385919808389	1008.48695899	773	0.130036287412	415.070084897	32.6429495472	2490.32477749	4	0	0					
A03	1	0	2339	7.90508764429	0.252672082086	0.00254946098885	0.00032063647869	929.728337037	641	0.120966231055	257.446577422	31.5522620905	1779.45089638	4	0	0					
A04	1	0	930	50.8333333333	1.55161290323	0.0101674201456	0.00152206761357	1226.31244167	1545	0.116958622613	235.534268479	33.2867313916	1824.67886895	4	0	0					
A05	1	0	2581	8.9019759783	0.235567609454	0.00306343625049	0.000318607794433	1026.48873616	655	0.125038616975	354.972080731	37.9984732824	2241.84601023	4	0	0					
A06	1	0	2355	9.29384288747	0.264118895966	0.00297228605435	0.000333245129492	1041.32623524	672	0.121640383517	280.553187609	35.306547619	2019.32760719	4	0	0					
A07	1	0	2410	84.5614107884	3.44149377593	0.0394127813522	0.00508658903703	1672.32785572	8942	0.149370257034	569.372953528	24.7815924849	3412.17293806	4	0	0					
A08	1	0	1984	18.8865927419	0.469254032258	0.00465877918735	0.000520902151808	1274.62698938	1025	0.121190295196	325.593251017	41.672195122	2394.7771951	4	0	0					
A09	1	0	2434	9.05094494659	0.237058340181	0.00323082732396	0.000297996555083	1204.49220934	600	0.130461639032	422.83798434	38.6233333333	2654.04905789	4	0	0					
A10	1	0	2344	8.77815699659	0.232935153584	0.00365306409125	0.000290972860737	1245.35847122	595	0.130595309562	516.790910335	38.1008403361	3186.12251732	4	0	0					
A11	1	0	2371	10.657528469	0.32644453817	0.00314158161225	0.000425584765436	1154.85005338	844	0.119990243566	309.355898857	34.0924170616	2187.22447068	4	0	0					
A12	1	0	1368	11.975877193	0.274122807018	0.00397690164646	0.000323303651638	1105.98034377	406	0.131261888903	380.89322963	45.6871921182	2431.81971911	4	0	0					
A13	1	0	2408	7.17566445183	0.238787375415	0.00245633590356	0.000303289837372	1063.24305758	613	0.125393311772	306.309664521	30.132137031	2151.01265948	4	0	0					
A14	1	0	2493	8.42639390293	0.236662655435	0.00253186095196	0.000311231295721	1086.57119531	629	0.123126874721	288.531775856	36.0620031797	2083.37675297	4	0	0					
A15	1	0	2471	5.55605018211	0.131121003642	0.00210550198455	0.000180210477508	1093.6625188	362	0.129021925783	383.568930412	42.4613259669	2465.96940511	4	0	0					
A16	1	0	2418	9.23366418528	0.253515301902	0.00340262729388	0.000330108423391	1216.88031181	652	0.12847796461	367.700337827	36.7745398773	2372.63902962	4	0	0					
A17	1	0	2252	10.7739786856	0.274422735346	0.00359151047352	0.000348250834283	1032.72210235	680	0.128161887871	358.82884175	39.8029411765	2288.49338143	4	0	0					
A18	1	0	2368	8.72761824324	0.25	0.00315958626112	0.000305351591553	1027.38416091	644	0.131285145142	353.945530788	35.7593167702	2260.61011251	4	0	0					
A19	1	0	2541	12.2062180244	0.373081463991	0.00394191806363	0.000515748190124	989.092494726	1024	0.119615104014	243.464878625	33.0556640625	1809.23915224	4	0	0					
A20	1	0	2442	82.2190827191	3.16707616708	0.0297371682444	0.00433139026634	1336.01069401	8291	0.132756049625	355.862237136	26.20142323	2507.65752459	4	0	0					
A21	1	0	2355	8.22080679406	0.219532908705	0.00287636737692	0.000276429502918	1050.51269713	554	0.127457584458	348.463537717	37.714801444	2265.77556721	4	0	0					
A22	1	0	2474	8.78860145513	0.248989490703	0.00285969673746	0.000312633345366	958.669792873	666	0.126824118328	293.844955123	35.8228228228	2006.83721682	4	0	0					
A23	1	0	2063	127.32331556	5.49975763451	0.0589227117763	0.00796945501857	1862.61387428	12182	0.154621255033	568.586731685	23.4201280578	3417.75804729	4	0	0					
A24	1	0	2182	9.45921173236	0.249770852429	0.00343422920507	0.000300984193455	1014.12005979	586	0.133948061331	402.491080979	38.1689419795	2489.20185097	4	0	0					
B01	1	0	1932	131.995341615	4.72308488613	0.0629101358858	0.0072126586475	1814.32596308	9720	0.153324410561	539.022129219	28.2698559671	3273.95838894	4	0	0					
B02	1	0	2051	7.89663578742	0.222330570453	0.00299884536721	0.000283738813462	991.912185372	495	0.131693955606	364.953884949	36.3252525253	2211.73620384	4	0	0					
B03	1	0	2134	8.01265229616	0.193533270853	0.00316767416115	0.000286839923827	989.191239859	448	0.132264677683	359.726597228	41.4352678571	2211.80356256	4	0	0					
B04	1	0	1983	20.3988905698	0.555219364599	0.00442531684687	0.000579578084858	976.301855939	1243	0.123179568644	244.185016858	37.6468222043	1765.11545224	4	0	0					
B05	1	0	2298	8.41862489121	0.253698868581	0.00292365046478	0.000330489199554	958.315755749	634	0.12334441374	287.122551332	33.1025236593	2016.96242613	4	0	0					
B06	1	0	2122	9.4684260132	0.264373232799	0.0031174096188	0.000332083786839	992.741732532	607	0.12666241471	297.222272299	35.6144975288	1991.6299167	4	0	0					
B07	1	0	2066	9.65972894482	0.246369796709	0.00320764810594	0.000299134694499	984.013188885	545	0.123281848884	315.12278496	39.3027522936	2108.7785671	4	0	0					
B08	1	0	2371	8.41164065795	0.204555040067	0.0030347111823	0.000287501932326	1040.78560143	522	0.125035470833	341.858033096	41.4808429119	2218.61986542	4	0	0					
B09	1	0	2297	15.3282542447	0.494993469743	0.00479029865338	0.000651195606865	1074.65397926	1238	0.123209093118	320.703848766	31.3836833603	2220.72966336	4	0	0					
B10	1	0	1789	11.0508664058	0.294019005031	0.00417231422077	0.000315308081766	1038.66905239	570	0.135540463179	384.601310196	37.4561403509	2299.40331929	4	0	0					
B11	1	0	2271	8.93879348305	0.293703214443	0.00340842432993	0.000377965027594	1048.64079045	728	0.131899997687	393.291062759	30.6304945055	2441.73974351	4	0	0					
B12	1	0	2203	17.2364956877	0.710394916024	0.00502529613053	0.000892794331026	1062.4850642	1705	0.123320991155	262.340031437	24.495601173	1910.44410018	4	0	0					
B13	1	0	983	15.4211597152	0.30518819939	0.00539504580974	0.000434519275857	1084.70478366	332	0.137571357705	374.679868407	50.5602409639	2275.552678	4	0	0					
B14	1	0	2056	105.516536965	4.37402723735	0.0791733142105	0.00671657457031	2760.66470507	9724	0.161095914579	1210.49910794	24.2474290415	7045.58159648	4	0	0					
B15	1	0	2258	10.4269264836	0.306908768822	0.00306837133976	0.000379825419303	1047.46058509	738	0.120784306196	268.367943321	34.5758807588	1940.59447664	4	0	0					
B16	1	0	2165	95.9210161663	4.02309468822	0.040901202678	0.00566001848294	1672.07742144	9355	0.143726863507	493.607082395	24.0760021379	3094.80942421	4	0	0					
B17	1	0	2238	7.77479892761	0.202859696157	0.00247044054095	0.00026260418128	1053.4641032	503	0.12456362807	313.99499036	38.37972167	2128.7027338	4	0	0					
B18	1	0	2297	8.17675228559	0.253373966043	0.00242801261224	0.000314916729172	968.61006417	626	0.124299340902	286.693373653	32.5207667732	1976.43804594	4	0	0					
B19	1	0	2294	9.53705318221	0.242807323452	0.00331468162995	0.000311220208693	987.177805963	608	0.125262125273	296.672937068	39.6299342105	1991.9538286	4	0	0					
B20	1	0	2307	9.57260511487	0.26441265713	0.00324864254914	0.000353339316866	998.901084138	674	0.126185720985	313.655547912	36.2922848665	2087.03497435	4	0	0					
B21	1	0	2280	9.75570175439	0.289473684211	0.00317889824976	0.000376653086852	955.501602491	713	0.12078215039	267.273853606	34.4263674614	1914.48862883	4	0	0					
B22	1	0	2287	9.00568430258	0.270660253607	0.00347708417598	0.000338698043769	1003.87222109	675	0.131005965721	376.247429328	34.0192592593	2348.1526651	4	0	0					
B23	1	0	2269	111.091670339	4.91405905685	0.04565798633	0.00687617328413	1513.45829494	11991	0.147913226266	430.519349611	22.8295388208	2708.49242705	4	0	0					
B24	1	0	2223	9.05398110661	0.240215924426	0.00333018972977	0.000302971594569	1031.1268056	590	0.132277776482	347.923521242	38.3254237288	2182.62569481	4	0	0					
C01	1	0	2140	128.291121495	5.04112149533	0.0601879477024	0.00755083080535	1781.34698093	11625	0.154045860513	545.119349757	25.6700215054	3281.24439007	4	0	0					
C02	1	0	2155	7.9252900232	0.213921113689	0.0026073397045	0.000272764679369	972.745791973	509	0.121972046603	305.907037457	38.0726915521	1997.10894156	4	0	0					
C03	1	0	1315	8.93384030418	0.15969581749	0.00356716163574	0.000183180242289	848.674039981	230	0.14958642911	415.199574029	57.2217391304	2279.69089626	4	0	0					
C04	1	0	2353	8.72418189545	0.251168720782	0.00337339232689	0.000348633416085	969.846303176	645	0.127467844401	319.131143163	35.5813953488	2046.00568827	4	0	0					
C05	1	0	2187	60.598079561	2.42203932327	0.0223394890968	0.0035649394893	1183.74096294	5796	0.136962862931	314.939400692	25.1626984127	2126.37248797	4	0	0					
C06	1	0	1988	8.98088531187	0.284205231388	0.00276130824306	0.000379460218376	1059.53847894	617	0.122648976926	303.831358175	32.0275526742	2188.97483837	3	0	0					
C07	1	0	2288	22.7093531469	0.583479020979	0.00614197747653	0.000703884473192	963.829940814	1457	0.119041741856	247.108147792	39.2635552505	1806.02740547	4	0	0					
C08	1	0	1834	111.010359869	3.75027262814	0.0802600362047	0.00601818717063	2188.96229965	7409	0.166392733479	920.99149603	29.6214063976	5000.2279735	4	0	0					
C09	1	0	2390	8.65983263598	0.254811715481	0.00326483228075	0.00032921945496	1055.98013101	659	0.128751509219	384.159682665	33.908952959	2410.92190151	4	0	0					
C10	1	0	2291	12.2199912702	0.296813618507	0.00379611651396	0.000385784436947	1079.99660588	738	0.125942777123	303.917881618	41.7032520325	2087.39956183	4	0	0					
C11	1	0	2279	8.19394471259	0.22992540588	0.00275444911078	0.000294599625328	1039.08892518	571	0.126868004922	344.954445527	35.8283712785	2221.0034884	4	0	0					
C12	1	0	2313	7.60570687419	0.212278426286	0.00230486458348	0.000271261463223	1019.04253787	540	0.121457538506	272.032420631	36.0407407407	1949.11157324	4	0	0					
C13	1	0	2116	7.45604914934	0.20415879017	0.00227968366294	0.000261427222157	1110.53364339	457	0.125455097837	314.937804525	36.8205689278	2172.67641224	4	0	0					
C14	1	0	2265	7.39381898455	0.211479028698	0.00237059723134	0.000272904076696	1025.63824384	522	0.125481105123	307.660393844	35.5804597701	2075.97988352	4	0	0					
C15	1	0	2283	9.99956197985	0.300043802015	0.00328204517567	0.000402445316753	1037.81965421	744	0.121373248134	281.583217497	33.811827957	1993.49383386	4	0	0					
C16	1	0	2364	8.17089678511	0.219966159052	0.00307226931964	0.000282453505753	1055.76789031	569	0.12708756843	393.737647644	37.8224956063	2526.72200275	4	0	0					
C17	1	0	2375	8.27747368421	0.244210526316	0.00249805411725	0.000324514034713	1023.44963402	619	0.121398670388	283.480578274	33.7722132472	2025.9454563	4	0	0					
C18	1	0	2401	7.43440233236	0.221574344023	0.00241284083902	0.000298759917161	1002.31778897	569	0.124179498552	275.55946044	34.0808435852	1895.26388261	4	0	0					
C19	1	0	2278	18.3972783143	0.532045654083	0.00662370595985	0.00067592053818	1001.51192902	1289	0.140356273972	318.403910773	34.967416602	2041.11148421	4	0	0					
C20	1	0	773	18.1397153946	0.313065976714	0.0087762396522	0.000414487752036	946.31525259	256	0.170762689273	514.921526343	59.46484375	2580.75589296	4	0	0					
C21	1	0	2321	7.79793192589	0.282636794485	0.00249798601523	0.000380264332176	977.969991466	731	0.118944546949	272.677940925	27.8071135431	1921.22641025	4	0	0					
C22	1	0	2254	8.50532386868	0.27240461402	0.00262169174174	0.00032968538394	1027.2480794	656	0.120993056605	291.856708023	31.2957317073	2025.19888017	4	0	0					
C23	1	0	2117	104.823334908	4.44260746339	0.0410513752696	0.00621241132111	1500.4529524	10162	0.144659642434	423.091316971	23.7389293446	2721.3851583	4	0	0					
C24	1	0	2444	8.42798690671	0.247545008183	0.00245218271218	0.000309962024037	921.314433021	649	0.11995065356	236.508101039	34.2989214176	1700.61462329	4	0	0					
D01	1	0	2098	111.773593899	4.11248808389	0.0492091201501	0.00578121102439	2098.44274708	9277	0.148253211718	621.304504719	27.3747978872	3882.47697736	4	0	0					
D02	1	0	2290	113.069868996	4.58908296943	0.0503552030198	0.00695372392923	1557.78195862	11251	0.150385207146	456.943580822	24.9329837348	2829.5426535	4	0	0					
D03	1	0	1786	71.4742441209	3.03639417693	0.0286782878063	0.00458345696462	1159.82070291	5896	0.142842977831	322.860535582	23.7864654003	2099.42268579	4	0	0					
D04	1	0	1691	8.8681253696	0.230632761679	0.00404829540436	0.000305579077833	926.833687527	427	0.132467357372	355.392950687	38.7166276347	2173.08824702	4	0	0					
D05	1	0	2329	10.17947617	0.279948475741	0.00342825191651	0.000359048955266	975.289640954	701	0.127569236594	313.192940279	36.9472182596	2061.70389103	4	0	0					
D06	1	0	1950	22.8743589744	0.826153846154	0.00694324660291	0.00104612734405	1140.0185363	1709	0.123025354119	291.619777769	27.8291398479	2132.56914453	3	0	0					
D07	1	0	2120	9.38113207547	0.275	0.00321855077673	0.000350614622887	1000.53144539	633	0.127667040107	351.58015852	34.7361769352	2174.88524025	4	0	0					
D08	1	0	2224	8.61465827338	0.255845323741	0.00309531970237	0.000323638960685	1015.49958327	604	0.128700944008	334.438607511	33.630794702	2160.51660264	4	0	0					
D09	1	0	2292	9.12783595113	0.23167539267	0.00262702255778	0.000289627231671	1030.16728179	579	0.124112099669	274.172769732	39.4594127807	1877.69805584	4	0	0					
D10	1	0	2133	6.98171589311	0.211439287389	0.00256268821799	0.000286336168678	1058.03028128	500	0.126907305927	361.79774228	33.304	2283.51427583	4	0	0					
D11	1	0	2137	104.577445016	4.71080954609	0.0488002617069	0.00650762242894	1847.39612019	10982	0.147691011482	567.592674758	22.2702604262	3556.07996765	4	0	0					
D12	1	0	2169	35.7971415399	1.36053480867	0.010677479374	0.00182787291875	1151.78153412	3188	0.121585139002	269.947556535	26.4636135508	2011.19579537	4	0	0					
D13	1	0	2154	8.87558031569	0.255338904364	0.00327793544806	0.000317544627982	1104.79592964	597	0.125328550287	371.049923216	35.1541038526	2523.55974733	4	0	0					
D14	1	0	2135	8.61264637002	0.244964871194	0.00268053499814	0.000310105042167	973.170982008	577	0.123167291526	276.841521695	35.705372617	1899.41879776	4	0	0					
D15	1	0	132	21.2803030303	0.348484848485	0.0111297398543	0.000466247365749	1027.1644294	50	0.169427908867	473.946634131	63.16	2488.15786089	4	0	0					
D16	1	0	2259	21.2868525896	0.702080566622	0.00739176149007	0.000975114676552	1131.16723747	1704	0.125985271924	318.997454732	30.6660798122	2231.5499916	4	0	0					
D17	1	0	2048	8.455078125	0.24169921875	0.00229685742179	0.000288748385511	983.983095574	531	0.121554073438	258.648462647	35.3389830508	1860.64343673	4	0	0					
D18	1	0	2124	8.48399246704	0.238700564972	0.00270234310633	0.000300097851612	1005.27173272	551	0.124515531725	299.651345527	35.6061705989	2042.73731356	4	0	0					
D19	1	0	2219	73.5637674628	3.35241099594	0.0248862624089	0.00459868365553	1278.09533252	7956	0.135468387412	325.523349249	22.2386877828	2242.23617664	4	0	0					
D20	1	0	2065	7.29927360775	0.194188861985	0.00233965915359	0.000252283415047	969.58933404	444	0.125974007759	287.733651671	37.2252252252	1893.44559582	4	0	0					
D21	1	0	2154	7.739090065	0.22330547818	0.0023373163654	0.000299245558841	922.532356501	530	0.120903009081	234.186380704	35.2358490566	1691.57379388	4	0	0					
D22	1	0	2360	7.85550847458	0.220338983051	0.00233925505604	0.00027802149866	976.333303623	570	0.122754230717	288.959188621	35.8912280702	1978.18263768	4	0	0					
D23	1	0	2120	107.098584906	4.63773584906	0.0464407950457	0.00641616706603	1591.28097837	10700	0.147859893431	488.589599068	23.3056074766	3071.15488668	4	0	0					
D24	1	0	2108	109.308349146	4.47485768501	0.0454687179926	0.00650615498238	1707.53700609	10127	0.145404563211	476.917126795	24.6417497778	3043.8477954	4	0	0					
E01	1	0	2339	69.09277469	2.00042753313	0.0241526180155	0.0027690153929	1272.04961846	5009	0.127318997059	312.428267348	34.6831702935	2297.48944444	4	0	0					
E02	1	0	2139	117.422627396	5.01168770453	0.0544466081794	0.00727462312482	1582.64919307	11599	0.154423357401	489.885807945	23.5459953444	2947.82528314	4	0	0					
E03	1	0	2331	44.8961818962	1.80523380523	0.0135654504272	0.00238977939362	1117.70378934	4500	0.126763341336	253.670334834	25.0935555556	1872.40731399	4	0	0					
E04	1	0	1714	8.11960326721	0.22170361727	0.00311144085611	0.000280428045867	895.727970188	421	0.131153357395	301.871445415	37.0902612827	1799.70017948	4	0	0					
E05	1	0	2322	8.63867355728	0.251507321275	0.00313304270881	0.000336099439312	950.006008592	638	0.122710912665	317.637134445	34.9984326019	2088.28127246	4	0	0					
E06	1	0	2353	8.73608159796	0.236719082023	0.00279740167025	0.000291579316426	1026.97426558	602	0.12161880356	333.837285159	37.0714285714	2288.36883246	4	0	0					
E07	1	0	2094	8.0787965616	0.253581661891	0.00289290366939	0.000318452313229	978.234852643	581	0.127960502282	355.244069721	32.1325301205	2282.90165064	4	0	0					
E08	1	0	2436	6.92446633826	0.209359605911	0.00254174795744	0.000271140434153	1022.75568649	553	0.128062510425	337.224724507	33.1627486438	2169.46499773	4	0	0					
E09	1	0	2358	8.26293469042	0.24342663274	0.00261065109208	0.000300705137484	1049.12972599	627	0.121859057119	298.944102358	34.9346092504	2008.24033524	4	0	0					
E10	1	0	2289	8.02271734382	0.238968982088	0.00268166398104	0.000306484450441	1028.45446603	590	0.124798253629	305.673839255	33.9779661017	2096.69583781	4	0	0					
E11	1	0	2223	13.8740440846	0.410706252812	0.00496795427397	0.000572635363484	1054.55513482	974	0.121775322567	292.13806084	34.0308008214	2064.71179568	4	0	0					
E12	1	0	1086	20.2127071823	0.59576427256	0.00488627254109	0.000584864273398	1063.89263388	685	0.11798509596	266.143077596	33.997080292	1941.62510245	4	0	0					
E13	1	0	2312	7.68771626298	0.227076124567	0.00248880237267	0.000297081933121	1046.00285079	564	0.11892689103	308.777140648	34.8404255319	2157.91594067	4	0	0					
E14	1	0	2309	35.1030749242	1.40796881767	0.00929077347955	0.00176585346286	1182.54246356	3464	0.119635833666	259.233982059	25.0848729792	2014.58019467	4	0	0					
E15	1	0	2254	8.8123336291	0.250665483585	0.00349445483059	0.000303514508215	1053.40508021	600	0.131322787885	383.415501117	35.7133333333	2344.96998373	4	0	0					
E16	1	0	2333	60.854264895	2.54736390913	0.0193059134265	0.00339287112659	1262.22515715	6476	0.130063622233	301.368589588	24.0213094503	2172.63510479	4	0	0					
E17	1	0	2335	11.1653104925	0.289935760171	0.00434840938862	0.000411334837479	1039.92582629	735	0.127988186555	352.882968049	39.1115646259	2327.326548	4	0	0					
E18	1	0	2192	9.41104014599	0.241788321168	0.0032403522317	0.00032116662204	1047.70902146	580	0.123924419526	375.922817049	39.874137931	2461.15113426	4	0	0					
E19	1	0	2283	9.49934296978	0.266754270696	0.00292466047256	0.000338118231097	979.822686828	654	0.122772318602	304.774048414	36.0642201835	2053.51964189	4	0	0					
E20	1	0	2201	9.44525215811	0.31849159473	0.00339128705276	0.000423933858877	972.526955996	750	0.125159463358	308.635031308	29.9693333333	2011.89869283	4	0	0					
E21	1	0	2362	8.94369178662	0.237933954276	0.00300937819323	0.000323873599799	945.731653963	603	0.123436411111	266.117765065	37.9552238806	1826.68246466	4	0	0					
E22	1	0	2238	11.9705093834	0.381143878463	0.00381926571639	0.000500807806207	916.943007182	902	0.121684018638	235.881448875	31.8824833703	1704.50149586	4	0	0					
E23	1	0	2263	62.2165267344	2.23022536456	0.0194211629629	0.00289594215622	1159.65368329	5474	0.12488246563	276.841821521	28.1302521008	2097.77624645	4	0	0					
E24	1	0	2026	110.774432379	4.62142152024	0.0471145443484	0.00670140369987	1764.26730707	10155	0.146371942292	496.143308159	24.1743968488	3143.04202617	4	0	0					
F01	1	0	2167	8.78172588832	0.23904014767	0.00308041335043	0.000313987857963	887.545294999	554	0.124164500403	277.3371829	37.2490974729	1943.9939595	4	0	0					
F02	1	0	2207	72.8305391935	3.08110557318	0.0249143613834	0.0042745180857	1211.99474853	7304	0.136850853618	314.228293513	23.8399507119	2132.95580276	4	0	0					
F03	1	0	2160	9.60648148148	0.266203703704	0.00308844806523	0.000334833847929	908.49459321	619	0.121098797194	244.938608059	36.0306946688	1742.18058627	4	0	0					
F04	1	0	2290	8.38340611354	0.238864628821	0.00259550989948	0.000309016796982	955.042525511	587	0.117323179109	251.062786447	35.1413969336	1838.00392141	4	0	0					
F05	1	0	1753	16.28693668	0.432401597262	0.00297494647821	0.000368254853251	970.437024404	911	0.123757016584	251.462630649	38.0362239297	1798.48518813	4	0	0					
F06	1	0	1984	8.37449596774	0.268649193548	0.00279532212856	0.000342988235653	965.705379736	575	0.122006391511	275.776003587	31.3617391304	1935.56835598	4	0	0					
F07	1	0	6	88.5	1	0.0518511694917	0.0011452112182	2659.27957726	43	0.159297484341	546.862819014	40.1395348837	2625.51710604	4	0	0					
F08	1	0	2220	8.7463963964	0.268918918919	0.00314576606054	0.000348461494608	1040.85268584	654	0.125514977154	396.249711275	33.0137614679	2378.39122178	4	0	0					
F09	1	0	454	7.12334801762	0.233480176211	0.00185222070545	0.00021559093561	978.570418866	138	0.132907123702	294.719278884	33.2536231884	1930.53609612	4	0	0					
F10	1	0	2370	9.06877637131	0.307172995781	0.00310026945763	0.000394247357774	1032.01237454	789	0.12517471681	331.964654485	29.989860583	2090.75160947	4	0	0					
F11	1	0	2236	9.47182468694	0.283989266547	0.00312036645452	0.0003655496355	1036.87846082	678	0.123855089506	321.454958581	34.1902654867	2233.64608919	4	0	0					
F12	1	0	2043	7.80274106706	0.197258932942	0.00339429476615	0.000241213740125	1016.58886854	443	0.139329859446	428.440878587	39.5598194131	2381.77858013	4	0	0					
F13	1	0	2236	9.22540250447	0.266547406082	0.00311833898293	0.000332144099313	1074.51558842	633	0.125995674032	355.686213653	34.5939968404	2352.87361455	4	0	0					
F14	1	0	2145	9.60745920746	0.307692307692	0.00318917312903	0.000374672165936	1023.12387854	719	0.123811761431	311.953611018	31.2280945758	2128.20615059	4	0	0					
F15	1	0	2231	8.95741819812	0.294038547736	0.00297295009819	0.00036060967891	1001.21916555	721	0.125172158465	355.836155432	30.8932038835	2415.84919472	4	0	0					
F16	1	0	31	58.5483870968	1.03225806452	0.0260424774296	0.0013700686374	1242.68439845	32	0.158311401085	564.205010805	56.71875	3099.89148197	3	0	0					
F17	1	0	2115	50.1054373522	1.9390070922	0.0151028394723	0.00261887484046	1155.23017326	4384	0.121840967748	265.241883797	25.9956660584	2015.33495238	4	0	0					
F18	1	0	2246	16.2101513802	0.498664292075	0.00464448053513	0.000639750755305	985.261854386	1216	0.116646840573	229.970793585	32.4235197368	1771.49327565	4	0	0					
F19	1	0	2158	8.4749768304	0.263206672845	0.00248492286794	0.000334345960645	978.91956594	606	0.120780301523	284.848560571	32.3828382838	2033.56079731	4	0	0					
F20	1	0	2183	10.5176362803	0.353641777371	0.00272370877343	0.000441428374973	920.829275736	828	0.115700052304	208.866982581	30.268115942	1649.35842034	4	0	0					
F21	1	0	2208	17.0230978261	0.54393115942	0.00543402517017	0.000721636242782	983.669496594	1290	0.119974745002	248.857630576	31.8372093023	1844.59854562	4	0	0					
F22	1	0	2210	24.87239819	0.379185520362	0.00653443240029	0.000511638222568	1433.81232435	911	0.113901537529	342.665272584	65.5806805708	2728.69556571	4	0	0					
F23	1	0	2163	7.44151641239	0.201571890892	0.00207068723377	0.000263127686084	933.305048098	473	0.114999677946	236.071887106	36.8731501057	1787.76699212	4	0	0					
F24	1	0	2039	97.0078469838	4.27807748897	0.035148385601	0.00579454796811	1529.6445557	9442	0.14085140169	415.563520005	22.9538233425	2737.52677726	4	0	0					
G01	1	0	2375	9.10105263158	0.261052631579	0.00317401969394	0.000340994101987	904.411633597	684	0.125326728313	297.514581904	35.0116959064	2041.26111818	4	0	0					
G02	1	0	2051	136.088249634	5.09019990249	0.0867067019699	0.00770131397106	2462.25254758	11246	0.165976967734	917.775100385	27.0311221768	5156.23267642	4	0	0					
G03	1	0	2217	8.9648173207	0.283265674335	0.00311083795223	0.000365483874574	912.001427176	670	0.124607599453	276.32082465	31.9432835821	1859.18406632	4	0	0					
G04	1	0	2344	8.96587030717	0.255119453925	0.00319358657902	0.000333489360067	951.475742286	647	0.127804022486	301.416201881	35.6197836167	1960.17999349	4	0	0					
G05	1	0	2535	34.2244575937	1.4134122288	0.00982810856001	0.00180187653596	1054.09318134	3820	0.125551994852	245.430333855	24.3942408377	1802.52334374	4	0	0					
G06	1	0	2543	8.25678332678	0.274872198191	0.00290607319042	0.000372773636722	1044.28269205	749	0.122933633863	297.709781868	30.567423231	2128.63843239	4	0	0					
G07	1	0	2363	9.59500634786	0.276343630978	0.00395524330097	0.000358973872198	1045.70607801	701	0.130651535425	405.927401591	34.7703281027	2554.39866957	4	0	0					
G08	1	0	2392	10.5593645485	0.332357859532	0.00368735739126	0.000410719348533	991.547357952	851	0.123867427262	299.165757855	32.027027027	2035.90208039	4	0	0					
G09	1	0	2226	25.9761904762	1.02021563342	0.00792578645512	0.00132519081213	1126.45401115	2425	0.122267329604	251.77139717	25.7121649485	1884.35910634	4	0	0					
G10	1	0	2284	8.96147110333	0.247810858144	0.00307084583592	0.000326363410025	1043.20783463	607	0.121245264682	297.172827663	36.3542009885	2003.50069019	4	0	0					
G11	1	0	2325	7.80559139785	0.238709677419	0.00265064361681	0.000292698561179	1065.91944079	609	0.124205849361	347.573006576	32.7471264368	2361.79360909	4	0	0					
G12	1	0	2097	6.96375774917	0.205054840248	0.00272312304076	0.000289522915567	986.763861109	477	0.126471326263	370.196155495	34.6205450734	2410.50257965	4	0	0					
G13	1	0	2233	9.42274966413	0.258844603672	0.00377771978936	0.000318289022572	1067.1123974	620	0.127649127698	453.585210372	36.7580645161	2664.02182172	4	0	0					
G14	1	0	2259	17.7751217353	0.625055334219	0.00532784945965	0.000797789946348	1025.66434083	1531	0.12091630995	257.581201327	28.8073154801	1939.89942355	4	0	0					
G15	1	0	144	58.2986111111	0.840277777778	0.0281321043458	0.000928861145237	1234.30451148	122	0.176303865593	698.393286461	70.1147540984	3405.33412398	4	0	0					
G16	1	0	2164	27.1603512015	0.961645101664	0.00857813340367	0.00129574297119	1084.22548166	2245	0.123101354612	264.991501465	28.476169265	1940.59788229	4	0	0					
G17	1	0	1668	5.9412470024	0.159472422062	0.00258568493928	0.000217588107074	946.819507963	298	0.138710947682	396.842957223	37.1711409396	2334.82492894	3	0	0					
G18	1	0	1770	9.44011299435	0.297175141243	0.00407367039789	0.000388561266538	809.137658909	562	0.133682376718	307.869070741	31.859430605	1855.48233886	4	0	0					
G19	1	0	2475	9.18909090909	0.315555555556	0.00285622075669	0.000415764095737	983.175176085	855	0.121524472763	256.702194364	29.4970760234	1832.02411336	4	0	0					
G20	1	0	1458	12.3518518519	0.316872427984	0.00561160680015	0.000379654288605	947.038825603	499	0.145798761488	468.563145301	39.6332665331	2706.24302284	4	0	0					
G21	1	0	2272	30.2095070423	1.1698943662	0.0085202901688	0.00148843947437	1013.27769887	2923	0.1220310554	240.894484845	26.0041053712	1794.64884751	4	0	0					
G22	1	0	2270	9.78854625551	0.300440528634	0.0028435652696	0.000367148546246	938.349877139	745	0.123040227366	248.906484029	32.8416107383	1761.17743154	4	0	0					
G23	1	0	2049	9.8897022938	0.256222547584	0.00278088899952	0.000325952557054	936.115561854	557	0.118887470561	265.53052926	38.6552962298	1894.37957752	4	0	0					
G24	1	0	2198	109.37033667	4.6847133758	0.0441216399928	0.00624704196871	1678.98980097	10966	0.146574173031	514.016413611	23.5758708736	3263.58594966	4	0	0					
H01	1	0	2161	9.60111059695	0.281351226284	0.00311721795632	0.000351001910275	910.099835932	654	0.122464801442	284.840458864	34.4143730887	1942.43331041	4	0	0					
H02	1	0	2143	43.7158189454	1.54923005133	0.0132718912525	0.00203161129807	1117.3979933	3568	0.122479406225	261.247661954	28.3679932735	1972.6723392	4	0	0					
H03	1	0	2153	110.680445889	4.71806781235	0.0469828267622	0.00667063137156	1466.51826799	10876	0.146542458965	436.890573943	23.7016366311	2777.04518018	4	0	0					
H04	1	0	963	21.1121495327	0.309449636552	0.00786560697849	0.000453772339866	967.379468175	318	0.138213971042	354.864267255	68.3616352201	2088.65115799	4	0	0					
H05	1	0	2279	12.5015357613	0.340939008337	0.00366597829012	0.000403361968279	976.264962809	871	0.125763153122	298.905057108	36.9138920781	1983.68684787	4	0	0					
H06	1	0	2056	44.8039883268	2.0063229572	0.0144243814062	0.00269792698505	1116.25622063	4512	0.128646137058	273.969151197	22.5268173759	1980.19225945	4	0	0					
H07	1	0	2127	10.8603667137	0.32581100141	0.00367947590496	0.000407683645186	976.371059996	741	0.124341764958	301.947508895	33.6072874494	2040.99901367	4	0	0					
H08	1	0	2094	9.59312320917	0.324737344795	0.00317449812172	0.000405185310086	1012.41103552	728	0.123639715937	316.673980705	29.8928571429	2208.85155855	4	0	0					
H09	1	0	2093	10.3354037267	0.333492594362	0.00357643545895	0.000414578461528	1003.85734282	759	0.126564349762	302.736861013	31.2015810277	2015.55819535	4	0	0					
H10	1	0	2129	9.43400657586	0.320807891029	0.00383949181379	0.000431681189824	1033.1511148	753	0.124529165441	335.093484539	29.2589641434	2310.36644593	4	0	0					
H11	1	0	2220	9.59144144144	0.309009009009	0.00346606548664	0.000399759232745	1033.94580967	752	0.123233758909	363.527866807	31.4906914894	2419.83112728	4	0	0					
H12	1	0	2181	10.0476845484	0.32783127006	0.00341077665152	0.000409298370312	1014.8117714	786	0.122386084143	302.045659468	31.2709923664	2081.35771222	4	0	0					
H13	1	0	2097	9.2284215546	0.271816881259	0.00287983703251	0.000344210251383	1030.27810315	625	0.118540837774	281.633347644	34.3184	2070.53146292	4	0	0					
H14	1	0	2167	10.6114443932	0.371019843101	0.00337353757352	0.000452549006645	1031.67121727	862	0.123322125849	303.349134333	29.0556844548	2117.86566503	4	0	0					
H15	1	0	2007	20.8141504733	0.751868460389	0.00590227765721	0.000911899366686	1057.24293389	1640	0.120941792684	260.368385506	28.0786585366	1986.37479902	4	0	0					
H16	1	0	2182	11.1471127406	0.285976168653	0.00446599714902	0.000347209374557	1064.98363291	677	0.134662924268	476.048375548	38.8921713442	2831.43385184	4	0	0					
H17	1	0	2020	9.20792079208	0.277227722772	0.0028205036696	0.000353587049421	998.811083328	604	0.120444044297	273.077927039	33.7682119205	1931.52132004	4	0	0					
H18	1	0	2239	11.8928092899	0.338543992854	0.0044144107922	0.000433690155654	990.1980127	821	0.124134527477	364.393048327	35.5103532278	2401.270121	4	0	0					
H19	1	0	2277	9.90294246816	0.284584980237	0.00326511925518	0.000346528398175	988.713825184	704	0.123975989866	312.570650271	34.9928977273	2054.04186294	4	0	0					
H20	1	0	2074	9.2531340405	0.289296046287	0.00347983629567	0.000367529572026	963.408950196	674	0.12593259794	355.654015108	32.056379822	2257.19742552	4	0	0					
H21	1	0	2124	11.5334274953	0.387947269303	0.00370828346244	0.000534767198569	909.964657646	883	0.121500106387	240.150334208	29.9501698754	1722.31350642	4	0	0					
H22	1	0	2307	10.3342002601	0.339401820546	0.00333911924575	0.000434783441839	903.428673173	864	0.118833131861	243.2640339	30.7199074074	1752.46242257	4	0	0					
H23	1	0	2341	8.5360956856	0.246903032892	0.00234575184985	0.000326116138268	902.867005814	632	0.11980090678	228.200547332	34.7294303797	1706.75543973	4	0	0					
H24	1	0	2255	44.5286031042	1.59467849224	0.0127105345844	0.00211116981761	1076.18428108	3849	0.119584237173	240.259585904	28.3299558327	1876.97454965	4	0	0					
I01	1	0	2058	135.977648202	5.63022351798	0.0688139821372	0.00862203925977	1798.59793718	12223	0.15839247805	567.247064859	24.3835392293	3338.77174076	4	0	0					
I02	1	0	2108	8.40749525617	0.242884250474	0.00230200509584	0.000313077604326	893.144820966	560	0.117549089552	220.62468549	34.6714285714	1655.91707266	4	0	0					
I03	1	0	185	11.4216216216	0.227027027027	0.00401873425183	0.000279860754027	876.905946774	46	0.132563963263	275.493759488	49.5	1819.19210054	4	0	0					
I04	1	0	2250	3.94311111111	0.109777777778	0.00207113795419	0.000157203746287	881.014370053	265	0.145334139714	404.19913917	36.2113207547	2208.64376051	4	0	0					
I05	1	0	2299	8.14049586777	0.230100043497	0.00336613067822	0.000304275826667	1001.46999823	585	0.133381735008	392.720988904	35.588034188	2350.48715517	4	0	0					
I06	1	0	2350	7.99404255319	0.25914893617	0.00286029167786	0.000341825960154	1007.68232855	672	0.123472313195	299.725906228	31.5758928571	2073.41723064	4	0	0					
I07	1	0	2225	10.8035955056	0.33797752809	0.00361867376937	0.000454323471294	1042.72568864	817	0.120678669656	296.938349519	32.3916768666	2049.29410173	4	0	0					
I08	1	0	2276	9.8572056239	0.309314586995	0.00345619880582	0.000369599484505	1167.90966661	771	0.129373305127	380.378002803	32.3631647211	2402.99673621	4	0	0					
I09	1	0	2228	9.53141831239	0.305206463196	0.00325307678257	0.000389357724644	1065.68326247	729	0.128783895391	322.337772178	31.8669410151	2077.38596874	4	0	0					
I10	1	0	1931	12.6566545831	0.404971517349	0.0038058290893	0.000489011926176	1042.02376693	837	0.121230126548	302.327810812	31.2258064516	2173.9059065	4	0	0					
I11	1	0	2165	8.44526558891	0.267436489607	0.00251149479719	0.0003351069755	1077.75163195	621	0.120770822415	284.88854232	31.5587761675	2037.58638342	4	0	0					
I12	1	0	2142	9.66666666667	0.325396825397	0.00331276019536	0.000397537868611	1027.15762856	769	0.128131739224	325.050536589	29.699609883	2063.30526007	4	0	0					
I13	1	0	2327	7.39879673399	0.255694026644	0.00248433155602	0.000329436323019	1017.02150237	654	0.123009640408	275.506687207	29.4403669725	1889.24339328	4	0	0					
I14	1	0	2244	10.4451871658	0.327540106952	0.00336486113923	0.000427003042746	1034.54487635	778	0.125146897073	303.548480885	32.1580976864	2092.75554595	4	0	0					
I15	1	0	2057	77.4268351969	3.41273699562	0.0252072604746	0.0043812301854	1371.13087817	7628	0.133652223978	344.852871505	22.774252753	2414.79748051	4	0	0					
I16	1	0	2197	18.8083750569	0.70459717797	0.0049296184669	0.000898846481588	1021.09963838	1680	0.119153348152	220.95005975	26.8797619048	1719.95829937	4	0	0					
I17	1	0	2138	9.63376987839	0.286248830683	0.00320146289233	0.000383483557726	1010.49055537	684	0.124252300056	298.310980467	34.1652046784	2012.1232572	4	0	0					
I18	1	0	2315	8.74125269978	0.256155507559	0.00291908232034	0.0003323889134	1029.20158958	628	0.124385653512	292.248191832	34.0780254777	2015.53880448	4	0	0					
I19	1	0	2175	77.771954023	2.98068965517	0.0260387178515	0.00405557381423	1290.93690157	6883	0.132105296163	320.821057772	26.2860671219	2273.80833864	4	0	0					
I20	1	0	2239	9.80928986155	0.280035730237	0.00298197702867	0.000378802944346	963.584642525	684	0.117662183992	237.859627701	35.0467836257	1775.13034218	4	0	0					
I21	1	0	1583	12.2981680354	0.3531269741	0.0036532713323	0.000458443498672	891.032127045	602	0.1202908986	233.597925262	35.0481727575	1677.30885644	4	0	0					
I22	1	0	2204	13.0671506352	0.398820326679	0.00351623216455	0.00050721907495	914.722466616	963	0.115756797162	199.233681287	33.2481827622	1583.37346724	4	0	0					
I23	1	0	2025	118.839506173	4.84740740741	0.0505538430868	0.00686616531179	1526.81270875	10391	0.149393085078	446.935799549	24.7499759407	2776.01765659	4	0	0					
I24	1	0	2064	9.07751937984	0.259205426357	0.00251099888593	0.000339400685616	1015.86706966	593	0.11936866727	232.771814868	35.4502529511	1712.54370061	4	0	0					
J01	1	0	2275	116.345054945	5.09450549451	0.0547453788944	0.00768298037731	1596.83448842	12361	0.153446471306	486.400666413	23.0149664267	2947.39500966	4	0	0					
J02	1	0	2189	9.8391959799	0.264961169484	0.0032834935872	0.00034105055659	922.659176216	634	0.124533514178	285.23941057	37.1466876972	1917.14675205	4	0	0					
J03	1	0	1610	8.18881987578	0.204347826087	0.00242026818505	0.00026551655169	945.24772808	355	0.122638313752	290.321067186	40.0253521127	1881.29784155	3	0	0					
J04	1	0	2043	9.11209006363	0.259422418013	0.00269565084383	0.00031448373067	938.896058874	585	0.123134873463	262.070276474	35.0581196581	1860.56203903	4	0	0					
J05	1	0	2106	8.41168091168	0.231244064577	0.00221908744236	0.000292904452026	961.349516617	541	0.119234584217	225.884749092	36.2957486137	1725.4424313	4	0	0					
J06	1	0	2074	9.45419479267	0.284956605593	0.00318066237136	0.000365704029083	1043.4128852	635	0.124277580612	296.260304002	33.4488188976	1986.39509033	4	0	0					
J07	1	0	1848	8.40043290043	0.287878787879	0.00265551305376	0.000379587327944	932.370436814	593	0.121869031796	236.855011207	29.3929173693	1721.20711591	4	0	0					
J08	1	0	1152	116.96875	4.39756944444	0.0441789597146	0.00539970913324	1574.42701279	5522	0.144471102651	464.291453895	26.7165881927	3009.22437453	4	0	0					
J09	1	0	2179	8.11014226709	0.225332721432	0.00251789393825	0.000282369467092	1003.76276624	538	0.121893218059	271.45467437	35.592936803	1940.96218828	4	0	0					
J10	1	0	2116	30.3846880907	1.06474480151	0.00923981032754	0.00135003356239	1208.07802315	2444	0.122068103542	313.301683503	28.6800327332	2337.61405845	4	0	0					
J11	1	0	2092	9.4378585086	0.330305927342	0.00257336359326	0.000409612200286	1000.090944	733	0.118567407386	242.874325429	28.8035470668	1873.81584932	4	0	0					
J12	1	0	1574	19.8570520966	0.539390088945	0.00337287095421	0.000451371532876	1051.7311294	992	0.12394506721	268.057132097	37.4959677419	1890.47396132	4	0	0					
J13	1	0	2216	8.93772563177	0.290613718412	0.00247083542789	0.000366149719353	979.7855091	704	0.120596336099	233.152350475	30.8863636364	1742.62216744	4	0	0					
J14	1	0	2081	8.66410379625	0.268140317155	0.00326126964518	0.000345608628622	984.177280658	601	0.127570918032	320.719355032	32.4575707155	2056.62644565	4	0	0					
J15	1	0	1980	14.5217171717	0.54898989899	0.0039512691272	0.00066088453684	1026.69933428	1170	0.118969289574	234.888284905	26.6777777778	1825.82886666	4	0	0					
J16	1	0	87	41.5057471264	0.735632183908	0.0152709121896	0.000861111348278	1243.65048623	170	0.13751744259	353.744174859	46.3294117647	2422.36830166	4	0	0					
J17	1	0	2105	9.22090261283	0.269833729216	0.00287823307536	0.000342096869431	995.711471159	603	0.119788954225	268.876049868	34.263681592	1914.2751437	4	0	0					
J18	1	0	2020	19.5668316832	0.758910891089	0.0051791410782	0.000938795013262	1030.60045117	1653	0.120534294925	232.430296767	26.2516636419	1781.4906249	4	0	0					
J19	1	0	9	41.4444444444	0.555555555556	0.020253434517	0.000537774103577	2813.34481401	20	0.154621231185	482.019169486	49.25	2588.82087581	4	0	0					
J20	1	0	2176	10.0942095588	0.305606617647	0.00368097726192	0.00039623610006	950.968251062	725	0.126782826164	287.817147279	33.1862068966	1894.11628802	4	0	0					
J21	1	0	1476	129.882791328	4.82994579946	0.0765813297195	0.00749560191445	1945.69351757	7647	0.157377929048	625.256678787	27.19890153	3680.47988595	4	0	0					
J22	1	0	2117	10.9116674539	0.374114312707	0.00322721430552	0.00048549464747	915.390328783	873	0.120331945602	235.562929241	29.116838488	1687.44632376	4	0	0					
J23	1	0	2114	100.859035005	4.41390728477	0.0390504126198	0.00611021625765	1331.4828749	10091	0.145360970831	375.90420306	22.9583787533	2413.5773309	4	0	0					
J24	1	0	2061	8.92770499757	0.244056283358	0.00247763529267	0.000308667745603	1018.39536501	532	0.118851451327	248.749761398	36.4586466165	1830.64575385	4	0	0					
K01	1	0	2074	116.884281581	4.39344262295	0.0501902462667	0.00637995480753	1739.07002779	9935	0.149688947591	508.044512295	26.733568193299998	3140.22905216	4	0	0					
K02	1	0	2175	9.22482758621	0.243218390805	0.00302196715744	0.000309594609526	929.894984288	577	0.12441186652	284.108680834	37.8180242634	1958.14527498	4	0	0					
K03	1	0	2249	8.03557136505	0.211204979991	0.00234764909569	0.000283774029301	952.857341904	523	0.120561269368	258.645870882	37.8030592734	1868.91508661	4	0	0					
K04	1	0	2357	12.1523122613	0.346627068307	0.00394498801901	0.000444309720741	966.303955676	893	0.12249039934	302.802450448	35.9059350504	2103.38692009	4	0	0					
K05	1	0	2156	7.01576994434	0.178571428571	0.00281611431008	0.000248889400349	948.503556141	416	0.129591329039	356.829563656	39.5985576923	2168.33785744	4	0	0					
K06	1	0	2073	13.5750120598	0.380125422094	0.00267097849194	0.000360044834665	967.304941027	917	0.121557510271	214.508109147	36.60087241	1627.52515025	4	0	0					
K07	1	0	2326	9.2901977644	0.273000859845	0.00325102465965	0.000349623921674	974.705948057	696	0.125666815898	308.123035802	34.6005747126	1985.48707973	4	0	0					
K08	1	0	2055	8.73333333333	0.263260340633	0.00281946717961	0.000332477668395	1113.27631775	597	0.121588701606	318.467162953	32.7236180905	2369.91958959	4	0	0					
K09	1	0	2131	9.83716564993	0.263725950258	0.00349532931941	0.000329939242155	1051.09669263	613	0.128954701543	411.118415848	36.9853181077	2592.36919955	4	0	0					
K10	1	0	2246	9.33526268923	0.262243989314	0.00317662072191	0.000321952159735	1002.13079736	644	0.119721629829	336.337798369	35.6444099379	2329.02969637	4	0	0					
K11	1	0	2339	9.16716545532	0.272766139376	0.00382357091654	0.000326918184072	1047.50640553	689	0.131756572178	412.251051598	33.7619738752	2478.02614214	4	0	0					
K12	1	0	2021	6.89312221672	0.192478970807	0.00248295454512	0.000242806600356	1015.7970048	442	0.127017221827	327.219248424	36.5	2114.92303918	4	0	0					
K13	1	0	2309	14.4313555652	0.550454742313	0.00439675085474	0.000719795009987	1023.84907626	1393	0.12085405737	257.530960945	26.4888729361	1883.75551934	4	0	0					
K14	1	0	2259	14.9915891988	0.487383798141	0.00452195560591	0.000588817336525	1004.69691987	1185	0.123637231591	274.063360453	30.9021097046	1919.14189007	4	0	0					
K15	1	0	2218	8.35933273219	0.236248872858	0.00247847725601	0.000300297477979	993.300510765	578	0.122770434722	338.636667111	35.3771626298	2273.73663092	4	0	0					
K16	1	0	2224	8.70143884892	0.264388489209	0.00314189704001	0.000339587493981	963.045551081	640	0.129192763028	308.628887674	32.9390625	2020.28148202	4	0	0					
K17	1	0	2165	8.13210161663	0.258660508083	0.0025561226516	0.000335506596344	944.824006997	612	0.115007382693	239.104223716	31.3202614379	1803.14278477	4	0	0					
K18	1	0	2217	9.00766801985	0.26747857465	0.0033281219123	0.000343814998084	1017.85250136	645	0.130518323309	358.150850119	33.8775193798	2191.88072851	4	0	0					
K19	1	0	2305	12.747505423	0.433405639913	0.00379039539378	0.000551290669035	983.408529333	1080	0.119538447186	246.122767895	29.7083333333	1816.63901918	4	0	0					
K20	1	0	2113	56.8315191671	2.19876952201	0.0186172210025	0.00303356715368	1197.03993612	4989	0.129719492004	296.579605849	26.1328923632	2140.46958864	4	0	0					
K21	1	0	2228	12.1476660682	0.337522441652	0.00390375474083	0.000428700087705	924.751633806	824	0.122528827105	257.201650148	36.7839805825	1777.98568316	4	0	0					
K22	1	0	2340	11.8987179487	0.4	0.00353853280541	0.000532261808463	919.115246383	1006	0.118848384573	228.6473035	30.3141153082	1706.33202888	4	0	0					
K23	1	0	2029	109.040413997	4.60029571217	0.0434936387155	0.00626718087112	1425.7385271	10174	0.146812058575	415.599774274	23.9145862001	2617.2086605	4	0	0					
K24	1	0	2248	8.86565836299	0.261565836299	0.00264027876765	0.000333170521615	951.491909136	644	0.119430905326	254.705613687	34.25	1786.43084187	4	0	0					
L01	1	0	2209	104.347668628	4.01267541874	0.0471061286303	0.00572559978794	1878.71659139	9636	0.148952442697	596.563464249	26.1649024491	3690.59218863	4	0	0					
L02	1	0	2073	88.6348287506	3.63241678726	0.0316482628956	0.00494751695065	1319.99407182	8092	0.141575674222	358.650302476	24.535467128	2356.23307309	4	0	0					
L03	1	0	2220	9.33243243243	0.245045045045	0.00282127375306	0.000308041302393	902.00929121	592	0.119143424824	237.642157856	38.0844594595	1702.96108381	4	0	0					
L04	1	0	2203	34.5987290059	1.13799364503	0.0098038886966	0.00145290605345	1055.67159618	2699	0.123145784614	264.102341371	30.5298258614	1922.27390529	4	0	0					
L05	1	0	2239	10.7333631085	0.284055381867	0.00395729733909	0.000371654190488	992.673295573	683	0.131875312684	370.74887416	37.298682284	2299.0253403	4	0	0					
L06	1	0	2163	20.7147480351	0.578363384189	0.00622811857888	0.000744403758421	999.690566388	1365	0.129574890529	290.973820166	36.1435897436	1974.42998322	4	0	0					
L07	1	0	2249	9.10538016896	0.266785237884	0.00335726691293	0.000351896515947	993.419159781	662	0.127774941923	339.704288624	34.3927492447	2202.29784471	4	0	0					
L08	1	0	2103	13.2705658583	0.401806942463	0.00446761608144	0.000530865610262	1006.78806553	921	0.124888190855	296.081482597	32.7958740499	2035.62290984	4	0	0					
L09	1	0	1806	11.8621262458	0.302879291251	0.0036950542045	0.000413419596008	1118.4437934	601	0.121339852291	458.750880827	38.7371048253	3268.67277203	3	0	0					
L10	1	0	2068	7.9250483559	0.220502901354	0.00262665689212	0.000279830987898	1024.86281825	517	0.123333155705	313.286817765	35.413926499	2060.15571137	4	0	0					
L11	1	0	2225	8.63101123596	0.248988764045	0.00269141935587	0.000299555577368	1054.3578134	605	0.117793275087	286.231483989	34.6363636364	2053.45608519	4	0	0					
L12	1	0	2185	8.46270022883	0.257208237986	0.00319971712671	0.000332580802355	1057.54601259	616	0.124523608888	326.597719334	32.7597402597	2216.72310292	4	0	0					
L13	1	0	2153	13.2526706921	0.42080817464	0.00434129802024	0.000548345565783	1061.67268156	968	0.121517396269	295.340187507	31.666322314	2059.32328018	4	0	0					
L14	1	0	1981	9.65572942958	0.291771832408	0.0034621610166	0.000356036507476	985.477847249	610	0.127557615271	334.371020488	33.3950819672	2135.16483948	4	0	0					
L15	1	0	2099	35.5602667937	1.37446403049	0.0104757786558	0.00181765913515	1039.27034859	3057	0.12410134529	242.312792954	25.9983644096	1818.07305731	4	0	0					
L16	1	0	2137	10.5605989705	0.320542817033	0.00356925745041	0.000402166694937	969.81296521	743	0.12342918305	308.371751631	33.3041722746	2066.95429567	4	0	0					
L17	1	0	2236	11.7983005367	0.382379248658	0.00364271887292	0.00049414547441	986.486777603	925	0.118363332932	244.893587218	31.3837837838	1823.16254747	4	0	0					
L18	1	0	2282	33.7642418931	1.21866783523	0.00903837917973	0.0015815004504	1032.52381953	2968	0.118031254532	219.191689667	27.8369272237	1763.47505224	4	0	0					
L19	1	0	2047	47.6184660479	1.9609184172	0.0157199729279	0.00271585520199	1106.55600067	4352	0.128658284983	275.492282933	24.6385569853	1986.63953673	4	0	0					
L20	1	0	1913	5.80031364349	0.147935180345	0.00229258512704	0.000267806266755	918.619098108	298	0.121363717417	260.963739913	39.6409395973	1881.17800233	4	0	0					
L21	1	0	2248	9.53825622776	0.284697508897	0.00290178943784	0.000368356216096	909.290196613	700	0.121163328473	228.488385399	33.9457142857	1675.89719557	4	0	0					
L22	1	0	2253	17.694629383	0.58632933866	0.00633806445633	0.000789640554633	998.768166482	1409	0.123826086936	280.426667815	30.3839602555	1946.26121753	4	0	0					
L23	1	0	1951	132.389031266	5.38749359303	0.0818249331227	0.00818683367017	2561.62987076	11352	0.163062970893	936.744448164	24.7401338971	5387.32193855	4	0	0					
L24	1	0	1930	133.294818653	5.68082901554	0.0668902489409	0.0085843501928	1852.58871935	11987	0.157747008902	570.21789146	23.7283724034	3354.57496425	4	0	0					
M01	1	0	2201	71.6556110859	1.79009541118	0.0240737680275	0.00237512062268	1316.09360917	4261	0.127674356778	330.296253006	40.2635531565	2432.3830986	4	0	0					
M02	1	0	2034	76.0122910521	2.98426745329	0.025681205474	0.00407043227151	1394.34731637	6559	0.135970625559	346.799882682	25.5558774203	2379.63322417	4	0	0					
M03	1	0	2144	11.9375	0.348414179104	0.00312859617425	0.000422621984779	923.997032946	838	0.116978684414	220.760809127	34.5918854415	1691.96453735	4	0	0					
M04	1	0	2234	8.3339301701	0.254700089526	0.00271853538782	0.000329052209323	927.367534148	622	0.125314758849	296.575089145	32.6350482315	1939.83416114	4	0	0					
M05	1	0	2346	9.82097186701	0.27621483376	0.00307002262375	0.000344658207085	941.311350662	687	0.123368124439	304.507447894	36.2532751092	2087.08775004	4	0	0					
M06	1	0	2430	9.6024691358	0.261728395062	0.00335589740006	0.00034213470915	961.642573274	674	0.12513499752	333.610427304	36.4955489614	2208.54255329	4	0	0					
M07	1	0	2046	7.5303030303	0.230694037146	0.00239492205417	0.000295530998704	962.587875929	523	0.124551311689	298.467706968	33.2351816444	1972.52720772	4	0	0					
M08	1	0	1081	14.3385753932	0.330249768733	0.0053000279239	0.000397031976383	977.631267432	397	0.132462774965	343.094060766	43.2065491184	2105.82546142	4	0	0					
M09	1	0	2014	13.2308838133	0.420556107249	0.00422683295418	0.00051072034464	1006.41497196	923	0.123335895388	307.61258945	31.4366197183	2067.08273323	4	0	0					
M10	1	0	2179	8.73152822396	0.256539697109	0.00286164831175	0.000312770451279	1010.99445406	604	0.131059830772	349.387699967	33.6970198675	2158.85138634	4	0	0					
M11	1	0	2146	7.77865796831	0.234389561976	0.00235203757584	0.000286831642395	950.914223369	552	0.121149785525	239.984657444	33.6086956522	1769.28447678	4	0	0					
M12	1	0	2268	11.401675485	0.358906525573	0.00381967511231	0.000442034892767	1101.64175	893	0.126924273089	335.325309708	31.8947368421	2292.88212509	4	0	0					
M13	1	0	2162	8.27289546716	0.221554116559	0.00215197032524	0.000274583607004	999.588979751	517	0.119451045214	237.089497937	37.2785299807	1801.7724389	4	0	0					
M14	1	0	2259	7.93094289509	0.238158477202	0.00269103070553	0.000296887203408	1003.36944252	580	0.127020976976	334.884250979	33.2793103448	2228.35504967	4	0	0					
M15	1	0	2148	7.33845437616	0.237430167598	0.0024063354208	0.00030230157352	991.590274275	560	0.127444190321	304.245836284	31.5785714286	1988.24991066	4	0	0					
M16	1	0	2280	9.84342105263	0.325	0.00329859605219	0.000402097694097	984.73297619	788	0.127076874004	331.340941064	30.4568527919	2237.98326747	4	0	0					
M17	1	0	2263	12.3981440566	0.397260273973	0.00386411232692	0.000522527691558	1019.98242063	975	0.119185091684	266.078209954	31.1661538462	1928.81913258	4	0	0					
M18	1	0	2284	10.2810858144	0.288091068301	0.00333636697737	0.000366136702956	969.065844714	714	0.127151710265	322.198129384	35.8025210084	2083.33671047	4	0	0					
M19	1	0	2317	79.7596029348	3.57703927492	0.0287584049729	0.00507679860753	1383.11407593	8932	0.132568080721	338.279482318	22.5359381997	2426.43905758	4	0	0					
M20	1	0	2135	10.4871194379	0.290398126464	0.00332229446962	0.000361140782909	996.932730856	683	0.121838031506	296.869696973	36.4055636896	2043.61286765	4	0	0					
M21	1	0	1772	23.8244920993	0.483634311512	0.00651583110326	0.00058694485488	909.340883004	942	0.126852380495	253.368777081	49.6029723992	1675.49828411	4	0	0					
M22	1	0	2392	12.4423076923	0.390886287625	0.00403922402317	0.000512523641833	918.815758232	1009	0.122745992281	245.229765286	32.0842418236	1734.12579844	4	0	0					
M23	1	0	2140	56.8677570093	2.03551401869	0.0177736721984	0.00272992295061	1204.83594832	4654	0.122850679578	279.274801871	28.1587881392	2157.15188519	4	0	0					
M24	1	0	2062	128.834626576	5.16003879728	0.0593858382002	0.00748765930363	1705.13334126	11336	0.153885813605	510.249123114	25.1613443896	3090.03409526	4	0	0					
N01	1	0	2130	8.17370892019	0.207042253521	0.0025631665838	0.0002740802521	951.521746778	483	0.123703887468	299.759482233	39.1842650104	2040.84217887	4	0	0					
N02	1	0	1919	152.266284523	5.93121417405	0.0833302956472	0.00936067525373	2182.23758212	12291	0.162533743168	682.301518946	25.8607110894	3934.86141188	4	0	0					
N03	1	0	2151	12.6582984658	0.294746629475	0.00397144816658	0.000356090055768	1254.53394304	694	0.125781544813	976.107915028	42.939481268	6721.15702855	4	0	0					
N04	1	0	2215	22.3408577878	0.79006772009	0.00636134451326	0.00106127339471	957.38509656	1869	0.119414358274	224.256346332	28.6966292135	1727.80970375	4	0	0					
N05	1	0	2107	11.9881347888	0.288087327954	0.00359415596423	0.000357938801711	964.683446463	657	0.122291619112	293.411028623	41.4277016743	1894.0287774	4	0	0					
N06	1	0	2075	46.8751807229	1.86361445783	0.0166264100569	0.00246606906584	1066.76101631	4173	0.138107606496	313.801374055	25.049604601	2023.72114112	4	0	0					
N07	1	0	2119	7.40018876829	0.21661160925	0.0029972570334	0.00026858680025	979.346562806	492	0.132960349854	404.597436368	34.0325203252	2526.32648096	4	0	0					
N08	1	0	2227	7.43691064212	0.194881005837	0.00263437783105	0.000249251160585	945.186428697	478	0.122241677644	274.443879039	38.0732217573	1900.08929637	4	0	0					
N09	1	0	2264	8.4425795053	0.241607773852	0.00303654204308	0.000323230027397	991.439395388	586	0.124932576773	310.55887069	34.8924914676	2038.08808577	4	0	0					
N10	1	0	2110	7.77867298578	0.205687203791	0.00229639066715	0.000262635703691	949.144238526	464	0.121027412447	258.382502057	37.6271551724	1799.89956422	4	0	0					
N11	1	0	2250	7.14977777778	0.212	0.00278644261172	0.000276668359021	1005.1719887	514	0.128135441963	326.876289046	33.7782101167	2151.95481061	4	0	0					
N12	1	0	2067	6.96710208031	0.196903725206	0.00252945289645	0.000243708714046	1008.16402312	456	0.129908942181	442.799970879	36.0175438596	2682.1965004	4	0	0					
N13	1	0	2082	6.37656099904	0.181556195965	0.00186682121599	0.000232685002879	992.307132109	408	0.124241072457	267.245287102	35.1348039216	1921.60432559	4	0	0					
N14	1	0	2203	9.69496141625	0.319110304131	0.0031368117012	0.000432360158913	1007.15968222	771	0.120949011773	262.904003931	30.8754863813	1923.10934425	4	0	0					
N15	1	0	2222	7.81368136814	0.24797479748	0.00267447660953	0.000304117223775	965.972100556	610	0.124479892619	333.475410268	31.1639344262	2202.06408172	4	0	0					
N16	1	0	2085	9.35011990408	0.304076738609	0.00321920161533	0.000394817802813	930.470929753	683	0.126142886928	300.78134418	30.8696925329	2029.07600614	4	0	0					
N17	1	0	1987	9.02264720684	0.26170105687	0.00396087939289	0.000370769418028	909.161853797	551	0.134288147445	382.427634331	34.7495462795	2243.45647226	4	0	0					
N18	1	0	2213	7.9100768188	0.227293267058	0.00259221753481	0.000285597020257	925.295746544	558	0.124645002955	292.757994276	35.3082437276	1961.76677669	4	0	0					
N19	1	0	2163	10.879334258	0.384188626907	0.00339285468337	0.000477891617967	897.641763768	903	0.121151495675	228.212415045	28.6356589147	1633.8152345	4	0	0					
N20	1	0	1482	21.4014844804	0.63967611336	0.00634335817296	0.00098967241483	913.906432211	1000	0.116822134785	207.410294043	33.621	1500.42747562	4	0	0					
N21	1	0	2066	10.6064859632	0.335430784124	0.0033881608826	0.000441669150959	920.500932426	768	0.122245908275	254.389453787	32.2643229167	1738.87353613	4	0	0					
N22	1	0	2118	9.1567516525	0.260623229462	0.002968497758	0.000357406372981	930.637938332	589	0.122369881552	262.263741909	35.6943972835	1832.14554494	4	0	0					
N23	1	0	2111	9.17290383704	0.267645665561	0.00273615285371	0.000351556428581	936.880269851	615	0.118745120456	272.899027259	34.4016260163	1961.1738265	4	0	0					
N24	1	0	2000	87.9025	3.551	0.031027867755	0.00479219468703	1384.37959352	7629	0.138823593351	369.880840714	25.052038275	2469.65162704	4	0	0					
O01	1	0	2159	8.43029180176	0.212598425197	0.0021906277319	0.000264028189155	991.344645102	496	0.118221712493	237.195684735	39.6451612903	1795.0569955	4	0	0					
O02	1	0	1871	143.498129343	4.76857295564	0.0896177857822	0.0073167524906	2653.42856381	9588	0.166924482988	973.598093634	30.3476220275	5433.12209499	4	0	0					
O03	1	0	2158	8.95736793327	0.252085264133	0.00270404176703	0.000325575642243	912.629528063	571	0.119713920641	222.397837295	35.5499124343	1676.45118445	4	0	0					
O04	1	0	2203	10.1584203359	0.270994098956	0.00323789395375	0.000321682846283	934.106436561	659	0.123166612077	290.874711269	37.5629742033	1971.56369998	4	0	0					
O05	1	0	2374	8.37363100253	0.248104465038	0.00300438732315	0.000321447909554	932.374799916	653	0.123249088589	301.914637583	33.8499234303	2053.74979343	4	0	0					
O06	1	0	2355	8.61571125265	0.247558386412	0.00270184046912	0.000311819932571	937.714592356	638	0.123275670697	294.030492901	35.0956112853	1941.94753602	4	0	0					
O07	1	0	2090	101.038277512	4.26842105263	0.0395043440231	0.00583108139572	1461.65449141	9658	0.142032261266	418.133838337	23.7828743011	2760.92360057	4	0	0					
O08	1	0	2038	8.60745829244	0.239450441609	0.00280912356472	0.000290071518011	987.595443337	536	0.119984408421	315.246839589	36.1082089552	2131.40130229	4	0	0					
O09	1	0	2111	7.92420653719	0.218853623875	0.00295940709999	0.000286599107322	980.25686332	527	0.12984082961	348.278989688	36.0986717268	2192.80352285	4	0	0					
O10	1	0	1955	6.87109974425	0.217391304348	0.00212468399791	0.000267635987011	966.098518792	460	0.12319615462	297.249176729	31.3326086957	1907.0790879	4	0	0					
O11	1	0	2310	9.60173160173	0.287012987013	0.00294999160937	0.000344185797899	1048.57431688	729	0.123711682747	310.228076186	33.8216735254	2110.74441951	4	0	0					
O12	1	0	2186	37.7342177493	1.33943275389	0.0125126121194	0.00196595223132	1117.55395037	3180	0.12481595823	272.2611199	28.6455974843	2025.36918973	4	0	0					
O13	1	0	2265	7.94260485651	0.220309050773	0.00227994939142	0.000305084375601	969.358117797	532	0.116671281398	230.232272981	36.2763157895	1771.0442668	4	0	0					
O14	1	0	2188	7.37111517367	0.219835466179	0.00247181245942	0.000278163446025	961.053545244	531	0.120264779503	277.876190377	33.4105461394	1922.26900831	4	0	0					
O15	1	0	1679	7.35437760572	0.209648600357	0.00233615603999	0.000262452788335	958.747105736	405	0.119873736501	284.098390702	36.612345679	1969.60575073	4	0	0					
O16	1	0	2297	10.6948193296	0.300391815411	0.00318166756823	0.000382729802522	967.244551479	757	0.121196510294	252.332921618	35.322324967	1856.16736496	4	0	0					
O17	1	0	2161	12.2980101805	0.312355391023	0.00364677935275	0.000426687187884	984.684502484	728	0.116266125502	233.12242755	39.2362637363	1771.03530053	4	0	0					
O18	1	0	2161	9.57797316057	0.264229523369	0.00296627823441	0.000334196208375	921.212012937	609	0.124965493771	275.036834134	36.5911330049	1834.45857363	4	0	0					
O19	1	0	2245	14.829844098	0.449888641425	0.00416214566331	0.00058737170472	966.671363046	1081	0.117321583004	242.306257701	33.046253469	1785.89367853	4	0	0					
O20	1	0	2265	9.22119205298	0.281236203091	0.00296658515966	0.00035493827775	927.793955235	688	0.120135504019	286.075186617	33.0159883721	1934.77003213	4	0	0					
O21	1	0	2197	9.27492034593	0.265817023213	0.00307625006889	0.000314156677821	949.393184418	636	0.128156718282	377.758817544	35.0691823899	2171.26606056	4	0	0					
O22	1	0	1405	116.125978648	3.77153024911	0.0793930037924	0.00580084620986	2217.00458298	5657	0.158858203073	839.510440263	31.1926816334	4926.02531391	4	0	0					
O23	1	0	2154	9.17548746518	0.254874651811	0.00267488163568	0.000321728413604	1009.90562973	596	0.121263077772	255.12040709	36.0167785235	1821.41915118	4	0	0					
O24	1	0	2190	112.680821918	4.15890410959	0.0494119455928	0.00589908491262	1721.62511593	9837	0.146612168859	524.671085645	27.2288299278	3316.09949413	4	0	0					
P01	1	0	2069	6.48477525375	0.182696955051	0.00197198715141	0.000220179406247	1088.32880065	415	0.123665935139	295.281612526	36.6	2013.9559958	4	0	0					
P02	1	0	1958	40.9024514811	1.06792645557	0.0114147963779	0.00139502816052	1253.45352839	2275	0.11814854508	254.676896647	38.3283516484	2025.72294362	4	0	0					
P03	1	0	2049	9.0102489019	0.230356271352	0.00304354321944	0.000298458630581	920.65420788	501	0.124337462761	265.461773011	39.1856287425	1784.62334876	4	0	0					
P04	1	0	2102	9.20123691722	0.268315889629	0.00299449444241	0.000341194208519	917.078004457	606	0.124813655931	279.795545824	35.0940594059	1898.71373293	4	0	0					
P05	1	0	2032	11.9271653543	0.344980314961	0.00326600038658	0.000426093697695	915.575995472	742	0.118949716289	229.813299036	34.6711590296	1714.61761195	4	0	0					
P06	1	0	2119	19.4030202926	0.649834827749	0.00557514625731	0.000840286336676	956.641739017	1461	0.120365448783	224.79410922	30.1478439425	1724.36459184	4	0	0					
P07	1	0	2099	6.67508337303	0.18866126727	0.00245661513842	0.000245488849727	919.532336688	443	0.126799306126	316.66892451	34.9322799097	2011.63758647	4	0	0					
P08	1	0	1140	15.0763157895	0.394736842105	0.00495313698904	0.000422053713325	991.518575991	479	0.128752646646	307.31067641	38.1774530271	2047.03133949	4	0	0					
P09	1	0	1875	7.22293333333	0.205333333333	0.00262922150109	0.000251252030162	1030.63461489	415	0.129085525299	356.516677276	35.0385542169	2207.3218773	4	0	0					
P10	1	0	1903	7.27693116132	0.192853389385	0.00206049803392	0.000236623730981	1006.32497003	404	0.119505742178	247.378212879	37.7673267327	1821.33788982	4	0	0					
P11	1	0	2057	8.42245989305	0.244530870199	0.00276399758277	0.000316169472127	1009.54758246	548	0.127272744743	329.067592241	34.5839416058	2080.43462428	4	0	0					
P12	1	0	2094	60.1442215855	2.27125119389	0.0180259412962	0.00316626745354	1346.08871762	5061	0.128989083826	304.799087046	26.6178620826	2247.98320276	4	0	0					
P13	1	0	2083	7.11281805089	0.181469035046	0.00201623681033	0.000246988008341	975.14219937	399	0.117286466658	229.518570371	39.4160401003	1710.72374947	4	0	0					
P14	1	0	1723	30.3784097504	1.13871154962	0.00930486652357	0.00155369237586	1065.49897834	2100	0.12495576504	246.102446663	27.2328571429	1825.46421527	4	0	0					
P15	1	0	2045	8.36723716381	0.228361858191	0.00278653061269	0.000284233278937	983.966977234	501	0.127363066725	357.542947659	36.622754491	2258.69493596	4	0	0					
P16	1	0	1988	7.69215291751	0.191649899396	0.00266734652367	0.000242981843701	955.29321362	406	0.126034206014	287.28832683	40.2857142857	1926.60348691	4	0	0					
P17	1	0	1886	10.9660657476	0.269353128314	0.00318762078048	0.000367146155821	993.841571874	543	0.119542624026	247.34377272	40.8655616943	1809.92093056	4	0	0					
P18	1	0	2215	14.7855530474	0.425282167043	0.00412097641347	0.000551887047209	1036.19766784	1008	0.118106653397	238.320323594	34.7450396825	1813.104797	4	0	0					
P19	1	0	2086	7.60690316395	0.222914669223	0.00199827469324	0.000281977569891	941.186759524	509	0.120065340786	248.477449389	34.9214145383	1817.10237788	4	0	0					
P20	1	0	1992	11.3022088353	0.318775100402	0.00394500041747	0.000433252247779	952.290277073	675	0.123824731942	281.284132935	35.957037037	1935.84009339	4	0	0					
P21	1	0	2019	9.289252105	0.279841505696	0.00313361810735	0.000356186868944	907.279138263	617	0.125012598712	274.75835757	33.1685575365	1898.64822899	4	0	0					
P22	1	0	1953	8.04403481823	0.241167434716	0.00306296602943	0.000308089286557	939.597625157	506	0.125243678867	287.864919483	33.7213438735	1917.06309627	4	0	0					
P23	1	0	2150	8.46418604651	0.241395348837	0.00261454254139	0.000305872353438	953.085583923	562	0.118992572801	255.75495525	35.3220640569	1804.01669791	4	0	0					
P24	1	0	2354	36.5361087511	1.14570943076	0.0101976907402	0.00147383745895	1373.93455914	2861	0.116544412339	306.586776632	32.3935686823	2381.9446573	4	0	0					
