Well,Plane,Timepoint,Cell Selected - Number of Objects,Cell Selected - Total Spot Area - Mean per Well,Cell Selected - Number of Spots - Mean per Well,Cell Selected - Relative Spot Intensity - Mean per Well,Cell Selected - Number of Spots per Area of Cytoplasm - Mean per Well,Cell Selected - Intensity Cytoplasm Mean - Mean per Well,Spots Selected - Number of Objects,Spots Selected - Relative Spot  Intensity - Mean per Well,Spots Selected - Corrected Spot  Intensity - Mean per Well,Spots Selected - Spot Area [px²] - Mean per Well,Spots Selected - Intensity Spot Mean - Mean per Well,Number of Analyzed Fields,Height [µm],Time [s],Compound,Concentration,Cell Type,Cell Count,
A01,1,0,1906,64.5325288562,2.19202518363,0.0177373631328,0.00277589203975,1677.69194137,4624,0.129198898675,389.339377668,29.5655276817,2780.39410966,4,0,0,,,,,
A02,1,0,2033,13.4348253812,0.451549434333,0.0044441640742,0.00054824312995,1005.44366548,971,0.124687378321,301.867744278,29.683831102,2086.93245352,4,0,0,,,,,
A03,1,0,2222,10.6494149415,0.298379837984,0.0033385189716,0.000409004403436,1194.84613815,705,0.119991634434,305.234074022,35.9588652482,2228.86867861,4,0,0,,,,,
A04,1,0,2240,7.12946428571,0.233035714286,0.00249841357641,0.000290320455653,1209.77823347,563,0.124265416285,403.325638056,30.674955595,2603.9182444,4,0,0,,,,,
A05,1,0,2280,9.69824561404,0.301754385965,0.00333221209007,0.00038307173934,1005.96665474,750,0.125543606497,294.15195768,32.472,2035.56450232,4,0,0,,,,,
A06,1,0,2084,14.1381957774,0.445777351248,0.0036475706808,0.0005454476549,1080.46041572,1004,0.117382682733,248.814498136,31.8545816733,1933.01516412,4,0,0,,,,,
A07,1,0,2064,8.35804263566,0.25242248062,0.00269343754911,0.00032274169576,1374.66210182,577,0.122480035161,370.924966289,33.3760831889,2634.31035508,4,0,0,,,,,
A08,1,0,2174,10.6807727691,0.341306347746,0.0028782186778,0.000381201318026,1060.55955994,804,0.121242862662,280.041940161,31.5634328358,2038.39539602,4,0,0,,,,,
A09,1,0,2229,7.56078959175,0.224764468371,0.00269545658259,0.000299066362206,1064.72943156,552,0.12989139048,321.396092302,33.6141304348,2169.69759494,4,0,0,,,,,
A10,1,0,2182,8.05132905591,0.236938588451,0.00317444729935,0.000298790717469,1192.07793084,560,0.132122497197,478.654146433,34.6607142857,2928.08374668,4,0,0,,,,,
A11,1,0,2141,10.4147594582,0.358243811303,0.00406769065952,0.000418600953881,1178.26266702,810,0.131395544877,437.378107137,29.5555555556,2676.78451935,4,0,0,,,,,
A12,1,0,2088,9.81657088123,0.261494252874,0.00315472248275,0.000327432914771,1047.56088884,582,0.122997471508,297.36113416,38.0738831615,2074.97968892,4,0,0,,,,,
A13,1,0,2113,8.0667297681,0.214860388074,0.00260727279728,0.000284543105675,1063.61798109,494,0.124277490217,336.143953184,37.6680161943,2288.39947962,4,0,0,,,,,
A14,1,0,1317,4.41685649203,0.108580106302,0.00278427860459,0.000152107189773,1019.67570933,152,0.156165433661,569.266814262,40.5460526316,2913.09879485,4,0,0,,,,,
A15,1,0,2274,73.1147757256,2.98636763412,0.0237903661414,0.00413729915881,1411.55517661,7243,0.131025867069,344.54228813,24.771641585,2463.24017224,4,0,0,,,,,
A16,1,0,2223,19.0517318938,0.631129104813,0.00680562685708,0.000951254215611,1146.52813261,1497,0.122170039299,318.085073048,30.5591182365,2235.91594729,4,0,0,,,,,
A17,1,0,1235,16.5951417004,0.448582995951,0.00604926985775,0.000503821948977,1020.47650829,601,0.14272547771,377.63738186,37.9650582363,2206.20744889,4,0,0,,,,,
A18,1,0,2109,49.8345187293,1.80227596017,0.0143265939751,0.00220825917935,1170.9541669,4149,0.123899094424,282.251298096,28.0084357677,2083.96087486,4,0,0,,,,,
A19,1,0,11,91.9090909091,1.63636363636,0.0272033330611,0.000766600344584,1950.18482476,54,0.178614070537,839.204507232,56.6111111111,4280.98600282,4,0,0,,,,,
A20,1,0,2328,11.8883161512,0.416237113402,0.00324431975247,0.000498743481958,963.201593306,1059,0.116570452909,223.0217797,28.8895184136,1719.88495507,4,0,0,,,,,
A21,1,0,5,125.8,1.8,0.0524743665503,0.00242326699663,1462.81216169,9,0.150441028482,619.43340169,69.8888888889,3688.56758621,4,0,0,,,,,
A22,1,0,2425,10.0202061856,0.343505154639,0.00331715975092,0.000443537221536,969.382621586,891,0.12099996693,277.761680901,29.1290684624,1955.40410112,4,0,0,,,,,
A23,1,0,2287,118.065588107,5.0891998251,0.0526029820339,0.00747448631513,1919.15441253,12553,0.15026374806,555.722837921,23.4171114475,3428.36319507,4,0,0,,,,,
A24,1,0,2512,9.78622611465,0.258757961783,0.00310089848999,0.000314345724027,1143.88892168,699,0.127978165016,396.941489705,37.9570815451,2559.13098038,4,0,0,,,,,
B01,1,0,2173,90.0639668661,3.81546249425,0.0308144224547,0.00513901656274,1940.75980021,8982,0.138040967011,494.667407196,23.834001336,3330.7302745,4,0,0,,,,,
B02,1,0,1910,7.7502617801,0.222513089005,0.00332543417769,0.00027658497535,1490.4744425,449,0.135469237226,587.634926132,35.1692650334,3515.32494897,4,0,0,,,,,
B03,1,0,1896,9.36023206751,0.293248945148,0.0037723713379,0.000359993564915,1228.34736221,586,0.127836898967,417.738980678,31.8481228669,2632.96243735,4,0,0,,,,,
B04,1,0,1037,10.5332690453,0.313404050145,0.0030860382867,0.000362555288991,842.025721375,342,0.120780185416,219.69569423,33.6988304094,1620.63738239,4,0,0,,,,,
B05,1,0,2013,9.23248882265,0.266766020864,0.00305001126585,0.000339174610882,1023.89479639,575,0.124112196449,287.168631699,34.5113043478,2020.08827813,4,0,0,,,,,
B06,1,0,2158,8.56394810009,0.28359592215,0.00288298674579,0.00036970912388,935.542992058,661,0.121734110281,261.410871028,30.0105900151,1778.70159168,4,0,0,,,,,
B07,1,0,94,33.6063829787,0.510638297872,0.0111863876479,0.00057987762495,1002.22308875,65,0.151003700245,410.898562127,63.4307692308,2533.71507315,4,0,0,,,,,
B08,1,0,2581,11.0302208446,0.35141418055,0.00397877434866,0.000473958283893,996.176396682,983,0.127304541016,312.551563846,32.1912512716,2047.63284642,4,0,0,,,,,
B09,1,0,2762,7.62382331644,0.213251267198,0.00285939016314,0.000281294468535,1033.27015292,645,0.129034679334,365.66319253,36.5829457364,2303.9802149,4,0,0,,,,,
B10,1,0,2810,8.77900355872,0.269039145907,0.00244642102346,0.000334301616068,1135.86501823,808,0.117987853163,283.273483051,32.9282178218,2104.83726425,4,0,0,,,,,
B11,1,0,2657,8.23409860745,0.224313135115,0.0029235939573,0.000307045317391,1021.16807967,646,0.123979866905,304.478220506,37.0247678019,2056.74369511,4,0,0,,,,,
B12,1,0,2543,21.7817538341,0.965788438852,0.0072810121308,0.00147353558827,1163.38909931,2650,0.124180316739,274.5477844,22.7660377358,2041.34114742,4,0,0,,,,,
B13,1,0,2681,7.8780305856,0.265199552406,0.00327621570606,0.000376332296267,1116.38855666,761,0.127268676557,404.665761606,30.0157687254,2582.75776704,4,0,0,,,,,
B14,1,0,2549,8.72067477442,0.265986661436,0.00316905862443,0.000355201600618,1006.40614682,728,0.121254607145,315.590902721,32.9162087912,2167.15401814,4,0,0,,,,,
B15,1,0,2574,7.31118881119,0.231157731158,0.00256179852798,0.000312651120636,1005.65031836,655,0.122381589468,295.12823286,32.2030534351,2054.87454176,4,0,0,,,,,
B16,1,0,2440,12.7803278689,0.431557377049,0.00455832592007,0.000608724737927,1027.30538903,1138,0.124367414634,291.220910325,30.0149384886,2023.39863189,4,0,0,,,,,
B17,1,0,2634,7.98025816249,0.249430523918,0.00286195767331,0.000322657307425,988.217208632,706,0.128091374706,342.04865996,32.4589235127,2146.68248267,4,0,0,,,,,
B18,1,0,2461,50.3360422592,2.03900853312,0.0164360439056,0.00295590154748,1147.79756313,5418,0.126899235368,274.56241957,24.823181986,1991.52408695,4,0,0,,,,,
B19,1,0,2559,7.50058616647,0.230949589683,0.0027689511703,0.000308783073424,959.963372129,637,0.120955405034,305.195484008,32.6766091052,2044.14031878,4,0,0,,,,,
B20,1,0,2524,17.6576862124,0.569730586371,0.00538147952145,0.000751902413444,998.249130977,1541,0.119267263821,241.955153649,31.3277092797,1803.73352837,4,0,0,,,,,
B21,1,0,1142,8.13309982487,0.177758318739,0.00374482429008,0.000219700313969,921.289154358,222,0.163622079741,435.525235963,47.2612612613,2223.94742521,4,0,0,,,,,
B22,1,0,2435,9.78685831622,0.301026694045,0.00354009099824,0.000400772685598,1022.96604206,805,0.12703773196,329.016462077,32.8757763975,2115.92443955,4,0,0,,,,,
B23,1,0,2416,132.813327815,5.59850993377,0.0652618743337,0.00826750751238,1764.96337816,14444,0.155888460406,542.77046682,23.9011354196,3231.25701545,4,0,0,,,,,
B24,1,0,2598,9.47959969207,0.290608160123,0.00353471961653,0.000394744342577,1047.32602843,796,0.128903510341,330.231081274,32.6608040201,2183.30005118,4,0,0,,,,,
C01,1,0,2032,147.695866142,6.25393700787,0.0858340979619,0.00996219951919,2211.23661371,13680,0.162795138294,711.913025219,23.8698830409,4072.78555728,4,0,0,,,,,
C02,1,0,2043,10.011257954,0.302496328928,0.0033457402959,0.00038954804265,948.290797556,669,0.122916504539,259.839006428,33.1031390135,1791.92606471,4,0,0,,,,,
C03,1,0,2106,8.73124406458,0.276828110161,0.00296994032833,0.000362053102107,927.431267075,617,0.12160628045,249.092130705,31.9805510535,1791.48803673,4,0,0,,,,,
C04,1,0,1782,9.8771043771,0.28507295174,0.00419206712952,0.000390738943585,938.177123997,551,0.132448742755,303.684414804,35.1524500907,1842.60597052,4,0,0,,,,,
C05,1,0,2279,9.80473892058,0.254936375603,0.00354540377533,0.000307722961804,1025.46085648,613,0.130822079227,363.86767556,38.4779771615,2214.8138517,4,0,0,,,,,
C06,1,0,2262,9.25419982317,0.297082228117,0.00316252372376,0.000386161878624,967.198786295,727,0.121360406554,280.832089349,31.4607977992,1966.59078591,4,0,0,,,,,
C07,1,0,2140,4.3761682243,0.129906542056,0.00192360909368,0.000167479066499,928.038636087,303,0.137858022492,332.080994855,33.6204620462,1966.23862729,4,0,0,,,,,
C08,1,0,2288,8.8986013986,0.278409090909,0.00304767823698,0.000363640430118,1032.69290717,688,0.122313596722,342.194330897,32.4927325581,2363.81802583,4,0,0,,,,,
C09,1,0,2351,8.51850276478,0.234368353892,0.00233153610389,0.000296442365753,1021.91336589,587,0.118096064551,263.850124641,36.7001703578,1989.62246677,4,0,0,,,,,
C10,1,0,2235,7.4836689038,0.224608501119,0.00301174697577,0.000297225737852,1069.26918119,558,0.131285795675,380.391206142,34.4247311828,2289.09719279,4,0,0,,,,,
C11,1,0,2257,24.7354895879,0.776251661498,0.00668267198368,0.000960001162184,1098.23504152,1892,0.118776758315,258.57075006,32.2790697674,1953.15787837,4,0,0,,,,,
C12,1,0,2373,7.77243994943,0.197640117994,0.00267918432666,0.000266572490004,1028.52626298,516,0.124366537009,301.908771845,40.4360465116,2044.50635802,4,0,0,,,,,
C13,1,0,2187,11.2967535437,0.406035665295,0.00378686814763,0.000529421758646,1172.42126508,945,0.123155020116,342.35265024,28.0666666667,2371.03661537,4,0,0,,,,,
C14,1,0,2241,66.7983043284,2.90495314592,0.0235700966571,0.00403697231518,1320.57763765,6988,0.134964056968,343.732226051,23.1275042931,2359.39647826,4,0,0,,,,,
C15,1,0,2348,8.15204429302,0.244037478705,0.00292981182211,0.000310129526827,1039.99504873,617,0.126748770865,317.589497039,33.9513776337,2073.037268,4,0,0,,,,,
C16,1,0,2451,75.0873113015,2.9388004896,0.0235704732066,0.0038701905493,1398.35903145,7750,0.127784212605,327.514063855,25.6602580645,2404.83765382,4,0,0,,,,,
C17,1,0,2046,11.4315738025,0.367546432063,0.00412706607914,0.000458575697706,978.786674593,819,0.127935961918,298.869609983,31.3601953602,1947.55007393,4,0,0,,,,,
C18,1,0,2245,7.27349665924,0.201336302895,0.0027118140758,0.000259814833103,1035.39462691,484,0.125721196283,376.937242634,36.4049586777,2409.21477153,4,0,0,,,,,
C19,1,0,1914,125.050679206,4.74242424242,0.0804596902838,0.00789879850241,2235.20574333,9912,0.161799321937,760.004579404,26.5448950767,4409.05006409,4,0,0,,,,,
C20,1,0,2499,7.36534613846,0.208083233293,0.00226647263645,0.000274087488732,999.434151767,556,0.121733592274,273.565918931,36.1618705036,1882.3719011,4,0,0,,,,,
C21,1,0,2528,17.3409810127,0.612341772152,0.00469379219173,0.000790609495421,984.771862578,1635,0.117287645885,218.393759085,28.5865443425,1698.71403808,4,0,0,,,,,
C22,1,0,2455,10.7877800407,0.329938900204,0.00402165654273,0.000443672030524,989.78473937,881,0.124188705215,319.146191148,32.6072644722,2114.33065939,4,0,0,,,,,
C23,1,0,2509,108.070147469,4.97768035074,0.048005484743,0.00739255642451,1781.29000341,13415,0.148620385793,520.810212697,21.9947074171,3237.06670808,4,0,0,,,,,
C24,1,0,2328,10.2023195876,0.333333333333,0.00354959644248,0.000416274675901,973.25932576,844,0.124729775063,301.999738576,31.2985781991,2002.85948503,4,0,0,,,,,
D01,1,0,2169,120.333333333,4.98524665745,0.0537481432618,0.00680825437036,2218.95453895,11670,0.151434692417,707.436403075,24.2593830334,4328.23775939,4,0,0,,,,,
D02,1,0,2017,108.555775905,4.23401090729,0.0434623299758,0.00571982448698,1700.23294405,9256,0.148646637581,484.780399956,25.6944684529,2997.69461899,4,0,0,,,,,
D03,1,0,2191,8.81332724783,0.287539936102,0.00298742166299,0.000379898605522,976.283564261,684,0.121021996017,270.163965242,30.8421052632,1923.13263469,4,0,0,,,,,
D04,1,0,2111,33.3780198958,1.30980577925,0.00933095905858,0.00167764519086,1453.37816597,2965,0.121287584953,315.832686402,25.6583473862,2396.7919148,4,0,0,,,,,
D05,1,0,1668,8.50119904077,0.260791366906,0.00283112305594,0.00033104241955,912.192199164,469,0.124127659145,266.016034297,32.8827292111,1874.78942491,4,0,0,,,,,
D06,1,0,1961,121.054563998,5.0989291178,0.0597169407498,0.00733956185991,1706.84247638,10724,0.153649712106,550.638446763,23.8612458038,3340.80866167,4,0,0,,,,,
D07,1,0,2571,7.05173084403,0.226371061844,0.00214949578299,0.000294171955447,993.438962778,642,0.119772663254,261.81205043,31.5950155763,1888.0309269,4,0,0,,,,,
D08,1,0,2675,17.9398130841,0.68,0.00587664133719,0.000923219982885,1057.95540462,1936,0.119861785254,255.324494705,26.6575413223,1918.10917839,4,0,0,,,,,
D09,1,0,2881,53.816730302,2.044081916,0.0169010694113,0.00287994344297,1163.43237036,6333,0.127496052556,270.430185629,26.461708511,1979.49725952,4,0,0,,,,,
D10,1,0,2894,8.59675190048,0.30995162405,0.00291782339293,0.000415348617823,1031.53075916,948,0.119810442819,272.375571322,28.0759493671,1972.31408066,4,0,0,,,,,
D11,1,0,2599,5.23470565602,0.132358599461,0.00270154417639,0.000179238181905,994.98613137,366,0.143969021249,475.5340054,39.6557377049,2549.29923768,4,0,0,,,,,
D12,1,0,2770,12.002166065,0.37761732852,0.00381914014316,0.000495945117609,1082.12095192,1128,0.118411119656,295.139262098,32.0540780142,2151.16882421,4,0,0,,,,,
D13,1,0,2643,9.09799470299,0.291713961407,0.00296232256984,0.000384308430012,1002.56673995,817,0.122074139027,273.355498745,31.4198286414,1986.34876907,4,0,0,,,,,
D14,1,0,2678,8.49514563107,0.256161314414,0.00234740373339,0.00033245871441,945.807350766,745,0.118428623321,228.195243837,33.4697986577,1705.38372421,4,0,0,,,,,
D15,1,0,2406,119.019950125,5.47547797174,0.0612302002995,0.00886595266873,1969.25665126,14228,0.153153940831,596.399898901,21.8715209446,3613.75150865,4,0,0,,,,,
D16,1,0,2492,6.11998394864,0.174157303371,0.00190109718331,0.00022794101307,1066.85640247,468,0.121477484155,270.820277337,35.3952991453,1906.88732326,4,0,0,,,,,
D17,1,0,2698,7.98443291327,0.261675315048,0.002543728934,0.000351588108167,974.106396777,752,0.122795505844,258.440247424,30.9800531915,1793.38260925,4,0,0,,,,,
D18,1,0,2617,8.38173481085,0.252197172335,0.00285145122549,0.000329791490075,990.310645424,697,0.122454043393,303.731885288,33.4433285509,2011.68682654,4,0,0,,,,,
D19,1,0,2664,9.14226726727,0.297672672673,0.00309094841509,0.00037499598421,965.965078531,836,0.122706027672,306.133005137,30.8744019139,2054.54810137,4,0,0,,,,,
D20,1,0,2676,10.6535874439,0.303437967115,0.00340566071405,0.000407413776817,976.784258609,868,0.119562888783,247.816357116,35.4158986175,1819.12275783,4,0,0,,,,,
D21,1,0,2644,8.53895612708,0.301815431165,0.0029324753092,0.000402004946248,909.95346812,850,0.118790665547,243.563826219,28.8670588235,1713.11341517,4,0,0,,,,,
D22,1,0,2486,8.59573612228,0.242558326629,0.00267227825412,0.000325161259705,974.697650764,653,0.11954315687,244.735200073,35.9402756508,1797.17212636,4,0,0,,,,,
D23,1,0,2573,109.008938982,4.60279828993,0.0459489428651,0.00639019388875,1851.77239001,12740,0.146989953161,553.843117119,23.841522763,3475.60111967,4,0,0,,,,,
D24,1,0,2366,118.342772612,5.1191885038,0.054671607928,0.00759476988663,1772.49050236,12953,0.151234340917,510.330191849,23.3391492318,3131.85907463,4,0,0,,,,,
E01,1,0,2106,75.4848053181,2.51282051282,0.027405597981,0.00338703344402,1313.17363491,5665,0.128520178162,337.397354595,30.3429832304,2453.17217791,4,0,0,,,,,
E02,1,0,2015,102.650124069,4.03424317618,0.0379746775768,0.00543466112685,1370.47731506,8706,0.143807353863,382.678328391,25.6681598897,2468.02847886,4,0,0,,,,,
E03,1,0,2171,11.4836480884,0.401658222018,0.00431115571262,0.000502611435719,943.9950607,918,0.126235548165,320.997520089,28.871459695,2067.83533391,4,0,0,,,,,
E04,1,0,2011,116.830929886,4.78170064644,0.0654874312177,0.00678121934694,1993.02701687,10417,0.158215269601,757.014380339,24.5588941154,4430.76485942,4,0,0,,,,,
E05,1,0,2170,11.3493087558,0.323502304147,0.00387640723482,0.000420982095366,951.473272846,756,0.120245367276,274.386750389,35.0701058201,1940.61549656,4,0,0,,,,,
E06,1,0,2242,14.821587868,0.528545941124,0.00523540157225,0.000686188035009,1014.52254694,1255,0.12222450754,307.621399089,28.4645418327,2126.90697935,4,0,0,,,,,
E07,1,0,2336,9.16010273973,0.279965753425,0.0039532651527,0.000366761237149,994.536500102,695,0.131183506037,379.741361047,32.7424460432,2272.98799743,4,0,0,,,,,
E08,1,0,2193,8.3830369357,0.27861377109,0.00354646223095,0.000333407760215,1019.42336724,652,0.131167004594,367.347835499,30.1058282209,2252.30740826,4,0,0,,,,,
E09,1,0,2202,7.35331516803,0.228882833787,0.00245597391737,0.000303081355574,1028.44423528,569,0.121104816751,325.21978367,32.8857644991,2229.2717222,4,0,0,,,,,
E10,1,0,2202,8.2502270663,0.260672116258,0.00260358948144,0.000359611299958,1017.92151884,614,0.120073273748,270.21431762,31.6221498371,1927.52218275,4,0,0,,,,,
E11,1,0,2183,8.19651855245,0.237746220797,0.002990997944,0.00029730317406,1076.30633288,551,0.128431513477,340.080573254,34.6243194192,2194.85163297,4,0,0,,,,,
E12,1,0,2442,7.58108108108,0.236691236691,0.00290245643841,0.000299491689787,1109.30836517,631,0.128745627433,389.746666068,32.3866877971,2416.91003009,4,0,0,,,,,
E13,1,0,2336,7.82919520548,0.247431506849,0.00257063237063,0.000323592878424,1104.02607546,623,0.126980381294,375.236858223,31.6484751204,2495.35711057,4,0,0,,,,,
E14,1,0,2369,38.0793583791,1.53398058252,0.0104365409735,0.00194898112175,1191.67983104,3949,0.120975535353,261.266771769,25.1033172955,2002.46598031,4,0,0,,,,,
E15,1,0,2205,8.30702947846,0.243537414966,0.00305254307378,0.000295439517469,1138.13448447,596,0.13165630902,405.901993643,34.3322147651,2551.37408399,4,0,0,,,,,
E16,1,0,2417,7.86719073231,0.239966901117,0.00239918967336,0.000300102902166,1042.75768691,619,0.12165663496,286.032331834,32.8659127625,2024.75785524,4,0,0,,,,,
E17,1,0,1006,38.541749503,1.02882703777,0.00869769053596,0.000973553608213,1156.4048778,1129,0.119412396072,286.487027713,37.1992914083,2032.20659906,4,0,0,,,,,
E18,1,0,1343,95.17274758,2.90990320179,0.0715893337629,0.0066328821305,2096.77289678,4110,0.15633566334,662.058970552,33.0051094891,3971.60771965,4,0,0,,,,,
E19,1,0,57,142.947368421,2.28070175439,0.0354058002886,0.00198313265144,14279.6397875,226,0.145078168762,2776.36814185,55.1769911504,18518.4901952,4,0,0,,,,,
E20,1,0,910,102.361538462,3.64835164835,0.060433999243,0.00555418217299,2099.57800735,3539,0.153025634077,738.191487635,28.0881604973,4480.9821981,4,0,0,,,,,
E21,1,0,2430,9.51234567901,0.26378600823,0.0031706346159,0.000352950797882,996.755779881,686,0.122993125637,306.934996121,36.3702623907,2091.12297885,4,0,0,,,,,
E22,1,0,2634,9.81511009871,0.303720577069,0.00341604419334,0.000391979746562,978.697949368,861,0.12209243131,318.279991743,32.8292682927,2045.08398015,4,0,0,,,,,
E23,1,0,2463,62.9512789281,2.30410069022,0.0201256471907,0.00303214686562,1281.03694034,6073,0.124873985276,310.856839654,27.5226411987,2326.27840729,4,0,0,,,,,
E24,1,0,2445,102.185685072,4.23844580777,0.0387356169326,0.00587061764694,2168.03423885,11227,0.141709399737,557.45400704,24.3225260533,3652.99166049,4,0,0,,,,,
F01,1,0,2238,10.5268096515,0.324396782842,0.00349680715542,0.000410630660049,956.125376866,774,0.121812494706,290.489220547,32.7984496124,2005.74710063,4,0,0,,,,,
F02,1,0,2066,145.136011617,5.80348499516,0.0849027092741,0.00961022194764,2564.23381225,12926,0.162089687891,800.690042102,25.1536438187,4626.85421002,4,0,0,,,,,
F03,1,0,1912,9.96286610879,0.286610878661,0.00362167416385,0.000352974025849,1151.98466488,591,0.127803716353,370.024064845,34.489001692,2353.49770912,4,0,0,,,,,
F04,1,0,2060,10.0825242718,0.333980582524,0.00304114481971,0.000409045020905,1136.90628615,743,0.119456174725,294.453979579,30.1170928668,2130.18867859,4,0,0,,,,,
F05,1,0,2232,9.82750896057,0.273745519713,0.00400710844807,0.000349961540826,1538.37896252,655,0.13133649211,511.225468433,35.8961832061,3247.99371423,4,0,0,,,,,
F06,1,0,1495,11.6862876254,0.389966555184,0.00311342037548,0.000465201800938,935.9578359,631,0.11628254308,230.867423808,30.1442155309,1721.19060911,4,0,0,,,,,
F07,1,0,1342,87.9470938897,3.26304023845,0.0303459548996,0.00445889269691,1332.08972645,4696,0.13228162153,327.182431957,27.136286201,2319.07352102,4,0,0,,,,,
F08,1,0,2475,7.95757575758,0.255757575758,0.00245506574573,0.000338406252764,998.362194737,687,0.119387940529,263.618345019,31.1819505095,1924.87170502,4,0,0,,,,,
F09,1,0,2564,8.57644305772,0.283541341654,0.0026018581042,0.000353665283155,1025.47398187,780,0.119528819663,250.131374513,30.1628205128,1836.87496081,4,0,0,,,,,
F10,1,0,2668,28.3500749625,0.999625187406,0.00843809975256,0.00135473122305,1138.8514942,2864,0.120227961343,270.18900636,28.5108240223,2012.2125799,4,0,0,,,,,
F11,1,0,2867,7.83048482735,0.263690268573,0.0026745683586,0.000363313862325,1050.87349227,817,0.121842923273,301.274475913,30.0391676867,2077.41659629,4,0,0,,,,,
F12,1,0,2901,7.88314374354,0.224060668735,0.00282165005533,0.000298873460301,1062.08926441,697,0.124973810128,350.771672808,35.6298421808,2297.03154688,4,0,0,,,,,
F13,1,0,2856,7.22163865546,0.199929971989,0.00275949168529,0.000266915265482,1065.52780593,620,0.128609828677,368.204836506,36.9774193548,2214.76358063,4,0,0,,,,,
F14,1,0,2823,8.5423308537,0.293304994687,0.00347604166048,0.000395391928418,1095.1276988,907,0.127087754652,373.014124707,29.1245865491,2389.07131941,4,0,0,,,,,
F15,1,0,2923,6.68491276086,0.209031816627,0.00236267770048,0.000297133353842,1061.82551263,647,0.120159011574,288.806566312,31.8639876352,2046.47557206,4,0,0,,,,,
F16,1,0,2582,6.79279628195,0.243222308288,0.00343936610718,0.000384648580203,1005.4634417,689,0.127352206428,357.053322639,28.2786647315,2207.60057636,4,0,0,,,,,
F17,1,0,2652,7.60784313725,0.225113122172,0.00303961857233,0.00030189597265,996.238439452,650,0.125842264631,345.341610855,34.1830769231,2184.92903408,4,0,0,,,,,
F18,1,0,2597,9.51790527532,0.32152483635,0.00336277490548,0.000411922324486,1009.93350259,892,0.119788286217,338.562486608,29.5123318386,2178.95791731,4,0,0,,,,,
F19,1,0,2541,9.35930735931,0.308539944904,0.00294046929144,0.00039095269225,962.603787987,858,0.119473798567,258.149976165,30.4347319347,1863.33758798,4,0,0,,,,,
F20,1,0,2560,11.041796875,0.35,0.00376956619535,0.000457828949913,917.515306817,957,0.120790145563,260.313144429,31.8746081505,1800.2292128,4,0,0,,,,,
F21,1,0,2534,9.69258089976,0.337805840568,0.00296471111568,0.000430707572825,930.437955063,920,0.117360491703,251.729568563,28.675,1813.55150223,4,0,0,,,,,
F22,1,0,2659,11.3016171493,0.386987589319,0.00323848114509,0.000491055829545,876.623165933,1128,0.11496488134,217.67281807,29.7012411348,1667.85398043,4,0,0,,,,,
F23,1,0,2523,6.73087594134,0.224732461356,0.00189747279608,0.000293885333223,1052.69651336,614,0.118515902328,255.049434297,30.2947882736,1881.80496255,4,0,0,,,,,
F24,1,0,2396,89.168196995,3.80592654424,0.0315913451203,0.00523329138194,1828.58651624,9786,0.138116089317,475.989256206,23.6041283466,3200.4532894,4,0,0,,,,,
G01,1,0,1947,9.53877760657,0.310220852594,0.00322452515715,0.000386248928329,867.805624204,651,0.121200288635,259.745017897,31.7603686636,1762.22801192,4,0,0,,,,,
G02,1,0,2011,134.661362506,5.06364992541,0.0841434844678,0.00781523479496,2450.86385956,10955,0.164370910907,893.904957754,26.877863989,5077.60637318,4,0,0,,,,,
G03,1,0,1865,15.9008042895,0.541554959786,0.0049167355571,0.000672110770032,937.290002679,1093,0.119496113028,240.009226623,29.2753888381,1759.77643534,4,0,0,,,,,
G04,1,0,1935,100.720413437,4.19638242894,0.046604196868,0.00676688695097,1371.59854526,8692,0.14820503064,392.456173163,24.1237919926,2451.12803845,4,0,0,,,,,
G05,1,0,2252,8.42895204263,0.26865008881,0.002898601433,0.000345411743926,943.121992596,672,0.12396980765,273.870202574,31.5922619048,1923.07047239,4,0,0,,,,,
G06,1,0,2189,11.0004568296,0.327546825034,0.00381350419512,0.00040600790334,955.128551059,785,0.123724139485,283.511309513,33.352866242,1836.31365643,4,0,0,,,,,
G07,1,0,2115,14.0836879433,0.46146572104,0.00505180319217,0.000563131653592,1032.72466311,1046,0.127557885253,349.204703052,30.6711281071,2270.43565729,4,0,0,,,,,
G08,1,0,2262,9.59770114943,0.340406719717,0.00344057856333,0.000416183820496,1004.27666779,825,0.123603119668,295.551983662,28.4375757576,1951.21332354,4,0,0,,,,,
G09,1,0,2147,9.56870051234,0.306008383791,0.0035022741067,0.000377683252286,1004.31257851,726,0.124816182408,335.657003469,31.3140495868,2199.71604423,4,0,0,,,,,
G10,1,0,2231,8.41909457642,0.228597041685,0.00301052997996,0.000303098442114,1044.44465335,548,0.123403139596,324.030731869,36.9105839416,2151.41287433,4,0,0,,,,,
G11,1,0,2150,9.94418604651,0.306046511628,0.00319160863735,0.000371666292803,1034.61816076,708,0.122449873463,306.281413951,32.9307909605,2084.19158819,4,0,0,,,,,
G12,1,0,1363,10.4805575935,0.29567131328,0.00295821784104,0.000274911811491,997.382782374,439,0.131169064244,319.61426461,35.4510250569,2069.47916363,4,0,0,,,,,
G13,1,0,2198,9.0991810737,0.252502274795,0.00334018846313,0.000314910812691,1095.79402845,593,0.127041020949,425.839798046,36.4519392917,2706.93183822,4,0,0,,,,,
G14,1,0,2231,50.7933662035,2.13939937248,0.0148210627205,0.00276811842923,1230.31549744,5087,0.123773115087,281.432584814,23.9288382151,2122.09237637,4,0,0,,,,,
G15,1,0,2084,9.43378119002,0.292706333973,0.00437938666155,0.000379239846905,1089.95514311,656,0.132234146663,443.401920201,32.3521341463,2582.81826675,4,0,0,,,,,
G16,1,0,2328,47.4265463918,1.95231958763,0.0148289365047,0.0026079027664,1194.0483129,4921,0.127821850829,285.11137657,24.4247104247,2061.03823053,4,0,0,,,,,
G17,1,0,2334,46.3864610111,2.02999143102,0.0140747659714,0.0026949478782,1156.91881165,5059,0.127423130463,270.779122956,23.016999407,1976.25415394,4,0,0,,,,,
G18,1,0,2374,8.64237573715,0.252737994945,0.00312105955783,0.000314168928183,1045.74785878,631,0.125439146059,350.553729484,34.4310618067,2301.52941111,4,0,0,,,,,
G19,1,0,2478,8.7183212268,0.255044390638,0.00335996002618,0.000315312946255,1183.37923495,689,0.129677451544,438.738736702,34.290275762,2646.39059894,4,0,0,,,,,
G20,1,0,2408,10.4285714286,0.34011627907,0.00372239100367,0.000446239522765,1034.08528938,884,0.122982445521,327.104955562,30.6945701357,2198.38471239,4,0,0,,,,,
G21,1,0,2541,10.0574576938,0.313262495081,0.00311123426267,0.000392473855903,960.905719927,849,0.119573522394,260.388326753,32.3722025913,1868.2279168,4,0,0,,,,,
G22,1,0,2345,10.3343283582,0.344136460554,0.003280772277,0.000429643888492,938.176796019,869,0.11839316001,244.902932453,30.0299194476,1737.28953084,4,0,0,,,,,
G23,1,0,2444,8.87847790507,0.302373158756,0.00292192357013,0.000394086367378,1041.97740103,788,0.121739002607,289.341128691,29.6180203046,2044.50751019,4,0,0,,,,,
G24,1,0,2362,127.361134632,5.35901778154,0.0570657301029,0.00733426898414,1897.94503871,13642,0.150653298306,587.233434264,23.9718516347,3631.26374518,4,0,0,,,,,
H01,1,0,1883,12.3117365905,0.353690918747,0.00472517548276,0.000446462655915,995.84167129,730,0.128355934314,343.048951272,34.6136986301,2132.23553651,4,0,0,,,,,
H02,1,0,2224,43.5098920863,1.42985611511,0.0130068094345,0.00191242320854,1330.87475997,3409,0.120808470436,306.331043367,30.5432678205,2369.13136333,4,0,0,,,,,
H03,1,0,2184,11.2216117216,0.362179487179,0.0038454589529,0.000466264278432,944.660602529,834,0.124252402344,284.474034949,31.170263789,1938.4473916,4,0,0,,,,,
H04,1,0,2006,6.73080757727,0.20887337986,0.00262047290526,0.000269536054651,1322.68894708,456,0.126873263305,484.49794557,32.3706140351,3183.65898003,4,0,0,,,,,
H05,1,0,1486,9.77860026918,0.325706594886,0.00331710460858,0.000372292724566,935.319968438,530,0.123680561728,307.424055177,30.741509434,2069.32613917,4,0,0,,,,,
H06,1,0,2021,9.02671944582,0.280059376546,0.003232701914,0.000348187118994,1006.18299165,617,0.123689039682,305.235643271,31.9011345219,2094.38163433,4,0,0,,,,,
H07,1,0,2143,8.41950536631,0.283714419039,0.00265820338392,0.000355225974803,993.117815339,671,0.122647366356,274.438550533,30.0312965723,1890.7408387,4,0,0,,,,,
H08,1,0,2480,21.9072580645,0.900806451613,0.00704924538212,0.00119755517497,1039.50461467,2401,0.121098608117,256.926694967,24.3923365264,1857.77026096,4,0,0,,,,,
H09,1,0,2711,6.69052010328,0.211729988934,0.00246479118256,0.000261990845267,1027.49558246,631,0.122435252423,332.909933768,31.6196513471,2238.64984312,4,0,0,,,,,
H10,1,0,2812,9.16429587482,0.348506401138,0.0029034967974,0.000442723046606,1008.24345433,1060,0.118636922189,290.315611542,26.3839622642,2101.47300241,4,0,0,,,,,
H11,1,0,2845,104.027768014,4.70615114236,0.0411947554731,0.00632721278573,1632.21990512,14465,0.143961977014,480.429285042,22.2206014518,3091.83229765,4,0,0,,,,,
H12,1,0,2538,9.17730496454,0.280535855004,0.00342976182015,0.000372256767288,987.156340137,757,0.128013603391,355.428328558,33.0871862616,2305.86689764,4,0,0,,,,,
H13,1,0,2876,8.05980528512,0.220792767733,0.00248965372508,0.000289296996718,1032.93925549,690,0.122651916593,300.983248319,37.4782608696,2069.08945188,4,0,0,,,,,
H14,1,0,2650,10.2547169811,0.32,0.00331558100628,0.000401702445475,1035.97263623,912,0.122825827882,306.854418761,32.4802631579,2069.04617267,4,0,0,,,,,
H15,1,0,1939,8.02836513667,0.211964930376,0.0026908500033,0.000229893747859,1007.78614229,450,0.133844451555,352.440344079,38.2288888889,2129.06746946,4,0,0,,,,,
H16,1,0,2684,9.91244411326,0.354321907601,0.00360666582033,0.000456871749522,1090.28871472,1024,0.123136835233,341.323769681,28.34765625,2302.82814426,4,0,0,,,,,
H17,1,0,2562,9.27946916472,0.300546448087,0.00276224195302,0.000388274346132,980.913703308,847,0.120975627905,270.990875852,31.054309327,1962.58162423,4,0,0,,,,,
H18,1,0,2588,9.30525502318,0.279366306028,0.00320819042962,0.000357227475629,976.150653074,788,0.123406399974,324.562494471,33.5989847716,2155.83440919,4,0,0,,,,,
H19,1,0,2676,36.0269058296,1.56614349776,0.0111123558212,0.00207747595834,1162.70971454,4537,0.12553338611,290.587418941,23.1842627287,2117.04205882,4,0,0,,,,,
H20,1,0,2739,12.5805038335,0.402336619204,0.00402094449491,0.000525441969773,1035.9917874,1194,0.12071517129,297.749070961,31.6968174204,2131.68603348,4,0,0,,,,,
H21,1,0,2475,34.0246464646,1.33616161616,0.0111747345262,0.00176755861063,1017.22086057,3544,0.123314735324,257.629913692,25.5866252822,1890.2011264,4,0,0,,,,,
H22,1,0,2417,11.1758378155,0.378154737278,0.0036815360919,0.000467084141368,896.341857076,982,0.122588096986,265.165214744,30.0315682281,1805.48909563,4,0,0,,,,,
H23,1,0,2498,9.38670936749,0.293835068054,0.0030917698623,0.000373016742505,930.973529675,800,0.119298738438,266.679870449,31.995,1853.94084075,4,0,0,,,,,
H24,1,0,2324,44.7237521515,1.45266781411,0.013218690103,0.00187630943703,1074.91445855,3657,0.122053948879,256.681649896,30.9868744873,1937.11426072,4,0,0,,,,,
I01,1,0,1954,118.286079836,4.3659160696,0.0500290226276,0.0060045176433,1467.40764377,9110,0.151117880267,443.909515654,27.2618002195,2690.58186472,4,0,0,,,,,
I02,1,0,1937,9.39803820341,0.311306143521,0.00326503460154,0.000396311750936,943.801022752,652,0.12443447047,287.768410143,29.8849693252,1939.49640005,4,0,0,,,,,
I03,1,0,2135,11.1667447307,0.367213114754,0.00353934620086,0.000452516369949,911.980561974,833,0.12012471308,248.097594677,30.4549819928,1776.1943316,4,0,0,,,,,
I04,1,0,2122,10.3751178134,0.352026390198,0.00327450884074,0.000451603049479,953.664933729,794,0.118848654238,254.960300499,29.5692695214,1810.23675977,4,0,0,,,,,
I05,1,0,2147,10.2179785748,0.296227293898,0.00351264243211,0.000349013683764,1024.30516007,690,0.126161077043,343.330747965,34.4942028986,2205.58957898,4,0,0,,,,,
I06,1,0,2147,10.5905915231,0.344201210992,0.00374485347744,0.000414162816177,1036.12219002,800,0.125598621862,338.916954035,30.595,2167.14306754,4,0,0,,,,,
I07,1,0,2139,9.61991584853,0.336138382422,0.00283244596941,0.00041535752839,1016.76746316,780,0.119245502542,259.640400452,29.1871794872,1860.0801525,4,0,0,,,,,
I08,1,0,1978,146.111223458,6.0485338726,0.0712826189492,0.00829438367012,2585.03992432,12758,0.151771636,774.294902262,24.2092804515,4848.30086088,4,0,0,,,,,
I09,1,0,2018,8.35728444004,0.276511397423,0.00304437312221,0.000327837765172,1111.01022994,605,0.126641415798,346.6208691,30.2958677686,2288.20424989,4,0,0,,,,,
I10,1,0,2157,8.06907742235,0.308298562819,0.0026641616772,0.000372766571991,1041.54953326,720,0.122709625298,293.809936762,26.4944444444,2013.40272338,4,0,0,,,,,
I11,1,0,2058,46.1909620991,1.94703595724,0.0124410239093,0.00239961251352,1205.35208362,4338,0.121713324023,261.895473221,23.898340249,2013.82477272,4,0,0,,,,,
I12,1,0,2116,56.8142722117,2.26323251418,0.0163230728322,0.00296629432233,1237.62099015,5194,0.124626159202,277.309259103,25.3448209472,2072.7810818,4,0,0,,,,,
I13,1,0,2155,6.67749419954,0.200464037123,0.0028197401277,0.000270937015602,1080.35563635,455,0.124122024807,377.809311265,33.2637362637,2448.80661765,4,0,0,,,,,
I14,1,0,2121,8.41348420556,0.26874115983,0.00263556604381,0.000340429731515,1059.65642597,628,0.119978173053,300.297887525,31.2945859873,2105.12540542,4,0,0,,,,,
I15,1,0,2141,47.7720691266,2.00700607193,0.0134467703371,0.00253212236677,1198.87879957,4640,0.123764778576,274.293397118,23.9465517241,2090.06573621,4,0,0,,,,,
I16,1,0,2208,9.09601449275,0.311594202899,0.00325486444426,0.000411529664366,1124.36056402,738,0.121841394488,355.340074741,29.5433604336,2379.23480494,4,0,0,,,,,
I17,1,0,2247,8.74321317312,0.299510458389,0.00304589962124,0.000386500480516,987.199165675,743,0.121955587914,296.395032993,29.6890982503,1972.08164299,4,0,0,,,,,
I18,1,0,2389,9.30431142738,0.292172457095,0.00313260204294,0.000369923237139,1073.52828985,749,0.120330117996,323.907717911,32.3644859813,2179.52205037,4,0,0,,,,,
I19,1,0,2351,9.65036154828,0.347086346236,0.00315956248713,0.000418934343957,1014.47186522,899,0.122503837085,298.175410985,27.8832035595,2027.16516955,4,0,0,,,,,
I20,1,0,2064,12.2451550388,0.40503875969,0.00398641962329,0.000512390178054,1015.57646946,882,0.119086452725,286.408356517,30.4909297052,2002.99763514,4,0,0,,,,,
I21,1,0,2343,10.2582159624,0.325650874947,0.00291479301792,0.000402485915346,924.544386199,841,0.115084629293,226.623882865,31.9001189061,1725.59212171,4,0,0,,,,,
I22,1,0,2455,10.3038696538,0.329938900204,0.0027286023351,0.000413073545304,917.500438903,863,0.11398008781,215.911437378,31.224797219,1639.6617174,4,0,0,,,,,
I23,1,0,2339,114.215049166,5.32150491663,0.0520431970331,0.0075667748034,1584.93678252,13403,0.153466160605,482.342726135,21.6904424383,2912.17122033,4,0,0,,,,,
I24,1,0,2491,8.0445604175,0.240064231232,0.00235385677627,0.000304483946467,1155.18363477,671,0.117584445296,286.788077137,33.8226527571,2058.75391099,4,0,0,,,,,
J01,1,0,1761,118.451448041,4.90459965928,0.0510562825318,0.00677863141292,1784.61216096,9475,0.152232544959,537.67025508,24.2753562005,3265.93062353,4,0,0,,,,,
J02,1,0,2015,11.0223325062,0.352853598015,0.0037401527284,0.000455905187895,961.423895405,779,0.120030912032,284.695224033,31.296534018,1894.90655734,4,0,0,,,,,
J03,1,0,2099,10.4649833254,0.330633635064,0.00343404065415,0.000409652181632,947.365863221,740,0.121538563192,274.228818614,31.9391891892,1920.88913265,4,0,0,,,,,
J04,1,0,2128,9.5662593985,0.289003759398,0.00349321606929,0.000363759303472,1143.62172285,663,0.128023818555,393.275473709,33.3574660633,2604.95230044,4,0,0,,,,,
J05,1,0,2327,7.01633003868,0.211431027073,0.00240149988748,0.000273880244805,1612.62834976,531,0.126994798956,522.730828478,33.252354049,3301.51758295,4,0,0,,,,,
J06,1,0,1268,8.32807570978,0.250788643533,0.00276477419025,0.000324248836713,985.371255191,353,0.124972166107,280.69590757,33.0198300283,1898.41878233,4,0,0,,,,,
J07,1,0,1878,8.93982960596,0.308306709265,0.00246957215931,0.000384455303941,974.635437876,632,0.117900035894,231.643629441,28.8132911392,1705.99106707,4,0,0,,,,,
J08,1,0,2288,8.55681818182,0.311188811189,0.00247915834251,0.000373728232662,1000.23141897,768,0.11853877426,253.599301106,27.6341145833,1828.19663974,4,0,0,,,,,
J09,1,0,2410,96.977593361,4.05726141079,0.0372362629433,0.00536488758537,1526.57113189,10593,0.140076715937,441.006910305,24.0134050788,2925.93136297,4,0,0,,,,,
J10,1,0,2702,9.14581791266,0.30014803849,0.00357670362357,0.000395743883978,1099.49755349,877,0.128831759664,361.5038697,30.65336374,2241.02400898,4,0,0,,,,,
J11,1,0,2800,18.3085714286,0.773928571429,0.00540042195592,0.00102650427987,1189.6841773,2319,0.116447909896,251.732897414,23.9115998275,1950.25918148,4,0,0,,,,,
J12,1,0,2622,10.0312738368,0.326849733028,0.00312292561292,0.00042349686655,1095.68636271,930,0.12194302018,308.887962988,30.9,2169.88970505,4,0,0,,,,,
J13,1,0,2662,18.5454545455,0.673553719008,0.00529792805819,0.000877777409375,1052.02413237,1917,0.118490952394,249.920614572,27.6051121544,1891.45084905,4,0,0,,,,,
J14,1,0,2223,72.6536212326,3.25910931174,0.0302484196793,0.00500507956322,1294.09009647,7882,0.142118808274,363.02933496,22.4788124841,2340.731242,4,0,0,,,,,
J15,1,0,2009,43.4484818318,1.80338476854,0.0145045227646,0.0023641042273,1129.66510852,3945,0.129074226786,304.714673867,24.2879594423,2138.061493,4,0,0,,,,,
J16,1,0,2360,12.5584745763,0.427966101695,0.00424131301104,0.000507707928287,1060.52071273,1094,0.121680746077,319.399745464,29.7047531993,2150.70541854,4,0,0,,,,,
J17,1,0,2642,6.67751703255,0.193035579107,0.00212532500514,0.000244757611599,1018.60757316,552,0.118576629384,274.983312879,34.2844202899,1955.58272626,4,0,0,,,,,
J18,1,0,2367,98.4288128433,4.34389522602,0.0368079989687,0.00609129833799,1435.94074509,11099,0.138771610815,377.721062494,22.8422380395,2538.21140568,4,0,0,,,,,
J19,1,0,2287,29.3944031482,1.15653694797,0.00838758730214,0.00155995862853,1068.72685866,2866,0.120271246121,237.28869861,25.7595952547,1832.39966604,4,0,0,,,,,
J20,1,0,2524,108.50911252,4.51743264659,0.0418560464162,0.00620088505866,1518.67168797,12325,0.141734043089,421.269149821,24.2351318458,2765.18607858,4,0,0,,,,,
J21,1,0,2631,9.55910300266,0.349296845306,0.00273625691265,0.000451305713569,889.041383786,998,0.115814250268,200.986475088,27.6683366733,1554.09232041,4,0,0,,,,,
J22,1,0,2364,22.8879018613,0.899746192893,0.00625698280271,0.00106009836481,918.709068222,2299,0.120916941922,210.577305805,25.4388864724,1581.74321741,4,0,0,,,,,
J23,1,0,2095,140.704534606,6.0214797136,0.0516247685314,0.00703144528991,1487.64268804,13981,0.154058176673,457.93835251,23.6013160718,2717.81054229,4,0,0,,,,,
J24,1,0,2493,10.3253108704,0.322904131568,0.0026039961456,0.00039494875027,1022.75925071,868,0.11886592846,230.515690386,32.4470046083,1722.91357902,4,0,0,,,,,
K01,1,0,1916,146.325678497,5.61534446764,0.0711956630939,0.00808831830058,2071.2774281,11675,0.158034780594,639.427341548,26.2601284797,3777.82891565,4,0,0,,,,,
K02,1,0,2314,9.39282627485,0.315471045808,0.0029989628734,0.00041354393692,880.817935754,788,0.11742140314,219.745181705,30.0329949239,1638.80811806,4,0,0,,,,,
K03,1,0,2005,56.9770573566,2.08179551122,0.0173494858361,0.00276596418819,1073.86145384,4538,0.127875800755,260.33997233,27.4297047157,1886.78407411,4,0,0,,,,,
K04,1,0,1907,9.5909805978,0.288411116938,0.00322465683722,0.000362557071489,909.278213484,607,0.123547165457,265.601420962,33.1993410214,1827.26876914,4,0,0,,,,,
K05,1,0,2163,10.5506241331,0.30374479889,0.00330050426687,0.00037759729742,928.896067657,711,0.120595335046,252.897668082,34.3080168776,1769.23200641,4,0,0,,,,,
K06,1,0,2121,9.36350777935,0.308816595945,0.0033845261981,0.000390721315473,1019.11346933,698,0.125667419516,313.778988636,30.3510028653,2103.98690553,4,0,0,,,,,
K07,1,0,2355,10.8411889597,0.376220806794,0.00362213063669,0.000468567159025,1000.22864769,970,0.120636920928,281.280426734,29.0670103093,1967.19674633,4,0,0,,,,,
K08,1,0,2071,10.2684693385,0.353935296958,0.00330265716427,0.000432923433481,1029.20850667,773,0.123407830744,295.348675831,29.3855109961,2081.45878912,4,0,0,,,,,
K09,1,0,2148,10.6787709497,0.381284916201,0.00348712961519,0.000446280024721,1002.41709334,891,0.123447280264,316.036464159,27.8821548822,2152.71505976,4,0,0,,,,,
K10,1,0,2083,8.99183869419,0.293807009121,0.0030765458521,0.00037350703034,1011.22013394,666,0.121499823458,295.460181841,30.7372372372,1992.14901648,4,0,0,,,,,
K11,1,0,2060,9.80194174757,0.306310679612,0.00274574182341,0.000358036715759,1004.44574841,689,0.119151291991,282.626804486,32.2220609579,1991.02889979,4,0,0,,,,,
K12,1,0,2266,8.76478375993,0.249779346867,0.00329150890284,0.000320715143966,1183.63395503,611,0.126641147704,440.331776112,35.4500818331,2810.54557113,4,0,0,,,,,
K13,1,0,2259,9.57768924303,0.282425852147,0.00333412578278,0.000342323144366,1061.05619332,685,0.127497880653,350.279295707,34.2598540146,2213.98330599,4,0,0,,,,,
K14,1,0,2285,10.9159737418,0.349234135667,0.00364321762607,0.000451095481636,1041.81252231,863,0.123459847496,298.772909183,31.1703360371,2105.46681661,4,0,0,,,,,
K15,1,0,2328,16.2770618557,0.664948453608,0.00524067531436,0.00084681070877,1066.91934439,1679,0.122093994438,280.506701801,24.7641453246,1980.55999628,4,0,0,,,,,
K16,1,0,2244,9.94206773619,0.302139037433,0.00306126877381,0.000383885737159,995.2664068,721,0.118379034415,264.675290436,33.0651872399,1976.57308608,4,0,0,,,,,
K17,1,0,2208,28.4732789855,1.05072463768,0.00793706646864,0.00133988505706,1067.57185689,2495,0.119982544921,240.68843309,27.3154308617,1820.79839718,4,0,0,,,,,
K18,1,0,2186,9.69807868253,0.3032936871,0.00399350637963,0.000402295250703,1044.17102397,720,0.129978708202,473.827527513,32.2069444444,2646.56043373,4,0,0,,,,,
K19,1,0,2463,9.29232643118,0.330085261876,0.00331723924518,0.000439792510956,994.743566608,881,0.121441120529,320.9410795,28.4392735528,2141.11469439,4,0,0,,,,,
K20,1,0,2156,120.991651206,5.03571428571,0.0528349663335,0.00710136044091,1715.11780348,11700,0.147938870312,507.058064898,24.2775213675,3168.9919124,4,0,0,,,,,
K21,1,0,2406,9.88653366584,0.32502078138,0.00313014991866,0.000414601435476,994.202880585,841,0.120101223531,281.72646565,30.8573127229,2001.25508159,4,0,0,,,,,
K22,1,0,2188,17.1937842779,0.484003656307,0.00463283566345,0.000527183451068,931.329430974,1154,0.121133014341,285.302595058,35.5857885615,1843.15899059,4,0,0,,,,,
K23,1,0,2205,122.766439909,5.08072562358,0.0505790580397,0.00676141691187,1562.84455454,11998,0.150584895553,470.083023022,24.3956492749,2859.6152956,4,0,0,,,,,
K24,1,0,2633,9.47474363844,0.301936954045,0.00275302379404,0.000390394547565,963.592755605,857,0.114912909452,226.104493563,31.5659276546,1738.49532969,4,0,0,,,,,
L01,1,0,1910,150.322513089,5.79162303665,0.0863953543055,0.00837878848546,3272.29696815,12025,0.165668636772,1158.28188744,25.9985862786,6567.13131479,4,0,0,,,,,
L02,1,0,1896,113.024261603,4.9973628692,0.0459722291652,0.00662063588955,1561.74208008,10289,0.151560778431,473.927433203,22.6812129459,2879.61608068,4,0,0,,,,,
L03,1,0,2276,9.93804920914,0.334358523726,0.00344445731711,0.000410878378257,1136.31499017,845,0.124004721911,354.022697111,29.1420118343,2343.45104925,4,0,0,,,,,
L04,1,0,1956,9.40950920245,0.285787321063,0.00382867610478,0.000331863013523,1189.54496939,621,0.133997071532,600.37859316,33.3494363929,3383.85328269,4,0,0,,,,,
L05,1,0,2005,9.71172069825,0.315211970075,0.00383238885767,0.000392915309513,1142.74679116,682,0.127062690658,401.402717869,30.9662756598,2488.53115586,4,0,0,,,,,
L06,1,0,628,4.92197452229,0.12898089172,0.00121363254037,0.00015784610317,876.473762162,88,0.117556195626,201.630878923,39.4204545455,1508.08011904,4,0,0,,,,,
L07,1,0,2020,8.68910891089,0.276237623762,0.00346230491444,0.000348683633573,1038.44778548,617,0.128862121602,375.107808859,31.4181523501,2304.93643612,4,0,0,,,,,
L08,1,0,2003,9.05491762356,0.28007988018,0.00371410719776,0.000378241226735,1058.07098925,593,0.123764918865,358.812604264,32.5986509275,2314.42554353,3,0,0,,,,,
L09,1,0,2670,10.7434456929,0.34531835206,0.00348886831473,0.000453171578041,1035.59663294,997,0.120346140257,276.024691004,31.0100300903,2013.63624408,4,0,0,,,,,
L10,1,0,2013,9.04520615996,0.301043219076,0.00309338914685,0.000388099643753,1101.31326681,653,0.121669574304,363.070794597,30.1791730475,2419.30669803,3,0,0,,,,,
L11,1,0,2850,7.58421052632,0.228421052632,0.002692432834,0.000288202423068,1047.60578456,720,0.122560095999,310.892143215,32.7388888889,2073.64679738,4,0,0,,,,,
L12,1,0,2298,87.0548302872,3.25282854656,0.0431815218529,0.00558711615748,1468.79906007,7986,0.139167937578,393.555568089,27.0770097671,2639.11239619,4,0,0,,,,,
L13,1,0,2950,8.12305084746,0.25186440678,0.00296021325485,0.000336027312609,1039.760358,789,0.123027103068,309.312214549,32.4283903676,2076.42665207,4,0,0,,,,,
L14,1,0,2663,25.7949680811,1.04806609087,0.00775399969388,0.00140110404173,1102.41879486,2957,0.120728962213,259.622709122,24.8309097058,1956.74361005,4,0,0,,,,,
L15,1,0,2419,41.5733774287,1.68706076891,0.013409405645,0.00216256798318,1122.64781789,4346,0.125608790794,278.657060856,24.7183617119,2026.38548966,4,0,0,,,,,
L16,1,0,1723,7.02031340685,0.207196749855,0.0023345465202,0.000177406357886,953.411927599,384,0.141740896138,456.235553484,34.3177083333,2416.32246267,4,0,0,,,,,
L17,1,0,1417,71.467184192,2.22653493296,0.0443952242922,0.00484909663029,1364.90328385,3339,0.146361368257,400.664781505,32.2563641809,2522.24394251,4,0,0,,,,,
L18,1,0,2574,4.6181041181,0.129759129759,0.00160946721967,0.000169403719036,1022.38688607,364,0.126520027833,345.494503757,35.4752747253,2232.53537891,4,0,0,,,,,
L19,1,0,2315,18.1105831533,0.519222462203,0.00569257894417,0.000669801775776,990.314797371,1301,0.1242321877,291.771946326,34.9784780938,1948.58548402,4,0,0,,,,,
L20,1,0,2594,8.73978411719,0.262143407864,0.00245252034885,0.000343346920924,943.985968989,723,0.112927327797,206.29462159,33.5795297372,1618.40713544,4,0,0,,,,,
L21,1,0,80,30.2,0.5125,0.0124677596681,0.00113833584619,1096.57426496,59,0.126032547697,294.920706365,54.5254237288,2128.92620912,4,0,0,,,,,
L22,1,0,2555,15.4180039139,0.46301369863,0.00508744408544,0.000596914636192,1030.30620711,1264,0.120796283569,303.819478663,33.269778481,2132.94676792,4,0,0,,,,,
L23,1,0,2644,117.71785174,5.16452344932,0.0547195273968,0.00734267717685,1605.39752344,14917,0.152213772094,512.174149967,22.9766038748,3127.70173024,4,0,0,,,,,
L24,1,0,2172,128.98572744,5.31998158379,0.0637169438837,0.00792541381474,1955.48649874,12443,0.156399249086,599.869589349,24.5185244716,3573.6406082,4,0,0,,,,,
M01,1,0,1966,70.8545269583,2.42370295015,0.02525074509,0.0032222413519,1375.42020841,5099,0.127822957743,353.729296693,29.2271033536,2598.45546202,4,0,0,,,,,
M02,1,0,1867,134.465988216,5.10819496518,0.0671610772671,0.00745362995511,1774.35854559,10256,0.157950018667,560.888097629,26.4412051482,3297.38563178,4,0,0,,,,,
M03,1,0,2099,11.4921391139,0.346355407337,0.00339839902068,0.000441196371115,940.490609171,769,0.118161135833,253.63522561,33.0182054616,1947.02157706,4,0,0,,,,,
M04,1,0,2002,10.5844155844,0.27022977023,0.00339146885368,0.00034742172035,972.574264843,590,0.121229825153,282.492445579,39.2372881356,1934.25557232,4,0,0,,,,,
M05,1,0,2030,10.6689655172,0.334975369458,0.0032808488366,0.000409061838661,936.960099156,730,0.117912445514,253.656710022,31.8808219178,1858.34221119,4,0,0,,,,,
M06,1,0,2014,9.78500496524,0.333664349553,0.00323754849104,0.000409372878176,1024.54990227,711,0.121869838345,311.678134526,29.4092827004,2184.62823998,4,0,0,,,,,
M07,1,0,1993,111.92574009,4.62017059709,0.0491726463673,0.00646704174197,1676.28300357,9995,0.146091567755,497.512733476,24.3486743372,3175.481528,4,0,0,,,,,
M08,1,0,2002,8.77722277722,0.247752247752,0.00312585502934,0.000295592967013,1056.44849693,533,0.125198456998,355.893439332,35.4615384615,2264.8206164,4,0,0,,,,,
M09,1,0,2085,9.51510791367,0.306954436451,0.00397120151813,0.000406979942584,1065.97911446,690,0.128198499808,370.352944155,31.2362318841,2328.78217044,4,0,0,,,,,
M10,1,0,2228,8.84156193896,0.265709156194,0.003442744535,0.000326389816896,1100.35823855,664,0.134223325184,404.492365091,33.046686747,2451.54505708,4,0,0,,,,,
M11,1,0,2004,8.53493013972,0.266966067864,0.00267297885288,0.000354182039608,1033.55657898,583,0.11552313614,252.888821633,32.2092624357,1920.28360619,4,0,0,,,,,
M12,1,0,2178,8.50964187328,0.270431588613,0.00314566445653,0.000325402118123,1140.53045495,626,0.127663311024,400.511250942,32.2955271565,2632.94224179,4,0,0,,,,,
M13,1,0,2164,10.4902957486,0.325785582255,0.00348779891837,0.000429848162812,1045.08217627,758,0.119481812082,285.198891784,32.3100263852,2060.68407009,4,0,0,,,,,
M14,1,0,2141,8.9901914993,0.267164876226,0.00314816139241,0.000328658677572,1052.51590133,634,0.126998181131,360.804432919,33.1971608833,2357.48925117,4,0,0,,,,,
M15,1,0,2181,10.8188904172,0.375515818432,0.00319896268431,0.000495117529896,1069.91596151,877,0.116040690135,260.021955847,28.8882554162,1981.39683593,4,0,0,,,,,
M16,1,0,2060,23.2160194175,0.890291262136,0.00654285737382,0.00111376288097,1154.30326656,2000,0.118328328933,271.197690439,26.3505,2048.47560786,4,0,0,,,,,
M17,1,0,2245,8.34476614699,0.248106904232,0.00287147696076,0.000328806664929,1068.53600533,594,0.127163951099,344.56384686,33.6212121212,2320.93069576,4,0,0,,,,,
M18,1,0,2278,9.42756804214,0.3007023705,0.00265862149846,0.000380469452452,988.813969763,762,0.119381475873,252.60794747,31.8884514436,1800.53100697,4,0,0,,,,,
M19,1,0,2394,8.97451963241,0.28111946533,0.00281843550184,0.000376285385359,997.488749155,725,0.120332456877,275.710197545,32.044137931,1980.62127686,4,0,0,,,,,
M20,1,0,2443,10.4056487925,0.316004911993,0.00409546491317,0.000433110959993,1026.5409296,867,0.125012515477,327.512202688,33.600922722,2203.68554638,4,0,0,,,,,
M21,1,0,2463,9.02842062525,0.290296386521,0.00308279245293,0.000374379415559,985.527183896,776,0.120902048769,286.092876028,31.2371134021,1960.37617781,4,0,0,,,,,
M22,1,0,2529,11.7042309213,0.359430604982,0.0038110277978,0.000448529096095,969.57717148,969,0.122211209616,288.764983158,33.1682146543,2002.57781465,4,0,0,,,,,
M23,1,0,2498,62.3919135308,2.18254603683,0.0205140070391,0.00291709911765,1261.08136098,5925,0.124908108097,307.679276718,28.73907173,2298.98298348,4,0,0,,,,,
M24,1,0,2487,80.0908725372,3.22155207077,0.0268807634525,0.00448110123084,1381.34845573,8670,0.134970106776,346.866298024,25.0408304498,2392.65798334,4,0,0,,,,,
N01,1,0,1978,10.365520728,0.319514661274,0.00321422277824,0.000402620959845,1032.52307678,677,0.120772735672,288.050540967,32.7725258493,2151.32293769,4,0,0,,,,,
N02,1,0,1862,155.977443609,5.90171858217,0.0886165951785,0.00949424711474,2471.54512693,11756,0.164164563024,783.196286073,26.700663491,4463.64432364,4,0,0,,,,,
N03,1,0,1850,16.0686486486,0.512972972973,0.00547600870538,0.000683975243545,969.320670495,1017,0.120751017862,279.408477451,31.7453294002,1909.01816392,4,0,0,,,,,
N04,1,0,1956,72.5674846626,2.47341513292,0.0220856555566,0.00317161068772,1212.59820056,5229,0.128655265969,297.722794905,29.6674316313,2176.12063854,4,0,0,,,,,
N05,1,0,2298,9.45561357702,0.271105308964,0.0037742422585,0.000345824499175,1334.90185929,671,0.125285791778,479.353469032,35.0163934426,2953.1325264,4,0,0,,,,,
N06,1,0,1319,6.66717210008,0.199393479909,0.00223211019797,0.000249510927432,1043.87486908,282,0.121079680344,306.427307045,33.3758865248,2055.07897749,4,0,0,,,,,
N07,1,0,1901,11.345081536,0.345607574961,0.00392948428886,0.000426977747798,997.453682722,699,0.12767620101,320.143749474,32.7181688126,2155.61463397,4,0,0,,,,,
N08,1,0,682,60.4442815249,1.62609970674,0.027799466133,0.00257043422801,1212.90927067,1197,0.141049345904,371.665137702,37.4995822891,2431.55441243,4,0,0,,,,,
N09,1,0,2622,38.7265446224,1.60793287567,0.0108811505156,0.00210101280451,1143.50189546,4498,0.124118830448,256.972616806,24.2801244998,1937.02826149,4,0,0,,,,,
N10,1,0,2596,18.8601694915,0.619029275809,0.00410929972119,0.000684760808078,1056.4962878,1754,0.118670515472,232.97629849,30.9486887115,1791.39926539,4,0,0,,,,,
N11,1,0,3048,8.42519685039,0.266404199475,0.00265998777289,0.000358260574048,1027.01696475,896,0.121494589829,270.877382126,31.4575892857,1966.90762935,4,0,0,,,,,
N12,1,0,2889,8.75216337833,0.299411561094,0.00271690396071,0.000394247648582,1082.89457803,927,0.118866670036,281.985037918,29.4584681769,2075.69609391,4,0,0,,,,,
N13,1,0,2732,8.31002928258,0.241581259151,0.0026626070056,0.000323829659512,1071.45465033,711,0.119070050556,289.413833758,34.5302390999,2056.13479602,4,0,0,,,,,
N14,1,0,2647,8.90555345674,0.263694748772,0.00302275602383,0.000367293533767,1047.36877648,753,0.121813720748,304.245718331,34.0517928287,2129.77396195,4,0,0,,,,,
N15,1,0,2796,7.96709585122,0.286838340486,0.0029783372606,0.000395351207307,1030.31894725,865,0.121940116564,301.690432715,28.0462427746,2133.96051656,4,0,0,,,,,
N16,1,0,2592,12.819058642,0.397762345679,0.00437933421229,0.000527160875758,1070.93134334,1096,0.122580565891,296.580744928,32.3038321168,2038.05734733,4,0,0,,,,,
N17,1,0,2630,10.325095057,0.327756653992,0.00359503092992,0.000427918982798,1054.45131343,936,0.1233093691,331.163303333,31.9604700855,2216.47924832,4,0,0,,,,,
N18,1,0,2721,11.407938258,0.355384049982,0.00368675343131,0.000478295405692,918.752031559,1033,0.11960577329,250.093186696,32.2778315586,1755.37398256,4,0,0,,,,,
N19,1,0,2498,94.6669335468,3.68975180144,0.0341413380395,0.00490658185943,1385.74036718,9830,0.139805265252,388.454669046,25.8387589013,2551.56697545,4,0,0,,,,,
N20,1,0,2591,3.41721343111,0.0930142802007,0.00125828462202,0.000121344522266,830.845456826,261,0.132738235057,331.531782299,36.1417624521,2149.7880574,4,0,0,,,,,
N21,1,0,2715,9.54143646409,0.295395948435,0.00318619039517,0.000400585873585,957.890802158,869,0.122469513275,276.445169924,32.3095512083,1916.73682138,4,0,0,,,,,
N22,1,0,2605,13.1558541267,0.384644913628,0.00323063468655,0.000469478547118,1003.83174675,1065,0.114872301746,218.40325716,34.2197183099,1695.13168798,4,0,0,,,,,
N23,1,0,2612,9.4084992343,0.324272588055,0.00295601530321,0.000414420255963,943.418893919,908,0.119574216594,261.520604333,29.3491189427,1847.17961282,4,0,0,,,,,
N24,1,0,2400,116.907916667,4.8675,0.0470048570479,0.0066000275659,1439.0059445,12479,0.14776322946,424.385609037,24.2612388813,2621.63616778,4,0,0,,,,,
O01,1,0,1925,9.12623376623,0.263376623377,0.00292817906689,0.000324214106855,972.593614819,543,0.118870903531,253.636530813,34.3683241252,1817.40751163,4,0,0,,,,,
O02,1,0,1707,143.387229057,5.47451669596,0.0859920566697,0.00801159813427,2590.94435184,10107,0.165094672384,940.774253531,26.3683585634,5327.24445994,4,0,0,,,,,
O03,1,0,1870,17.6048128342,0.622994652406,0.00494595184798,0.000769176071282,919.904377214,1251,0.12096883463,220.140091522,28.0087929656,1651.44763482,4,0,0,,,,,
O04,1,0,1866,10.4415862808,0.31243301179,0.00365076137624,0.000395653315348,935.144918221,619,0.121791536074,270.707923027,33.8126009693,1830.69339296,4,0,0,,,,,
O05,1,0,1963,11.7580234335,0.406011207336,0.00381393940153,0.000497185526245,917.007778496,852,0.123398705386,249.709627637,29.073943662,1724.32588413,4,0,0,,,,,
O06,1,0,2026,32.1880552813,1.27690029615,0.00911456635896,0.00157584865377,1017.90209284,2776,0.122739417307,240.906997362,25.4085014409,1811.53093882,4,0,0,,,,,
O07,1,0,1920,11.8614583333,0.419270833333,0.00358664188777,0.000503696737847,993.470442577,879,0.120703135533,268.142484497,28.5472127418,1946.93405351,4,0,0,,,,,
O08,1,0,1870,10.4229946524,0.326203208556,0.00346608442722,0.000413271644119,1004.80556291,665,0.124006124597,310.838881923,32.3879699248,2149.54348809,4,0,0,,,,,
O09,1,0,2063,9.11100339312,0.229277750848,0.00366857793663,0.000296986311195,1086.41481038,523,0.132847985101,409.668581343,39.6673040153,2363.15657813,4,0,0,,,,,
O10,1,0,1986,28.3408862034,1.05337361531,0.00922776109143,0.0012910088428,1190.65309496,2275,0.125909820448,331.546383984,26.9696703297,2342.4347147,4,0,0,,,,,
O11,1,0,1961,8.75471698113,0.286588475268,0.00278451205481,0.000350283547893,1041.13901429,602,0.123315480984,289.780102478,31.049833887,1972.38305217,4,0,0,,,,,
O12,1,0,2039,9.86954389407,0.292300147131,0.00291761104585,0.000355567881862,1066.06485498,631,0.123235352863,289.743288685,33.9746434231,2010.40673128,4,0,0,,,,,
O13,1,0,2138,10.5444340505,0.311506080449,0.00293151281406,0.000394845605852,1056.01788114,727,0.117704521524,255.353261626,34.166437414,1905.06712184,4,0,0,,,,,
O14,1,0,2058,51.5145772595,1.96793002915,0.0168801699409,0.00267366237711,1151.85508231,4370,0.128084966545,285.501660844,26.3363844394,2073.45756931,4,0,0,,,,,
O15,1,0,1862,75.9419978518,3.28088077336,0.0259427495133,0.00435352225135,1429.82744037,6465,0.13373884595,366.669461113,23.3935034803,2576.43012428,4,0,0,,,,,
O16,1,0,2104,20.6288022814,0.75427756654,0.00601898561125,0.000983927647707,1070.45455995,1678,0.118974200225,244.112660062,27.6418355185,1879.61876541,4,0,0,,,,,
O17,1,0,2080,77.7908653846,3.30528846154,0.0292618323937,0.00465410661681,1413.57478347,7373,0.141648347168,395.798664057,23.7635969076,2588.84453981,4,0,0,,,,,
O18,1,0,2321,20.8229211547,0.730288668677,0.00617974709592,0.000961999677744,1033.14842814,1830,0.122454217139,245.622834332,28.8431693989,1808.03872865,4,0,0,,,,,
O19,1,0,2382,9.48278757347,0.26658270361,0.00291647774041,0.000356046530144,1013.8702682,699,0.119029335459,276.643456802,35.7753934192,1976.06204021,4,0,0,,,,,
O20,1,0,2340,14.1713675214,0.49188034188,0.00456272538244,0.000644958092045,961.351024772,1231,0.11811208944,246.480880465,28.9731925264,1814.73062245,4,0,0,,,,,
O21,1,0,2299,133.305785124,5.04741191823,0.0795779643506,0.00834143905616,2308.4059985,12453,0.161290002607,761.74144595,26.5825102385,4404.23838793,4,0,0,,,,,
O22,1,0,2533,12.9166995657,0.381760757994,0.00370526308234,0.000476731611433,970.05562627,1036,0.121675580108,257.300628905,34.4324324324,1839.8387144,4,0,0,,,,,
O23,1,0,2607,10.5968546222,0.350594553126,0.00316358654743,0.000449303409425,976.127696064,971,0.119594652407,272.191346255,30.4922760041,1906.68525114,4,0,0,,,,,
O24,1,0,2386,118.950544845,5.20871751886,0.0538544247655,0.00731444657017,1835.89144326,13306,0.152087415223,573.906090513,23.0933413498,3501.05525951,4,0,0,,,,,
P01,1,0,1830,11.0453551913,0.303825136612,0.00340053018752,0.00039848895143,1029.25762792,611,0.115909902611,319.659347536,36.9410801964,2163.38600104,4,0,0,,,,,
P02,1,0,2744,14.1362973761,0.422011661808,0.00349936078811,0.000566617853953,2325.78836494,1238,0.11265369457,470.825863769,33.7067851373,3865.60867715,4,0,0,,,,,
P03,1,0,2129,122.049788633,5.66651009864,0.0637082535406,0.00794116093965,2714.77815955,13118,0.158079370572,912.491183034,21.7622350968,5364.63598282,4,0,0,,,,,
P04,1,0,2071,26.7083534524,1.00965717045,0.00744601074357,0.00134026262194,1475.29631351,2267,0.119809935094,325.568057344,26.8491398324,2539.10607883,4,0,0,,,,,
P05,1,0,678,96.116519174,2.64601769912,0.0778367028639,0.00504737214096,2206.58932344,1918,0.159504787201,820.907534997,36.5349322211,4821.48762624,4,0,0,,,,,
P06,1,0,1587,8.94896030246,0.309388783869,0.00254024560683,0.000364565938662,901.255871072,527,0.12003488025,227.283879877,29.0056925996,1687.02769894,4,0,0,,,,,
P07,1,0,1803,6.66444814199,0.220188574598,0.00243049042942,0.000300799306111,946.032831561,420,0.125970782274,302.687173238,30.3547619048,2047.79532265,4,0,0,,,,,
P08,1,0,2266,43.5533980583,1.68137687555,0.0138836652606,0.00231962029465,1141.68422511,4070,0.126478703131,277.123779283,26.0882063882,2027.43990237,4,0,0,,,,,
P09,1,0,2523,14.7978596908,0.500990883868,0.00442320834184,0.000639936700719,1086.28513066,1359,0.119811829879,273.946851194,29.9506990434,2017.97549636,4,0,0,,,,,
P10,1,0,2781,17.8295577131,0.479683567062,0.00470189404881,0.000650212128897,1021.63503998,1417,0.11249696675,208.769698103,37.6287932251,1706.0148208,4,0,0,,,,,
P11,1,0,2792,17.5465616046,0.614971346705,0.0050740723333,0.000850506766743,1098.40022397,1826,0.117954662747,245.860733987,28.6040525739,1926.93075004,4,0,0,,,,,
P12,1,0,2418,41.1220016543,1.47105045492,0.012215990674,0.00190769538999,1137.04844873,3775,0.123750120276,267.989526275,28.2111258278,2011.29006943,4,0,0,,,,,
P13,1,0,1907,9.93497640273,0.275825904562,0.00285367196842,0.000340408532604,1108.19288216,559,0.122063891801,268.44681258,36.3291592129,1951.61842176,4,0,0,,,,,
P14,1,0,2262,8.4783377542,0.286030061892,0.00217793328087,0.000375346963648,1057.47046524,703,0.113737833662,223.260870939,30.3172119488,1812.46674616,4,0,0,,,,,
P15,1,0,2411,9.80754873496,0.340107839071,0.00330280775538,0.000446482279713,1074.38613556,905,0.122615224395,284.819925181,29.2154696133,2049.67086907,4,0,0,,,,,
P16,1,0,2386,13.2766135792,0.407376362112,0.00430645569939,0.000551037190718,926.82990364,1038,0.118951925859,241.051488466,32.5394990366,1742.81471345,4,0,0,,,,,
P17,1,0,2364,11.0558375635,0.347715736041,0.0037454996399,0.000508922635685,939.648813073,886,0.119892606739,251.682497803,31.9187358916,1799.01713572,4,0,0,,,,,
P18,1,0,2013,40.3452558371,1.478390462,0.0118376930764,0.00186942027122,1056.14972257,3202,0.123787247111,243.017844124,27.4122423485,1813.84557291,4,0,0,,,,,
P19,1,0,2722,9.88831741367,0.298310066128,0.00331155113751,0.000391898980263,937.704176421,868,0.118924702556,274.863103905,33.1290322581,1910.57501896,4,0,0,,,,,
P20,1,0,2563,8.91962543894,0.263753413968,0.00315065006135,0.00033891013944,999.460958111,728,0.121285541892,289.858162094,33.6771978022,1967.81089754,4,0,0,,,,,
P21,1,0,2551,10.7487259898,0.332810662485,0.00333562377474,0.000467187042454,923.591065717,908,0.118845350227,239.453154821,32.8810572687,1789.56280183,4,0,0,,,,,
P22,1,0,2637,11.6268486917,0.378081152825,0.00382752236225,0.000513498654246,985.72455148,1070,0.119596210641,264.982615128,30.8962616822,1862.49234225,4,0,0,,,,,
P23,1,0,2569,10.2802646944,0.278318411833,0.00351855162622,0.000386088877082,958.645453122,761,0.120924885919,256.871588192,36.5637319317,1858.64650465,4,0,0,,,,,
P24,1,0,2612,30.4709035222,0.903522205207,0.0086990642381,0.00125467746059,1418.07718388,2499,0.115271123907,305.779855143,34.0192076831,2400.68824131,4,0,0,,,,,
