Well	Plane	Timepoint	Cell Selected - Number of Objects	Cell Selected - Total Spot Area - Mean per Well	Cell Selected - Number of Spots - Mean per Well	Cell Selected - Relative Spot Intensity - Mean per Well	Cell Selected - Number of Spots per Area of Cytoplasm - Mean per Well	Cell Selected - Intensity Cytoplasm Mean - Mean per Well	Spots Selected - Number of Objects	Spots Selected - Relative Spot  Intensity - Mean per Well	Spots Selected - Corrected Spot  Intensity - Mean per Well	Spots Selected - Spot Area [px²] - Mean per Well	Spots Selected - Intensity Spot Mean - Mean per Well	Number of Analyzed Fields	Height [µm]	Time [s]	Compound	Concentration	Cell Type	Cell Count	
A01	1	0	1715	116.910204082	4.41516034985	0.0473256340338	0.00629330380886	2319.2248338	8300	0.144950220907	610.585547617	26.7492771084	3930.60634878	4	0	0					
A02	1	0	2050	10.1546341463	0.297073170732	0.00342471712133	0.000352972045331	1064.51080076	652	0.126900737945	361.426881134	34.5996932515	2383.09467607	4	0	0					
A03	1	0	2301	11.5975662755	0.349413298566	0.0032440675184	0.000437556765683	1089.6898179	887	0.11879442678	268.572255265	33.3010146561	1976.28486518	4	0	0					
A04	1	0	2067	10.0183841316	0.298500241896	0.00372282886588	0.000384468322854	1059.15782819	664	0.13031332466	329.962782306	33.9201807229	2194.80271602	4	0	0					
A05	1	0	2182	6.74472960587	0.19248395967	0.00235589200742	0.000242351484029	1144.34646836	466	0.128269823086	381.177736068	34.3605150215	2481.09103435	4	0	0					
A06	1	0	2206	9.40843155032	0.283771532185	0.00306383581466	0.000357029073595	1124.11120505	681	0.123715859963	326.694328176	33.4581497797	2286.87236722	4	0	0					
A07	1	0	2256	8.14140070922	0.261524822695	0.00277886814716	0.000323965989069	1055.91276374	652	0.125899654429	300.972329307	31.6579754601	2061.68852777	4	0	0					
A08	1	0	1567	21.6841097639	0.715379706445	0.00452385338829	0.00067348704359	1134.66559637	1435	0.122911153669	277.311974615	31.6759581882	2027.41928297	4	0	0					
A09	1	0	2141	42.9402148529	1.65530126109	0.0130347820491	0.0021541300006	1168.53709304	3826	0.124941850032	272.463172349	26.2613695766	2022.38642159	4	0	0					
A10	1	0	2071	8.15548044423	0.238049251569	0.00320896248972	0.000300186076745	1104.03285594	533	0.133916199876	372.11394371	34.339587242	2337.54295953	4	0	0					
A11	1	0	2102	8.93006660324	0.248810656518	0.00347092085116	0.000327722867812	1077.7902185	572	0.131448059878	381.471847471	36.4685314685	2317.20001625	4	0	0					
A12	1	0	2067	9.80745041122	0.293178519594	0.00355890328057	0.000354826912757	1061.7719544	654	0.132794344999	368.573256754	34.4877675841	2314.04567234	4	0	0					
A13	1	0	2111	7.80909521554	0.209379441023	0.00299866056331	0.000267944339369	1114.18456205	483	0.131850799083	382.283176906	37.9751552795	2443.03833355	4	0	0					
A14	1	0	2225	8.22516853933	0.256629213483	0.00278870275141	0.000326320100026	1077.25062684	624	0.125307144564	320.361089916	32.1939102564	2188.92475814	4	0	0					
A15	1	0	2214	8.29313459801	0.267841011743	0.00320524474446	0.000346138635434	1194.43892324	647	0.13229404681	421.509765972	30.9690880989	2746.29288203	4	0	0					
A16	1	0	2253	8.81713271194	0.248113626276	0.00382624830837	0.000326789534304	1133.00873101	612	0.137302139617	497.273350424	36.3725490196	2994.13712398	4	0	0					
A17	1	0	2133	8.55461790905	0.234411626817	0.00305405881724	0.000304696457625	1037.36316356	553	0.130125427929	323.060080701	37.2567811935	2156.95343251	4	0	0					
A18	1	0	2176	9.36580882353	0.314797794118	0.00306975373062	0.000387755310933	1082.41390871	741	0.123952110045	325.420243081	30.0458839406	2196.74314793	4	0	0					
A19	1	0	2203	8.66727190195	0.247389922833	0.00273696048942	0.000309218498206	981.616617581	584	0.126842855132	291.063731405	35.2585616438	1972.73227299	4	0	0					
A20	1	0	2086	8.90028763183	0.272770853308	0.00314516461396	0.000354252598529	1179.45299792	641	0.127972347249	343.933901115	32.9391575663	2334.33556909	4	0	0					
A21	1	0	2048	9.09716796875	0.228515625	0.00312769245009	0.000298668990259	1015.99805654	506	0.125499992212	307.659399873	39.5375494071	1999.62701827	4	0	0					
A22	1	0	2270	8.85682819383	0.26563876652	0.00312664729842	0.000339434015034	1010.1590997	658	0.1299217786	316.547806522	34.4224924012	2061.85571256	4	0	0					
A23	1	0	2038	105.137389598	4.47791952895	0.0433599949746	0.00650478608382	1673.10895111	9957	0.145183629443	461.330575132	23.8193230893	2954.64690658	4	0	0					
A24	1	0	1996	11.129258517	0.293086172345	0.00399170360174	0.000347063099167	1182.85423294	631	0.133944040579	474.077266295	38.8621236133	2940.90261018	4	0	0					
B01	1	0	2050	68.8775609756	2.60390243902	0.0226701515877	0.00352845242054	1345.92643777	5674	0.133723508781	335.498776202	26.672541417	2328.15931943	4	0	0					
B02	1	0	2218	9.11947700631	0.2696122633	0.00324302765245	0.000357303874196	1040.49373386	649	0.127363133009	333.644936974	34.1448382126	2136.11890523	4	0	0					
B03	1	0	2125	9.82164705882	0.270117647059	0.00351637836654	0.00034607416006	985.104058675	619	0.129341130276	367.306989859	36.7544426494	2331.48516083	4	0	0					
B04	1	0	2147	8.28178854215	0.251979506288	0.00315240846786	0.000326390409884	1034.10884818	587	0.12946814589	310.798615806	33.7172061329	2018.56296992	4	0	0					
B05	1	0	2051	8.55972696246	0.254022428084	0.00250082894329	0.000320104442868	990.947767919	567	0.120174145165	259.343505686	34.1305114638	1899.29256499	4	0	0					
B06	1	0	2236	10.4610912343	0.307692307692	0.0040309700722	0.000417835045917	1059.83509271	747	0.129754877265	373.472795408	33.796519411	2353.22476238	4	0	0					
B07	1	0	2207	7.11826008156	0.211146352515	0.00290164075151	0.000292815830459	983.281353446	508	0.127434434521	354.16264603	34.3582677165	2308.54422345	4	0	0					
B08	1	0	2092	7.98709369025	0.209847036329	0.00284633396391	0.00026798201855	1014.51567905	490	0.128493100198	365.933301101	38.0510204082	2346.27258826	4	0	0					
B09	1	0	2148	10.2635009311	0.303072625698	0.00323135258703	0.00036428882173	1057.71194271	698	0.122497596977	308.730125052	34.1962750716	2128.63590028	4	0	0					
B10	1	0	2116	21.6540642722	0.778355387524	0.00629011917054	0.000977035337301	1095.93599179	1755	0.121351696926	258.288483874	27.9800569801	1925.61918348	4	0	0					
B11	1	0	2153	9.77891314445	0.30143985137	0.00332974044339	0.000369976644868	1063.01054032	700	0.124630981696	329.867358672	32.9385714286	2141.54932958	4	0	0					
B12	1	0	2202	7.84604904632	0.244777475023	0.00238616056771	0.000302764113698	1060.56786802	584	0.122581248903	270.790305864	32.0582191781	1901.0193549	4	0	0					
B13	1	0	2090	8.57894736842	0.242105263158	0.00341459166525	0.000302857081431	1100.33345743	549	0.131895384406	412.059699231	36.378870674	2587.78931991	4	0	0					
B14	1	0	2085	8.17601918465	0.233573141487	0.00246734901769	0.000301060792393	942.272683876	518	0.120309186534	240.828173108	35.0714285714	1745.3994658	4	0	0					
B15	1	0	2089	8.38583054093	0.250837721398	0.00286462069884	0.000320183445522	1084.88280344	566	0.127556412739	369.343642227	33.8003533569	2483.55813058	4	0	0					
B16	1	0	2139	8.05376344086	0.259467040673	0.00273568822641	0.000343121734253	1014.8873904	608	0.121276936724	275.734233936	31.3026315789	1929.65405207	4	0	0					
B17	1	0	2014	23.7219463754	0.778053624628	0.00726130014753	0.00100256085348	1117.16879638	1713	0.121467008502	292.203268521	30.5178050204	2160.45314519	4	0	0					
B18	1	0	2084	8.943378119	0.24472168906	0.00347376363393	0.000312606905029	1093.70029458	550	0.130022608647	405.551652998	36.7072727273	2595.89516481	4	0	0					
B19	1	0	2071	7.63109608885	0.222114920328	0.00276864254568	0.000282118278629	936.818340276	494	0.123364261292	278.317948965	34.6963562753	1842.00838183	4	0	0					
B20	1	0	2236	25.647137746	0.852415026834	0.00864093980298	0.00115606756851	1040.13057325	2091	0.12438723567	271.970651111	30.2912482066	1972.66263534	4	0	0					
B21	1	0	2069	8.48719188014	0.260028999517	0.00319591843226	0.000332269078109	1001.4690963	598	0.129227953659	338.326177571	33.0685618729	2178.79585005	4	0	0					
B22	1	0	1965	22.0478371501	0.862086513995	0.00725401247808	0.0010859558006	953.851842611	1816	0.12508218767	250.672507042	25.8540748899	1756.33864536	4	0	0					
B23	1	0	2077	87.3827636013	3.91141068849	0.0295106138707	0.0050916489809	1293.48768955	8845	0.139096132654	341.71205672	22.5620124364	2288.04947109	4	0	0					
B24	1	0	1937	11.3655136809	0.284976768198	0.00399373696945	0.000341324295725	1061.39812383	603	0.130468251705	395.018253551	40.1791044776	2508.35195537	4	0	0					
C01	1	0	2047	122.355642404	4.70297997069	0.054757907111	0.00680794992027	1646.55903381	10466	0.150427025054	491.584724887	26.1511561246	3000.95932655	4	0	0					
C02	1	0	2167	9.25888324873	0.280572219659	0.00338448780614	0.000373367703118	955.977834847	668	0.126076333237	300.432344472	33.2964071856	1983.47611253	4	0	0					
C03	1	0	2307	10.388816645	0.299956653663	0.00379659219608	0.000403005731837	1018.7817009	746	0.124931405604	306.590354293	34.18230563	2090.95216274	4	0	0					
C04	1	0	2301	10.3389830508	0.28813559322	0.0037769352608	0.000373782737473	1048.67886161	724	0.123835238898	317.936717846	35.7638121547	2192.13767608	4	0	0					
C05	1	0	2139	8.52875175316	0.244039270687	0.00291748119818	0.000319266973218	1034.71618455	564	0.127533050053	347.853435318	35.7039007092	2189.44256171	4	0	0					
C06	1	0	2475	9.04808080808	0.248888888889	0.00304692324555	0.000317624229802	1053.43571913	673	0.126126950192	314.059516115	36.3491827637	2085.84727381	4	0	0					
C07	1	0	2323	9.71028842015	0.266896254843	0.00317824057267	0.000343201992254	1017.26287717	677	0.12399012245	297.647239203	36.8138847858	2053.0150736	4	0	0					
C08	1	0	2355	10.4420382166	0.267940552017	0.00423551306312	0.00035282836068	1060.02899284	666	0.130971874014	388.464734565	39.0765765766	2459.51496387	4	0	0					
C09	1	0	2287	9.55662439878	0.290336685614	0.00370747572822	0.000387767862621	1024.78760228	714	0.129449113025	344.129608957	33.7226890756	2195.19010495	4	0	0					
C10	1	0	2196	9.96265938069	0.284153005464	0.00361275649866	0.000339224837508	1029.22828552	683	0.126475645922	327.739999951	35.055636896	2128.64747934	4	0	0					
C11	1	0	2189	10.1955230699	0.325262677021	0.00311683356837	0.000415249448607	991.442462159	753	0.120570997127	262.039582406	31.802124834	1885.47792158	4	0	0					
C12	1	0	2213	11.2196113873	0.340262087664	0.00343323740088	0.000414686057264	1002.61609454	802	0.122172720788	280.880629253	33.2855361596	1976.97688153	4	0	0					
C13	1	0	2261	10.7032286599	0.269792127377	0.00394966849644	0.000343605555454	1046.27895511	654	0.130525157294	436.647889676	40.1697247706	2629.93637218	4	0	0					
C14	1	0	2258	8.18910540301	0.225420726306	0.00290999476383	0.000300139026311	1067.04448438	552	0.123415935811	309.842290905	36.1467391304	2131.63720713	4	0	0					
C15	1	0	2240	8.18214285714	0.21875	0.00289283983217	0.00028820427329	1033.90946393	533	0.125539241886	323.751084088	37.6435272045	2162.08470417	4	0	0					
C16	1	0	2356	7.30348047538	0.199066213922	0.00258310400156	0.000257669820582	1129.47840736	508	0.128927487075	361.026229406	37.4803149606	2321.18386511	4	0	0					
C17	1	0	1204	13.2990033223	0.389534883721	0.00377183307908	0.000392571522045	1015.94186394	505	0.124351069056	262.266139966	34.4297029703	1803.54453909	4	0	0					
C18	1	0	2373	7.89801938475	0.223345975558	0.0028129378848	0.000298276808422	1057.92647025	573	0.124774403773	333.26398784	36.4380453752	2209.16348694	4	0	0					
C19	1	0	2361	7.94070309191	0.225328250741	0.00238898083806	0.000284403843661	999.180190184	580	0.122837262845	263.366630779	36.0879310345	1854.08367364	4	0	0					
C20	1	0	2384	8.98531879195	0.286493288591	0.00268227879015	0.000364452893434	1014.21999953	734	0.120256547911	280.092683962	32.0585831063	1955.32067081	4	0	0					
C21	1	0	2158	17.3716404078	0.633456904541	0.00509635923416	0.000817920929873	989.466814315	1460	0.121399324941	239.161592832	27.5157534247	1793.74780604	4	0	0					
C22	1	0	2130	8.95539906103	0.280281690141	0.0028514390792	0.000344372444493	1064.97727236	639	0.126246097428	298.11071739	31.8935837246	2047.53100405	4	0	0					
C23	1	0	2099	78.0762267747	3.44116245831	0.0261137381089	0.00454127749502	1293.19567066	7771	0.136505432532	337.436688636	22.8780079784	2263.88418761	4	0	0					
C24	1	0	2061	13.3051916545	0.365841824357	0.00507221755542	0.000443162924684	893.892075583	824	0.129936460549	351.680362473	36.2597087379	2133.35458953	4	0	0					
D01	1	0	2247	116.568313307	4.72897196262	0.0555778646243	0.00672621124828	1930.36441615	11463	0.152690469084	602.677258154	24.8192445259	3662.59380452	4	0	0					
D02	1	0	2199	112.048658481	4.74397453388	0.0470091179102	0.00666187495182	1506.34958215	11254	0.149001826991	430.25984634	23.8561400391	2677.44568475	4	0	0					
D03	1	0	2141	10.4675385334	0.326950023354	0.00362346611699	0.000412469857873	942.156071413	758	0.127090965279	291.353417918	31.8984168865	1945.04458325	4	0	0					
D04	1	0	2204	17.4015426497	0.595281306715	0.0050208088198	0.000742941102909	986.110147823	1392	0.120437522908	246.774205531	29.661637931	1797.10344357	4	0	0					
D05	1	0	2311	13.5581999135	0.413673734314	0.00491510647791	0.000559999609299	1013.91326629	1026	0.125628535991	313.451430837	32.9152046784	2120.32918508	4	0	0					
D06	1	0	2334	9.72022279349	0.316623821765	0.00366617713251	0.000394893940572	991.196601568	832	0.128163551668	339.951926096	30.7067307692	2151.03223	4	0	0					
D07	1	0	2194	8.81312670921	0.262534184139	0.00319200455236	0.000330820714738	1025.70275038	620	0.128416500761	363.353306898	33.7306451613	2421.77675275	4	0	0					
D08	1	0	2227	9.39066008083	0.261787157611	0.0036360564441	0.000319846699793	1011.95718162	640	0.126220905856	352.959863304	36.6203125	2230.6945626	4	0	0					
D09	1	0	2239	9.30147387226	0.266636891469	0.0029492449534	0.000333682737028	974.614138646	648	0.128411785481	295.880730138	35.7638888889	2021.66232844	4	0	0					
D10	1	0	2203	12.6645483432	0.378574670903	0.00365366169256	0.000463005782062	1016.67576333	902	0.120348198693	263.830042658	33.8203991131	1932.45121469	4	0	0					
D11	1	0	2289	10.6330275229	0.303189165574	0.0037070666492	0.000384777601638	1133.6040633	746	0.12954143692	453.877615788	35.5308310992	2970.6160713	4	0	0					
D12	1	0	2267	8.12042346714	0.238641376268	0.00287582809562	0.000300471952605	1050.28947301	589	0.12860093525	359.104190407	34.3718166384	2354.73524706	4	0	0					
D13	1	0	2270	8.10396475771	0.213656387665	0.00324923731463	0.000274025801813	1064.29944508	508	0.133633167636	400.597927906	38.1712598425	2504.88473512	4	0	0					
D14	1	0	2357	9.6614340263	0.281714043275	0.00305350098311	0.000378062439792	988.449290758	718	0.118803968198	269.355900997	34.7381615599	1924.52081084	4	0	0					
D15	1	0	2113	56.4051112163	2.34358731661	0.0195699658654	0.00302716485514	1266.58532921	5324	0.13052333074	345.651795701	24.2528174305	2421.56780303	4	0	0					
D16	1	0	2185	7.74370709382	0.220594965675	0.00254865570596	0.000294178002128	1049.92944811	526	0.120717147628	315.099080902	35.0779467681	2221.88590296	4	0	0					
D17	1	0	2250	8.73466666667	0.254222222222	0.00338406909858	0.000358978806684	976.463960184	620	0.12855898241	339.456479292	34.8306451613	2205.37135566	4	0	0					
D18	1	0	2148	9.18249534451	0.272346368715	0.00333814398906	0.000348937243009	1010.1847448	622	0.127682422117	319.125702398	33.6077170418	2063.03092781	4	0	0					
D19	1	0	2247	9.46728971963	0.275033377837	0.00334494247637	0.000357075941772	976.303523713	667	0.127174694017	286.896358959	34.5802098951	1924.67089382	4	0	0					
D20	1	0	2313	8.05058365759	0.261132728059	0.00233372232037	0.000329003928878	965.126806741	650	0.121671749666	247.930483774	31.5461538462	1790.70512224	4	0	0					
D21	1	0	1968	9.99237804878	0.317073170732	0.00289615497112	0.000388333386522	924.48896783	663	0.121206881601	256.864492539	32.2775263952	1866.7931521	4	0	0					
D22	1	0	2153	8.98978169995	0.317231769624	0.00268259847046	0.000399191279203	944.552355406	740	0.121090888082	250.819365923	28.4608108108	1796.17915566	4	0	0					
D23	1	0	1968	108.014227642	5.1112804878	0.0455674136292	0.00696729864557	1518.17349825	10924	0.14891993592	466.533857203	21.3023617722	2931.12823992	4	0	0					
D24	1	0	1936	114.669938017	4.88584710744	0.0473631832004	0.00669403178535	1439.27960928	10412	0.149424194433	426.047717049	23.6944871302	2639.46348652	4	0	0					
E01	1	0	2322	69.6442721792	2.38630490956	0.0249655659603	0.00323736530949	1229.30559905	5910	0.128309800676	315.225268365	29.3187817259	2308.87882937	4	0	0					
E02	1	0	2108	108.708728653	4.54791271347	0.0478578204323	0.00655840996133	1501.47932926	10351	0.151226044337	450.113177298	24.1099410685	2760.48650365	4	0	0					
E03	1	0	2146	9.70037278658	0.314538676608	0.00406611196441	0.000391905029268	937.496250142	740	0.127139160682	316.252067325	30.9297297297	2038.24221961	4	0	0					
E04	1	0	2314	11.2631806396	0.310717372515	0.00404753895838	0.000415057360126	997.694066567	785	0.124102952138	300.414837643	36.8687898089	2040.37298416	4	0	0					
E05	1	0	2292	10.0959860384	0.301483420593	0.00347752797081	0.0004037578238	989.355993833	756	0.124110447255	315.279151608	33.705026455	2125.36707847	4	0	0					
E06	1	0	2378	9.64213624895	0.298149705635	0.00336392608727	0.000381357198193	1000.20835172	762	0.124466018285	309.256769697	33.0380577428	2061.58427753	4	0	0					
E07	1	0	2513	8.27735773975	0.25308396339	0.00257751854658	0.000319125282256	988.511698097	699	0.122716603437	263.486091019	33.9227467811	1854.3468571	4	0	0					
E08	1	0	2400	10.5266666667	0.25875	0.00380938968234	0.000333088552416	1039.7265149	658	0.125689477358	334.555423373	40.8510638298	2176.00201117	4	0	0					
E09	1	0	2224	7.60026978417	0.222571942446	0.00254444881557	0.000298247112784	1008.29570722	535	0.119129835311	259.148180726	34.0186915888	1918.74848801	4	0	0					
E10	1	0	2262	8.99115826702	0.24801061008	0.00333265956862	0.000323541405989	1073.81777355	624	0.125950951651	423.056052751	36.9935897436	2703.3532431	4	0	0					
E11	1	0	2345	16.4712153518	0.570575692964	0.00487701247395	0.000714922212744	1085.93128808	1440	0.118183825711	268.785610529	29.1798611111	2041.68086597	4	0	0					
E12	1	0	2306	18.8768430182	0.686903729402	0.00581556825999	0.000869559140481	1055.86984599	1705	0.119486589462	255.892795716	27.5431085044	1909.84289364	4	0	0					
E13	1	0	2256	8.95523049645	0.261524822695	0.00311949747299	0.000325104010621	1027.12895454	635	0.123876231825	318.350876232	34.3133858268	2185.98105378	4	0	0					
E14	1	0	2338	10.1839178785	0.283575705731	0.00426499918076	0.000358086040944	1054.44319186	727	0.132220551772	450.405755572	36.3768913343	2722.78510933	4	0	0					
E15	1	0	2376	7.7803030303	0.217171717172	0.00290496374905	0.000279593951448	1085.67310998	564	0.131829304014	404.118754433	35.6595744681	2480.18397485	4	0	0					
E16	1	0	2465	7.97363083164	0.23772819472600001	0.00302431924326	0.000316783319332	1056.52905188	633	0.121443225627	331.669777617	34.0410742496	2169.01217154	4	0	0					
E17	1	0	2266	10.0887025596	0.278905560459	0.00375721083888	0.000358197263688	1042.49290605	681	0.129740305681	351.023988361	36.1688693098	2216.3601283	4	0	0					
E18	1	0	2239	7.59624832515	0.234926306387	0.00290315800331	0.000312336310759	1023.30658865	570	0.126308732897	330.278271909	32.9701754386	2170.58755117	4	0	0					
E19	1	0	2369	9.20050654285	0.270578303081	0.00319975627932	0.000352767037948	972.277534064	685	0.122112638217	271.05222808	34.1240875912	1877.1000831	4	0	0					
E20	1	0	2313	9.58063121487	0.284911370514	0.00302431256618	0.000379903799207	925.135475011	707	0.12049792071	241.280259825	33.9490806223	1770.47324465	4	0	0					
E21	1	0	2209	10.4454504301	0.314622000905	0.00303041487922	0.000390019022003	909.775916445	770	0.119114986356	242.489781013	33.6532467532	1754.14074885	4	0	0					
E22	1	0	2207	11.1368373357	0.317625736294	0.00374277235219	0.000403903933265	965.311163109	751	0.125490106511	289.554962238	35.1105193076	1943.95319377	4	0	0					
E23	1	0	2286	53.6907261592	1.97156605424	0.0171696896485	0.00261040213503	1201.61149077	4876	0.123319606302	290.649401756	27.4140689089	2197.65236135	4	0	0					
E24	1	0	2061	100.842309558	4.19990295973	0.0374276356859	0.00560681487252	1688.88346905	9298	0.142448138451	459.095739307	24.2915680792	2979.99050067	4	0	0					
F01	1	0	2319	9.91418714963	0.298835705045	0.00396399620945	0.000390896853073	945.587789039	757	0.125518873673	291.318973024	33.4755614267	1922.9478844	4	0	0					
F02	1	0	2243	126.681676326	5.5394560856	0.0598066928197	0.00801299331058	1636.53987181	13332	0.156107857916	525.575877531	23.0669816982	3103.12463602	4	0	0					
F03	1	0	2198	11.0186533212	0.363057324841	0.00348686501534	0.000444945558225	901.797454165	876	0.120641641214	237.546051106	30.1095890411	1717.37778987	4	0	0					
F04	1	0	2371	9.95276254745	0.273302404049	0.00403484829133	0.000346689567071	944.658945062	695	0.129056990772	368.98231152	36.6748201439	2228.33728847	4	0	0					
F05	1	0	2329	9.35465865178	0.299270072993	0.00377445234544	0.000393996365612	935.227527666	775	0.126072491013	324.144939138	31.84	2025.79666123	4	0	0					
F06	1	0	1280	9.584375	0.2859375	0.00400513119023	0.000362543307799	988.394693907	389	0.13909911961	406.02283864	33.0334190231	2401.53745609	4	0	0					
F07	1	0	2299	9.69725967812	0.30535015224	0.00368564132199	0.000399801696244	1042.0390686	745	0.127497793817	407.483868277	32.2093959732	2588.89346362	4	0	0					
F08	1	0	2282	15.1441717791	0.422874671341	0.00571978287647	0.000627826781778	1053.23216581	1041	0.125708070143	329.409385884	36.5264169068	2202.74529574	4	0	0					
F09	1	0	2315	9.29287257019	0.28120950324	0.00292012612737	0.000353017135837	1078.44655632	688	0.118645303607	316.809956084	33.4069767442	2123.44083461	4	0	0					
F10	1	0	2314	11.6676750216	0.334053586863	0.00376861108621	0.000397427456695	1017.95636244	829	0.122471881168	305.669804336	34.8962605549	2077.51395118	4	0	0					
F11	1	0	2198	9.55732484076	0.282529572338	0.00298994157204	0.000325837248466	1010.18744424	680	0.123164412353	306.058390733	34.2970588235	2053.11723886	4	0	0					
F12	1	0	2272	8.61355633803	0.255281690141	0.00316265085263	0.000326734070422	1064.48892683	641	0.125754922926	361.840996682	34.0733229329	2235.69963611	4	0	0					
F13	1	0	2302	9.1203301477	0.277150304083	0.00329887320533	0.000367962482228	1011.70625617	703	0.126153800058	306.317463885	32.972972973	2061.24272222	4	0	0					
F14	1	0	2277	10.1756697409	0.296881862099	0.00347584641689	0.000372739970715	998.170772719	712	0.122509922914	307.806142199	34.1502808989	2094.63027877	4	0	0					
F15	1	0	2179	9.33593391464	0.311610830656	0.00309359667864	0.000400462986172	962.92624734	735	0.123166574318	266.321420813	30.2340136054	1874.83939656	4	0	0					
F16	1	0	2302	10.887054735	0.314074717637	0.0041261473797	0.000396859597014	1036.96876153	768	0.128389919502	363.256403305	34.9791666667	2435.34063134	4	0	0					
F17	1	0	2317	9.6991799741	0.271903323263	0.00367761774989	0.000363344515891	981.796153113	688	0.126822571281	337.113180726	35.9345930233	2161.12848883	4	0	0					
F18	1	0	2094	8.64183381089	0.257402101242	0.00297935681424	0.00031244779549	983.590160222	586	0.126680241642	348.124580278	34.2986348123	2247.21038151	4	0	0					
F19	1	0	2227	8.69330938482	0.247867085766	0.00287693702652	0.000310090455684	926.496396477	598	0.119849415802	264.754916062	35.0769230769	1808.32674164	4	0	0					
F20	1	0	25	39.2	0.4	0.0119537911337	0.000675276503898	1176.06929387	16	0.131174775388	207.895300193	83.8125	1574.56598154	4	0	0					
F21	1	0	2258	9.90876882197	0.28210806023	0.00338310342663	0.000373831431115	904.918754762	689	0.121458678101	278.135030242	35.5384615385	1924.9393043	4	0	0					
F22	1	0	2173	12.1426599172	0.371375977911	0.00362462417935	0.000468651492526	898.00301064	870	0.118486765931	227.870282554	32.7770114943	1623.98974624	4	0	0					
F23	1	0	2080	8.36682692308	0.264423076923	0.00246595557679	0.000339667560253	1010.45767399	601	0.120973952181	267.930667103	31.4975041597	1969.0518736	4	0	0					
F24	1	0	2168	87.3131918819	3.55719557196	0.0330137316912	0.00493185569916	1615.00989593	8324	0.139365617765	431.269172446	24.7268140317	2835.71890055	4	0	0					
G01	1	0	2302	9.01607298002	0.271503040834	0.00292525020322	0.000355754297103	892.897426665	685	0.123115653755	256.785644173	34.0335766423	1836.33225832	4	0	0					
G02	1	0	2021	136.383968333	5.11776348342	0.0838628883863	0.00774091774664	2441.42192843	11052	0.164411335164	902.781124031	26.8166847629	5106.43011262	4	0	0					
G03	1	0	2309	22.4006063231	0.826331745344	0.00645625025451	0.00106921251139	968.97348841	2058	0.119875978948	222.726338516	27.213313897	1720.04193573	4	0	0					
G04	1	0	2283	21.5392028033	0.865089794131	0.00634679740141	0.00117363476376	986.018459381	2108	0.122015511306	231.144365393	25.2775142315	1742.83530871	4	0	0					
G05	1	0	2124	19.7029190207	0.714689265537	0.0064305948245	0.000968716765899	1066.96439559	1628	0.120953467043	272.861415907	28.1167076167	2055.06226388	4	0	0					
G06	1	0	2433	10.4788327168	0.355117139334	0.00362177576725	0.000454180433564	962.339201521	932	0.126060901133	318.73521921	29.6620171674	2141.33710758	4	0	0					
G07	1	0	2340	10.5239316239	0.309401709402	0.00478391531626	0.000398996909774	1059.01762384	780	0.134502106386	459.488717228	33.9717948718	2661.84492567	4	0	0					
G08	1	0	2170	16.0423963134	0.548387096774	0.00545324660619	0.00064078225191	1099.26625338	1283	0.126173867623	355.536859976	29.8932190179	2314.09652065	4	0	0					
G09	1	0	2331	9.22651222651	0.273273273273	0.00401980183718	0.000345122192531	1072.83507773	692	0.135092547165	405.534172538	33.887283237	2432.96581588	4	0	0					
G10	1	0	2045	34.5457212714	1.22347188264	0.00987127738849	0.00152700045997	1186.07017987	2737	0.121995058846	283.955980085	28.5761782974	2105.66581624	4	0	0					
G11	1	0	2317	9.28873543375	0.26715580492	0.0034350097737	0.000333032877619	1116.25009454	657	0.130026122666	379.543661435	34.7853881279	2392.81779057	4	0	0					
G12	1	0	2310	9.7632034632	0.267532467532	0.00359277455327	0.00032951726787	1070.34767445	662	0.128579624668	381.522868652	37.1540785498	2451.20315843	4	0	0					
G13	1	0	2328	11.287371134	0.301116838488	0.00398280680887	0.000374124096403	1072.80207168	768	0.128524139949	354.233360413	37.7760416667	2283.45209795	4	0	0					
G14	1	0	2529	9.91498616054	0.299327797548	0.00355162246932	0.000403482598796	1049.11700212	815	0.126828758658	330.189723144	33.7239263804	2211.40252844	4	0	0					
G15	1	0	2260	11.2314159292	0.326548672566	0.00453746655511	0.000394951977489	1063.33766118	807	0.134402223811	451.051628175	34.6753407683	2721.76252396	4	0	0					
G16	1	0	2348	9.52001703578	0.307495741056	0.00375647716805	0.000400259754069	1069.56715935	791	0.125664123306	393.264301951	30.8672566372	2582.75321819	4	0	0					
G17	1	0	2257	9.17235268055	0.305715551617	0.0032985354162	0.000397518602539	993.560390564	753	0.125075675055	303.170144744	30.6241699867	2016.16132256	4	0	0					
G18	1	0	2388	9.4338358459	0.28810720268	0.00317622300784	0.000365694192153	976.573298635	757	0.123578703793	294.537144185	32.6605019815	1958.50654879	4	0	0					
G19	1	0	2310	10.2168831169	0.293506493506	0.00325096550093	0.000373443897367	952.277504675	717	0.122612829302	270.765079028	35.1422594142	1865.56376116	4	0	0					
G20	1	0	2321	14.43860405	0.450667815597	0.00620127667404	0.000590644858375	1001.99072895	1122	0.126792488949	406.827249613	32.3083778966	2542.2383522	4	0	0					
G21	1	0	2296	9.51698606272	0.293989547038	0.00381944364775	0.000386999502792	918.135191008	729	0.126793086242	315.951754404	32.7448559671	2043.4012836	4	0	0					
G22	1	0	2143	10.0867942137	0.333177788147	0.00336776085436	0.000411766896287	893.25786258	785	0.123910207084	272.98273738	30.5668789809	1847.85985331	4	0	0					
G23	1	0	2234	8.45613249776	0.276186213071	0.00301515397027	0.000342237884305	1060.85564771	677	0.125924167726	343.617541005	30.6203840473	2308.421552	4	0	0					
G24	1	0	1845	112.883468835	4.91382113821	0.0488452683454	0.00659038250307	1698.57205538	9962	0.150020117149	537.327877641	23.115237904	3341.12348135	4	0	0					
H01	1	0	2209	9.9248528746	0.312811226799	0.00318352628009	0.000389863759349	870.87736554	766	0.122269386223	240.415144484	32.1305483029	1676.43396633	4	0	0					
H02	1	0	2292	40.4594240838	1.22993019197	0.0116953597071	0.00166613339763	1088.46418829	3064	0.119045307967	249.739583295	32.8717362924	1958.97597384	4	0	0					
H03	1	0	2265	10.5624724062	0.346136865342	0.00412494829681	0.000489254937733	1001.00211288	847	0.125787026132	314.216933601	30.787485242	2052.27895625	4	0	0					
H04	1	0	2444	10.0380523732	0.343289689034	0.00337065842031	0.000432492806268	961.319882045	910	0.126976238877	328.584086555	29.1142857143	2200.17761278	4	0	0					
H05	1	0	2500	10.1452	0.3268	0.00359111239423	0.000400994566618	996.908105	902	0.127184582055	349.635611995	31.623059867	2229.08415357	4	0	0					
H06	1	0	2421	10.0214787278	0.296571664601	0.00336435049136	0.000393416909288	1066.14477498	756	0.123240338732	316.220803337	34.0740740741	2191.20424234	4	0	0					
H07	1	0	2298	11.3503046127	0.327676240209	0.00467067120248	0.000420398228583	1104.42849272	815	0.131705991054	420.191218379	34.509202454	2647.2914232	4	0	0					
H08	1	0	1826	8.59583789704	0.262322015334	0.00261563612428	0.000259199124051	965.94253567	521	0.126671902063	308.693754293	33.197696737	1987.59384165	4	0	0					
H09	1	0	2317	9.00258955546	0.26586102719	0.00359770307287	0.000354764740367	1029.52160926	654	0.128317854771	473.425799684	33.755351682	2791.28026728	4	0	0					
H10	1	0	1969	17.1076688674	0.469273743017	0.00505988032198	0.000513887151928	1008.73380154	1005	0.12431884377	305.164790378	36.5373134328	2099.84608978	4	0	0					
H11	1	0	2231	10.2160466159	0.282384580905	0.00334003308163	0.000346667679207	1050.68519932	687	0.127114192463	334.509239336	36.404657933	2227.24336185	4	0	0					
H12	1	0	2189	4.70306075834	0.137962539973	0.00244662162469	0.000200433293832	934.502733236	325	0.140757834968	436.321825601	33.9907692308	2512.46184592	4	0	0					
H13	1	0	2308	10.9458405546	0.321057192374	0.00472433322273	0.000416736753458	1032.32294929	809	0.134822235431	415.212737349	34.2731767614	2482.15902971	4	0	0					
H14	1	0	2180	11.8541284404	0.400917431193	0.00383779074271	0.000462177868945	1009.97108324	957	0.122347661846	320.259516522	30.1556948798	2110.97978174	4	0	0					
H15	1	0	2328	20.808419244	0.715635738832	0.00673575274915	0.000886183454723	1069.06074552	1819	0.123420557457	308.843436684	29.2891698736	2141.71004477	4	0	0					
H16	1	0	2220	10.3774774775	0.311711711712	0.00472996394536	0.000398277927954	1083.26086591	732	0.133109219065	509.659664614	33.5355191257	2952.99787344	4	0	0					
H17	1	0	2296	8.20296167247	0.238675958188	0.00250336437765	0.000310259545427	987.143326895	589	0.120465111072	276.144202579	34.2767402377	2000.27051296	4	0	0					
H18	1	0	2288	54.5506993007	2.4173951049	0.0174730398686	0.00324471326758	1110.63264285	5894	0.12834025907	267.726446964	22.835934849	1923.69008151	4	0	0					
H19	1	0	2139	9.07620383357	0.294062646096	0.00330058788161	0.000359504419745	931.909870054	696	0.130373727035	310.006144927	31.5014367816	1929.39365934	4	0	0					
H20	1	0	1550	13.4380645161	0.407741935484	0.00383055319732	0.000343933821592	921.648575134	687	0.130039014688	327.681570009	33.0640465793	2097.77720663	4	0	0					
H21	1	0	2214	11.3938572719	0.307136404697	0.00454955922674	0.000396493983327	932.130498379	733	0.12874671592	340.53719759	37.0450204638	2143.18143418	4	0	0					
H22	1	0	1986	8.59013091641	0.267371601208	0.00323026700937	0.000348077836498	860.419823363	572	0.127720854871	270.450620633	33.020979021	1752.19306125	4	0	0					
H23	1	0	2245	8.9434298441	0.268151447661	0.00292662658862	0.000345301870277	925.46363316	656	0.123387287417	269.866763767	33.2591463415	1871.70103579	4	0	0					
H24	1	0	2112	39.0378787879	1.27462121212	0.0114621179363	0.00166337986909	1026.2582303	2912	0.120530613871	230.907490348	30.6143543956	1774.39930551	4	0	0					
I01	1	0	2220	122.171171171	4.95900900901	0.0545614648762	0.0069881951621	1499.94364309	11755	0.153117169478	460.691264412	24.7576350489	2782.43200796	4	0	0					
I02	1	0	2194	9.17274384686	0.267547857794	0.00282323042505	0.000338490560317	960.334613464	636	0.119052694752	269.017252653	34.8396226415	1960.41307732	4	0	0					
I03	1	0	2306	10.0585429315	0.354726799653	0.00313260523224	0.000444111741302	902.775326961	888	0.120873767325	247.333756538	28.5439189189	1808.5853949	4	0	0					
I04	1	0	2068	9.81866537718	0.276112185687	0.00361299643323	0.000346631247601	938.075167006	632	0.126476019032	318.057233534	35.9699367089	2078.75332747	4	0	0					
I05	1	0	2138	9.57015902713	0.295135640786	0.00330498688542	0.000389099709068	950.875320265	695	0.124838790554	287.870528507	32.8417266187	1922.06886474	4	0	0					
I06	1	0	1644	11.3296836983	0.351581508516	0.00372174380903	0.000430101011817	1010.1418411	660	0.127348250905	332.436911484	33.2818181818	2202.33414547	4	0	0					
I07	1	0	2440	8.83073770492	0.240163934426	0.00265630320187	0.00031109771689	1043.01573247	640	0.120940029089	274.347394065	37	1926.79524706	4	0	0					
I08	1	0	2265	63.7951434879	2.72803532009	0.0236654773454	0.00397190046646	1397.79651634	6668	0.135975078367	375.29150163	23.4643071386	2546.77613747	4	0	0					
I09	1	0	2223	8.36617183986	0.23526765632	0.00299762990339	0.000306486505496	1028.01678751	555	0.126253347086	325.306153373	35.7009009009	2065.39936832	4	0	0					
I10	1	0	2186	9.28453796889	0.305123513266	0.00287954473918	0.000377137517053	1005.99439528	727	0.122297402253	266.62414068	30.5295735901	1884.58165739	4	0	0					
I11	1	0	2138	8.92188961646	0.217492984097	0.00295892028685	0.000282812582458	1044.19419724	500	0.127406515128	353.722203544	41.144	2318.79966672	4	0	0					
I12	1	0	2286	9.76859142607	0.272090988626	0.00305136253555	0.000345345000655	1053.30281066	668	0.123819359452	289.391955949	36.1796407186	1984.6586971	4	0	0					
I13	1	0	2322	11.8057708872	0.332041343669	0.00341530522036	0.000401517777854	1019.10541383	826	0.12120752008	278.134505448	35.7966101695	1973.4712386	4	0	0					
I14	1	0	2286	11.230096238	0.348206474191	0.0037946056424	0.000434601744438	1025.62769684	858	0.125569702451	354.393591344	32.7529137529	2286.68764829	4	0	0					
I15	1	0	241	25.5269709544	0.356846473029	0.00682302347392	0.000427043632289	1017.28469868	97	0.137227905935	236.229204173	71.0618556701	1637.0805582	4	0	0					
I16	1	0	2377	16.1985696256	0.608329827514	0.00478687794568	0.00079706862722	986.710170394	1575	0.118435719698	240.652685948	26.8063492063	1805.82142041	4	0	0					
I17	1	0	2317	8.33318946914	0.285282693138	0.00274343168825	0.000356648131937	1029.41178789	715	0.124192204744	301.823725635	29.358041958	2073.18557782	4	0	0					
I18	1	0	2227	8.49034575662	0.273462056578	0.003052342603	0.000336237860168	973.498063509	670	0.12891092231	338.170177321	31.4134328358	2158.65022817	4	0	0					
I19	1	0	2214	9.72448057814	0.294489611563	0.00386161963121	0.000397547261389	942.045410964	697	0.131169626586	322.629322654	33.0789096126	2023.85508149	4	0	0					
I20	1	0	2247	9.17133956386	0.270137961727	0.00285354845442	0.0003592537111	930.679504897	661	0.120270057712	242.733407692	34.208774584	1726.81228597	4	0	0					
I21	1	0	2201	10.316674239	0.322126306224	0.00327371362008	0.000414169608121	881.707906359	773	0.122811495783	244.998833647	32.0763260026	1738.65600271	4	0	0					
I22	1	0	2182	9.6154903758	0.300183318057	0.00325924664608	0.000397436174062	908.367672424	708	0.121129352166	262.548317049	32.7344632768	1829.3738618	4	0	0					
I23	1	0	2100	111.454285714	4.82571428571	0.0451685081832	0.00663389022761	1397.37469883	10971	0.148838836137	409.685101137	23.3534773494	2554.4538016	4	0	0					
I24	1	0	2000	6.447	0.197	0.00184939997765	0.000242522868837	1092.32762157	436	0.118863051315	298.334624452	33.6926605505	2176.07275303	4	0	0					
J01	1	0	2364	106.248730964	4.22631133672	0.045602945652	0.00627772483329	1592.64499622	10663	0.14620813843	440.734630057	25.2807840195	2795.16818462	4	0	0					
J02	1	0	2459	10.3464823099	0.337128914193	0.00345211878628	0.000433432792847	914.757560041	876	0.121841428499	265.407541855	30.9623287671	1879.47752403	4	0	0					
J03	1	0	2422	9.61932287366	0.293146160198	0.0028239650906	0.000364514036779	922.887666784	760	0.120181939338	247.920345099	32.7894736842	1783.99472071	4	0	0					
J04	1	0	2408	8.83803986711	0.271179401993	0.00294479133674	0.000359464341312	925.846226357	712	0.121241795693	253.575082824	32.3848314607	1806.77013384	4	0	0					
J05	1	0	2343	9.86513017499	0.297055057618	0.00357526059064	0.000386210913825	969.801925683	756	0.124625827636	315.059320066	33.5198412698	2035.97328404	4	0	0					
J06	1	0	2282	9.0411919369	0.305872042068	0.00290007884762	0.00040779456041	950.911838972	756	0.12224930888	241.843301577	29.7235449735	1734.52164321	4	0	0					
J07	1	0	2455	9.06109979633	0.281466395112	0.00300843057043	0.00037407141948	1008.22719368	757	0.122666526521	303.567778119	32.0647291942	2043.47715115	4	0	0					
J08	1	0	2368	8.52322635135	0.246199324324	0.00265313522414	0.000317943784362	984.280017533	656	0.122237774468	260.043279783	35.1951219512	1859.37453902	4	0	0					
J09	1	0	2296	37.2051393728	1.53963414634	0.0108850097802	0.00200998680311	1132.43308324	3823	0.123987375551	258.703212677	24.3771906879	1941.27941689	4	0	0					
J10	1	0	2420	8.09752066116	0.261570247934	0.00296180380105	0.000354951917033	1078.28195055	681	0.124235402441	343.203229728	31.1527165932	2327.41542553	4	0	0					
J11	1	0	2055	17.0763990268	0.560583941606	0.00504198811981	0.000678734892159	1063.31647107	1223	0.123695266324	269.314250799	30.755519215	1956.395296	4	0	0					
J12	1	0	2149	13.3750581666	0.334108887855	0.00365082915708	0.000369790904199	1029.53090119	796	0.127511716332	331.969736787	40.9773869347	2113.49245856	4	0	0					
J13	1	0	2257	8.14443952149	0.27868852459	0.00250923446029	0.000342338473281	1037.91627813	677	0.122491660875	281.06119924	29.3663220089	2027.52828214	4	0	0					
J14	1	0	1018	27.3683693517	0.848722986248	0.00519880810924	0.000812622873638	1031.99134686	929	0.115590370526	195.826111435	32.2777179763	1535.87145855	4	0	0					
J15	1	0	2290	12.192139738	0.372052401747	0.00369721092341	0.000487952824826	976.753701662	930	0.118392690506	249.251191326	33.088172043	1858.4209785	4	0	0					
J16	1	0	2409	10.0875882109	0.29597343296	0.00296165294527	0.00037668753373	950.196838174	771	0.119639620404	244.481176323	34.1569390402	1815.56373552	4	0	0					
J17	1	0	2285	8.40043763676	0.254266958425	0.00218200373461	0.000311866821855	1023.2008739	614	0.117636398414	235.29587075	33.1416938111	1802.94601591	4	0	0					
J18	1	0	2370	9.92320675105	0.334599156118	0.00310354558805	0.000421647025608	951.68649669	853	0.121272899391	270.77897421	30.0504103165	1880.59617319	4	0	0					
J19	1	0	1186	6.9089376054	0.168634064081	0.00292499546298	0.000202169211307	1000.41691823	232	0.142706142905	456.116522736	41.9525862069	2502.91686936	4	0	0					
J20	1	0	2282	10.1801051709	0.281770376862	0.00347018705238	0.000375274170385	906.811455243	697	0.121228373827	272.049312022	36.0989956958	1817.41346007	4	0	0					
J21	1	0	1963	8.82119205298	0.235354049924	0.0032735239104	0.000312511264856	842.878250137	491	0.127537458221	297.407734423	37.533604888	1868.31279845	4	0	0					
J22	1	0	2236	10.189177102	0.304561717352	0.00322992544494	0.000403049757185	889.175513917	737	0.122334995553	246.082608515	33.5115332429	1758.80445435	4	0	0					
J23	1	0	2083	95.0096015362	4.1132981277	0.0378768290528	0.00588412551513	1259.20541788	9282	0.144837196503	355.500718695	23.1902607197	2274.02848227	4	0	0					
J24	1	0	2079	7.20153920154	0.225108225108	0.00218716258515	0.000274659026124	1063.52969517	519	0.12660067834	296.261132049	32.0192678227	2041.00871314	4	0	0					
K01	1	0	2080	109.163461538	4.41394230769	0.0451099185214	0.00635668596705	1686.2999534	10090	0.147484752306	483.529343195	24.9090188305	3012.85650133	4	0	0					
K02	1	0	2195	9.46788154897	0.293849658314	0.00267341468426	0.000371028621784	865.706496638	692	0.117977838473	203.86046543	32.0924855491	1562.44189384	4	0	0					
K03	1	0	2137	10.5877398222	0.328029948526	0.00322977879163	0.000405180816591	950.104875618	738	0.123625319817	249.08940336	32.2777777778	1787.90015709	4	0	0					
K04	1	0	2138	10.6267539757	0.301683816651	0.00406704304106	0.000388940857855	918.559501452	686	0.126233336694	317.131774633	35.4198250729	2102.69098159	4	0	0					
K05	1	0	1933	126.776513192	5.29384376617	0.0596626818039	0.0074811818725	1664.5785472	11077	0.157253148266	532.773209197	24.0158887786	3138.41535923	4	0	0					
K06	1	0	2324	10.324010327	0.337779690189	0.00350005674408	0.000435191713434	1011.59651729	881	0.126544763804	315.314716357	31.103291714	2153.8909649	4	0	0					
K07	1	0	2228	8.20107719928	0.255834829443	0.00300273034947	0.000337361192438	1022.31230237	613	0.12401122368	321.492826492	32.4192495922	2203.31747121	4	0	0					
K08	1	0	2148	8.98277467412	0.266294227188	0.00307867727967	0.000339756530546	1010.76373558	627	0.127743788588	326.972152547	33.6283891547	2087.67416349	4	0	0					
K09	1	0	2104	10.0090304183	0.291349809886	0.00345288648622	0.000361479623076	1023.8488408	668	0.1253954026	309.784592226	34.7949101796	2082.79475349	4	0	0					
K10	1	0	2179	9.95227168426	0.299219825608	0.00304383838627	0.000365920857485	987.196689821	712	0.121677554707	273.747617273	34.2612359551	1885.02210291	4	0	0					
K11	1	0	2366	9.43998309383	0.263313609467	0.00335790521505	0.000340999377826	1037.31360636	660	0.124895460367	317.50172873	35.9848484848	2133.2604995	4	0	0					
K12	1	0	2287	10.4127678181	0.304766069086	0.00308294630265	0.000397083624059	985.718140604	771	0.117096206929	257.419650417	34.5538261997	1874.78006612	4	0	0					
K13	1	0	2316	9.00259067358	0.242227979275	0.00261775974096	0.000298601961488	1035.61367364	609	0.123388586352	288.761968392	37.5697865353	1991.53983859	4	0	0					
K14	1	0	2273	9.13330400352	0.289045314562	0.00338134581379	0.000369265997736	1010.49303121	711	0.126511022322	346.046072648	31.9592123769	2160.18667877	4	0	0					
K15	1	0	2358	11.1255301103	0.306615776081	0.00369562715791	0.000388871088892	1034.65292073	759	0.124122480061	324.20669694	36.6719367589	2177.57662295	4	0	0					
K16	1	0	2419	9.50971475816	0.307565109549	0.00320735525259	0.000401285564354	961.530645682	819	0.124505939858	273.705937426	31.0634920635	1896.09053784	4	0	0					
K17	1	0	2195	8.97585421412	0.268337129841	0.00307545402646	0.000342723233875	991.253074369	644	0.123379017339	326.196854399	34.0031055901	2063.22705891	4	0	0					
K18	1	0	2230	70.3439461883	2.7668161435	0.0234881814429	0.00383812906984	1348.76547162	6624	0.12720407955	324.227603714	25.5529891304	2377.95219491	4	0	0					
K19	1	0	2158	10.0722891566	0.312326227989	0.00339440505201	0.000389748737007	955.456267519	726	0.124035038938	305.984550677	32.9269972452	2096.36743095	4	0	0					
K20	1	0	2258	9.52170062002	0.279450841453	0.00317763619135	0.000382546176573	955.480902917	688	0.123647662511	293.965092712	34.2441860465	1978.13189832	4	0	0					
K21	1	0	1995	10.0030075188	0.300250626566	0.00334484115946	0.000368274638125	868.85635177	662	0.126224243125	288.489835435	33.5181268882	1869.23398895	4	0	0					
K22	1	0	2390	10.1979079498	0.33179916318	0.0029500843113	0.000416567487309	885.333556908	841	0.117613773144	243.278035346	30.887039239	1798.03213257	4	0	0					
K23	1	0	2100	83.8614285714	3.52523809524	0.0284825766385	0.00464851026185	1177.4606274	7929	0.139063027334	321.461855541	24.135956615	2132.60647986	4	0	0					
K24	1	0	2124	8.96468926554	0.279190207156	0.00289405258602	0.000356685286595	915.701033564	647	0.118730638682	250.949362991	32.3214837713	1856.55882339	4	0	0					
L01	1	0	2155	111.002320186	4.55081206497	0.0471114650185	0.00621733887749	1738.36375856	10581	0.148473257175	529.921257209	24.5634628107	3316.8117735	4	0	0					
L02	1	0	2253	124.476253884	5.40035508211	0.0589170798071	0.00789855089206	1578.94382064	13009	0.154837592586	492.127719001	23.2289953109	2962.26964512	4	0	0					
L03	1	0	2238	8.95531724754	0.269436997319	0.00283667246109	0.00035180888427	943.345496978	653	0.122829047439	263.026248102	33.134762634	1813.2803594	4	0	0					
L04	1	0	2222	10.3222322232	0.334833483348	0.00295866040654	0.000384491539779	924.928622773	805	0.11956434155	233.864845375	30.8695652174	1738.15195604	4	0	0					
L05	1	0	2372	9.54258010118	0.283726812816	0.00302543662598	0.000385884659522	944.765722887	742	0.120533298033	256.245003618	33.9770889488	1848.19657421	4	0	0					
L06	1	0	2319	9.07977576542	0.295385942216	0.00293049948453	0.000386213959868	941.979613466	745	0.122334513375	269.775724648	30.5154362416	1856.71498089	4	0	0					
L07	1	0	2124	9.17561205273	0.28813559322	0.00325020787307	0.000375075988798	948.214665114	667	0.123374198659	317.44963242	32.5547226387	2051.90421369	4	0	0					
L08	1	0	2303	8.22405557968	0.254884932696	0.0028464270049	0.000336811723333	994.15693234	638	0.122038781638	315.724812903	32.3181818182	2213.68741035	4	0	0					
L09	1	0	2182	8.10632447296	0.234647112741	0.00272423954444	0.000304340352969	984.184736428	557	0.123096445457	291.37697171	34.7917414722	1986.46822177	4	0	0					
L10	1	0	2299	8.94693344933	0.282296650718	0.00306915231254	0.000355093233781	976.359687783	691	0.123516228797	302.314305274	31.976845152	2041.17489581	4	0	0					
L11	1	0	2260	8.7185840708	0.255309734513	0.00262994330448	0.000314365742152	991.902109439	634	0.120547510765	292.46392435	34.5851735016	2001.53032963	4	0	0					
L12	1	0	2242	9.4732381802	0.277430865299	0.00303034451294	0.000344380826948	952.308082887	678	0.123236294269	273.724572345	34.3436578171	1885.03847425	4	0	0					
L13	1	0	2216	7.48104693141	0.215252707581	0.00220093163414	0.000284519722119	976.4442236	534	0.116175891707	244.123529647	34.9269662921	1824.26933383	4	0	0					
L14	1	0	2253	10.7554371949	0.30758988016	0.00333352888258	0.000373689325457	974.21593138	744	0.121228040884	276.95613904	35.3400537634	1959.70756109	4	0	0					
L15	1	0	2352	8.3112244898	0.259353741497	0.00289815350613	0.000342047811463	954.095495625	658	0.124460382267	283.721005936	32.0896656535	1972.01026816	4	0	0					
L16	1	0	2110	9.52227488152	0.283412322275	0.00356204660893	0.000380240493579	962.272665072	649	0.12594189672	289.526480924	33.7673343606	1900.37706854	4	0	0					
L17	1	0	2143	9.69108726085	0.317778814746	0.00362186327759	0.00041326321178	975.282807443	750	0.130925417275	359.6862353	30.524	2158.30329036	4	0	0					
L18	1	0	2285	9.21487964989	0.322100656455	0.00294349626312	0.000406852499749	942.42908836	797	0.122456896328	276.576797263	29.0288582183	1917.59824896	4	0	0					
L19	1	0	2376	8.88131313131	0.256313131313	0.00271768791162	0.000330261824787	904.821069806	645	0.117507315727	241.241220252	34.7441860465	1824.60477142	4	0	0					
L20	1	0	2209	8.63648709823	0.260751471254	0.00305969934589	0.000347315032666	981.881410203	628	0.121127121574	262.495835989	33.5366242038	1745.12946302	4	0	0					
L21	1	0	2300	8.68173913043	0.275652173913	0.00281308177403	0.000363558325651	895.84539312	696	0.120816968665	258.939974757	32.2859195402	1762.30144568	4	0	0					
L22	1	0	2225	9.76224719101	0.343370786517	0.00298372893901	0.000434345478464	873.645580051	846	0.120561283848	231.363342696	28.4479905437	1670.33467579	4	0	0					
L23	1	0	1992	118.503012048	4.77610441767	0.0591424989349	0.00672040495839	1835.24466479	10208	0.153688399641	617.904033921	25.1898510972	3708.37999645	4	0	0					
L24	1	0	2275	114.693626374	4.85846153846	0.0488816413303	0.00695844039408	1479.18069604	12034	0.150317090952	432.304409661	23.7475486123	2666.29905564	4	0	0					
M01	1	0	2195	63.6364464692	2.07881548975	0.0217523716012	0.00285235005485	1315.33150663	4915	0.125795316757	323.007800025	30.5676500509	2433.5282887	4	0	0					
M02	1	0	1996	94.5350701403	3.73647294589	0.0334277121716	0.0049710455569	1517.43851777	7987	0.141033446942	412.201414136	25.3623388006	2717.16036646	4	0	0					
M03	1	0	2153	10.1411983279	0.304691128658	0.00294351163329	0.000382949346959	906.939453515	692	0.120966699628	239.948846285	33.5202312139	1748.17701053	4	0	0					
M04	1	0	2355	8.63354564756	0.246709129512	0.00270800631329	0.000331928143628	927.68829786	630	0.119725074939	235.77881501	35.4476190476	1756.15696913	4	0	0					
M05	1	0	2093	9.9751552795	0.300047778309	0.00311866126774	0.00035487751347	924.942931948	675	0.121286340828	253.136048055	33.2948148148	1797.99637141	4	0	0					
M06	1	0	2289	10.9213630406	0.367409349061	0.00422822995566	0.000483586380612	990.790285908	894	0.128583336941	324.87077542	30.0167785235	2076.56545961	4	0	0					
M07	1	0	2193	13.3725490196	0.453260373917	0.00423574952956	0.000635622265296	899.213270926	1074	0.117127058096	221.445969055	29.8016759777	1663.79058022	4	0	0					
M08	1	0	2189	9.47693010507	0.265417999086	0.00345308607586	0.000344459395602	995.721120061	615	0.127393883595	361.597390843	35.8357723577	2321.82844779	4	0	0					
M09	1	0	2126	8.23753527752	0.228127939793	0.00354535821411	0.000315524928299	1007.27855916	521	0.132547389654	433.007578081	35.9347408829	2573.13658261	4	0	0					
M10	1	0	2143	8.03313112459	0.269248716752	0.00284220043455	0.000331175512656	975.696471	622	0.125711846808	325.956488569	29.88585209	2088.59954501	4	0	0					
M11	1	0	2246	7.6749777382	0.218165627783	0.00245976716704	0.000287963716725	996.913108932	530	0.1213480671	275.669798085	35.2698113208	1972.29072619	4	0	0					
M12	1	0	2271	9.11052399824	0.269925143109	0.00352486274322	0.00036001415898	1080.70109519	659	0.126740543894	350.435753251	33.746585736	2228.20988115	4	0	0					
M13	1	0	2224	8.65332733813	0.272931654676	0.00295399978655	0.000365707756217	979.966659145	650	0.124279523632	280.617000205	32.0630769231	2001.37273203	4	0	0					
M14	1	0	2474	8.99191592563	0.267178658044	0.00344705467733	0.000365408377941	1038.72977488	740	0.12752634466	340.345720454	33.1878378378	2220.82577395	4	0	0					
M15	1	0	2357	7.93211709801	0.240560033941	0.00251549306022	0.000311204592634	980.834704164	635	0.119463584266	282.360597106	33.7937007874	1993.05293945	4	0	0					
M16	1	0	2370	8.94810126582	0.2805907173	0.00351261743573	0.000371433441372	986.079798447	708	0.127749944026	329.833426405	32.5395480226	2123.39717175	4	0	0					
M17	1	0	2294	8.30514385353	0.275501307759	0.00294201714703	0.000369848113838	987.70304715	691	0.120627940251	298.406309924	29.979739508	2169.10472661	4	0	0					
M18	1	0	2247	8.43257676903	0.24699599466	0.00290117658825	0.000321737788782	993.798075005	594	0.124687336882	317.95722025	33.8367003367	2082.50477909	4	0	0					
M19	1	0	2152	8.67843866171	0.276486988848	0.00296450141848	0.000357971380081	998.12010299	650	0.126440024215	312.455073283	31.6784615385	2078.84449363	4	0	0					
M20	1	0	2163	8.73925104022	0.29680998613	0.00272716499739	0.000395039948451	939.750426948	701	0.121404426366	270.462021991	29.6961483595	1841.55264315	4	0	0					
M21	1	0	2187	8.2085048011	0.246913580247	0.00296747768337	0.000333800709481	920.926141163	590	0.119991380154	271.836584615	33.5813559322	1875.36410777	4	0	0					
M22	1	0	2200	10.3222727273	0.317727272727	0.00328466061142	0.000430536905143	928.910892449	734	0.119803804727	246.159221171	32.7534059946	1815.3312221	4	0	0					
M23	1	0	2231	55.243388615	1.73644105782	0.0169990022059	0.00228367622842	1178.99746158	4180	0.121648789426	276.440408192	32.1485645933	2138.34183808	4	0	0					
M24	1	0	2002	107.435564436	4.57592407592	0.0432925107337	0.00639442400408	1372.56238016	10054	0.146736379716	392.297099551	23.7523373782	2485.41117971	4	0	0					
N01	1	0	2177	10.5525953147	0.310059715204	0.00332296167109	0.000372109771187	913.704393377	727	0.124604818351	276.197645222	34.3136176066	1868.82468548	4	0	0					
N02	1	0	2216	96.6213898917	3.75	0.0377080876869	0.00529049732796	1299.25055843	9047	0.144875953189	375.440488341	25.97634575	2376.3448115	4	0	0					
N03	1	0	2064	10.671996124	0.316860465116	0.00338037874398	0.000385776630108	901.003190725	709	0.119934454529	253.290354201	33.5853314528	1799.93206008	4	0	0					
N04	1	0	2099	9.85802763221	0.303001429252	0.00355427125915	0.000391537123004	930.93606767	692	0.12549336646	323.275388363	32.4523121387	2199.79827033	4	0	0					
N05	1	0	2000	10.3855	0.297	0.00305359618755	0.000347352747682	956.906315484	640	0.122981023268	256.814842115	34.9875	1846.65127013	4	0	0					
N06	1	0	2179	8.17026158788	0.262964662689	0.00252220503339	0.000345522757088	895.740185045	624	0.119221576126	246.463056094	31.129807692299998	1774.30923345	4	0	0					
N07	1	0	1944	7.52932098765	0.22170781893	0.0027448676965	0.00028793810208	924.056195307	470	0.127534622548	275.057676826	34.2	1821.93086011	4	0	0					
N08	1	0	2005	9.0783042394	0.270822942643	0.00300725679312	0.000331183257246	991.984193327	602	0.123685009881	283.922218498	33.3887043189	1952.15259901	4	0	0					
N09	1	0	2142	10.0434173669	0.297385620915	0.00349256192764	0.000388305107334	981.971439857	688	0.122566349401	309.308774539	33.6627906977	2119.90108241	4	0	0					
N10	1	0	2161	7.11383618695	0.221193891717	0.00221968834709	0.000292153151787	958.213664349	525	0.118814381213	272.612832233	32.3866666667	1997.05338819	4	0	0					
N11	1	0	2080	9.36826923077	0.275	0.0029554270683	0.000333660952407	998.978967178	619	0.124301584267	292.295286393	33.9806138934	1949.56693381	4	0	0					
N12	1	0	2224	8.73426258993	0.256294964029	0.00303250009418	0.000313734694664	1014.44934789	618	0.130051395882	356.425316706	34.8640776699	2312.90623011	4	0	0					
N13	1	0	1828	7.94037199125	0.231947483589	0.00244958049502	0.000285507788876	965.586370853	469	0.119798038628	264.270221474	35.3411513859	1874.12991339	4	0	0					
N14	1	0	2069	8.89173513775	0.289028516191	0.00275720669354	0.00034513925726	949.53142464	642	0.123962864151	319.439276741	30.8753894081	2298.54529714	4	0	0					
N15	1	0	1989	9.29512317748	0.259929612871	0.00313505040473	0.000339039050359	967.726264493	548	0.123823115342	305.034221233	35.6587591241	2122.15702913	4	0	0					
N16	1	0	2078	8.74109720885	0.253609239654	0.00320886227866	0.000312545159681	959.048739715	571	0.131631381007	340.334123966	34.4185639229	2080.57792518	4	0	0					
N17	1	0	762	22.280839895	0.716535433071	0.00524516351344	0.000623281948953	1009.21291343	604	0.124043738255	308.103894981	31.4900662252	2069.3397251	4	0	0					
N18	1	0	2023	8.62778052397	0.240237271379	0.0030511083809	0.000324200208281	905.005299072	537	0.126524868613	321.932988316	35.7281191806	2101.7718216	4	0	0					
N19	1	0	1984	9.13961693548	0.25252016129	0.00288677866065	0.00032541685119	914.818918192	550	0.124956951206	277.251510929	35.8490909091	1949.70089989	4	0	0					
N20	1	0	2171	11.176416398	0.382772915707	0.00381429167409	0.000491632435506	928.715112927	901	0.124977517625	263.030035891	29.1975582686	1820.98387286	4	0	0					
N21	1	0	2216	9.82039711191	0.295577617329	0.00305676641795	0.000376835499421	891.251986373	718	0.120730796559	247.668027095	33.5766016713	1766.03675347	4	0	0					
N22	1	0	2153	13.7840222945	0.457036692987	0.00406194027604	0.000576919738374	878.367130936	1052	0.119867079098	212.547162397	30.2680608365	1584.85529705	4	0	0					
N23	1	0	1947	9.42218798151	0.28043143297399997	0.00270175080568	0.000331817107351	908.136088019	586	0.121718660732	262.117223271	33.9078498294	1846.93317008	4	0	0					
N24	1	0	1889	93.0884065643	3.66596082583	0.0328234444632	0.0048630627986	1317.67069808	7520	0.139808712939	359.841684685	25.5478723404	2369.38549416	4	0	0					
O01	1	0	1935	8.48733850129	0.26976744186	0.0025644416975	0.000329411712379	966.839275091	560	0.121525165244	286.44634713	31.4321428571	2045.61166359	4	0	0					
O02	1	0	1693	139.804489073	5.48789131719	0.0873482633557	0.00821680592288	2722.63848117	10011	0.167449204002	1024.3268461	25.763659974	5752.52278157	4	0	0					
O03	1	0	2048	10.46875	0.31884765625	0.00362835052983	0.000425193653399	945.628249996	718	0.1245447319	269.01381838	32.9902506964	1857.71946257	4	0	0					
O04	1	0	2132	11.3771106942	0.321763602251	0.00376436145394	0.000432105590203	957.934742285	747	0.123082959813	274.934923406	35.2556894244	1953.44722297	4	0	0					
O05	1	0	2318	9.75323554789	0.276531492666	0.00315323075178	0.000355651420533	1003.4627175	690	0.124860468771	292.022253926	35.1072463768	2015.37202893	4	0	0					
O06	1	0	2125	12.4230588235	0.391058823529	0.00418740998322	0.000477976070005	963.957120352	902	0.124318128269	297.152934645	31.7505543237	2053.33837848	4	0	0					
O07	1	0	2112	9.51231060606	0.27509469697	0.00312507313522	0.000352890314635	993.820173662	638	0.121871403737	292.422868501	34.0062695925	2037.14803779	4	0	0					
O08	1	0	2033	8.11608460403	0.251844564683	0.00306042343232	0.000318573656848	1032.2289683	567	0.132172703886	385.300949181	32.0599647266	2374.39379262	4	0	0					
O09	1	0	1889	8.01058761249	0.239809422975	0.0027492791622	0.000316348610079	949.761980991	482	0.12164779834	265.69999988	33.856846473	1891.30797979	4	0	0					
O10	1	0	2115	10.5517730496	0.304964539007	0.00310334320732	0.000379663002256	966.812775614	687	0.123228854093	259.334675625	34.8224163028	1850.68341772	4	0	0					
O11	1	0	2108	7.76280834915	0.23055028463	0.00263264701982	0.000297596640343	1020.38526339	516	0.121521531976	290.692989613	34.1666666667	2023.02798941	4	0	0					
O12	1	0	2317	8.28528269314	0.249028916703	0.0028193614461	0.000337695499749	1076.64967031	611	0.124349196914	314.675248364	33.1309328969	2117.10890604	4	0	0					
O13	1	0	2032	9.26476377953	0.228838582677	0.00261360904108	0.000292976988701	1041.93533656	505	0.12273340712	305.592868671	40.4752475248	2070.87445495	4	0	0					
O14	1	0	2063	7.39166262724	0.208434318953	0.00276762018674	0.000266937602473	976.366277151	477	0.125550274362	346.636736108	35.0880503145	2213.38003056	4	0	0					
O15	1	0	2194	8.20829535096	0.233819507748	0.00286031160738	0.000290537821515	989.490225938	538	0.127545190126	315.118140734	35.470260223	2048.49977989	4	0	0					
O16	1	0	2172	11.1431860037	0.282228360958	0.00344249473743	0.000396145784287	1017.93686808	644	0.117883964445	268.215042888	39.3354037267	1896.0850199	4	0	0					
O17	1	0	2020	7.94455445545	0.233168316832	0.00268594948992	0.00029245617127	1047.26913534	494	0.126908918245	335.743592935	33.9149797571	2254.70294627	4	0	0					
O18	1	0	2033	9.6325627152	0.272011805214	0.00301681090367	0.000345630295447	963.078161916	601	0.122660791915	289.88003228	35.2978369384	2011.50900779	4	0	0					
O19	1	0	1861	8.79258463192	0.263299301451	0.0029844838956	0.000325716583399	959.266756481	542	0.127686166593	322.57013126	33.2195571956	2085.53116208	4	0	0					
O20	1	0	1936	10.7908057851	0.26652892562	0.0034417568202	0.0003469826246	915.025681879	564	0.124000748183	279.019843475	40.3421985816	1922.7843284	4	0	0					
O21	1	0	2014	14.0829195631	0.442899702085	0.00455771353966	0.000510338065235	977.965716254	973	0.125904119159	324.728593404	31.4594039054	2135.79201751	4	0	0					
O22	1	0	17	209.117647059	5.23529411765	0.0119894076059	0.000624981685713	937.895193978	98	0.128709567721	284.797908111	42.1734693878	1947.09758451	4	0	0					
O23	1	0	1735	9.89913544669	0.28242074928	0.00315647721025	0.000357173529929	910.782608126	522	0.121544228322	261.537652489	35.3831417625	1791.99835692	4	0	0					
O24	1	0	1829	119.0956807	4.86550027337	0.0535297858942	0.00665486812444	1717.38621383	9676	0.150389146127	548.130419624	24.6067589913	3374.27086705	4	0	0					
P01	1	0	1971	10.4875697615	0.287163876205	0.00299378946845	0.000344867771116	1020.20637078	626	0.125794685928	312.797146289	35.9361022364	2100.75784628	4	0	0					
P02	1	0	2006	41.2058823529	1.30309072782	0.0119781938105	0.0016880367665	1128.98146004	2838	0.119255623462	255.169673092	31.6680761099	1988.90048719	4	0	0					
P03	1	0	1959	10.8718734048	0.321592649311	0.00314541089218	0.000390454449983	900.736634572	687	0.120355825611	231.739059152	34.1411935953	1679.32084746	4	0	0					
P04	1	0	1892	8.69503171247	0.235200845666	0.002872138673	0.000302694298277	916.124312774	486	0.122661606832	300.822929317	36.804526749	1895.79117206	4	0	0					
P05	1	0	2117	9.472838923	0.275389702409	0.00287797511586	0.000361995903285	914.410782581	618	0.121035410175	232.953493362	34.2216828479	1717.02858081	4	0	0					
P06	1	0	2118	9.66147308782	0.267233238905	0.00308846250811	0.000356391140316	940.384035015	610	0.121022874625	268.788858587	36.5049180328	1826.20013025	4	0	0					
P07	1	0	2124	13.0320150659	0.36581920904	0.003958436429	0.00045875992563	976.414113943	838	0.119477847508	260.616683874	35.4116945107	1902.57007509	4	0	0					
P08	1	0	304	19.1842105263	0.289473684211	0.00588547255997	0.000328491694458	937.851776903	96	0.143209809129	337.47318219	65.1354166667	2012.77414065	4	0	0					
P09	1	0	2022	8.24480712166	0.222057368942	0.00306320345058	0.000298404431073	988.204718774	486	0.128903199268	344.389814067	37.6851851852	2148.30995199	4	0	0					
P10	1	0	1891	8.85404547858	0.257535695399	0.00398738370876	0.000343228931837	903.71531945	525	0.129022470539	313.805345968	34.5466666667	1929.90527212	4	0	0					
P11	1	0	2220	9.06846846847	0.254954954955	0.00285514503771	0.000321774392718	949.138780206	619	0.122509706966	266.174363975	36.4765751212	1781.51981479	4	0	0					
P12	1	0	1982	7.92835519677	0.240161453078	0.00270705106528	0.00031597155859	1032.92973548	513	0.126747435489	352.752830601	33.9668615984	2277.18021069	4	0	0					
P13	1	0	2115	6.27848699764	0.1768321513	0.00197376151607	0.000228750217292	1081.37960996	409	0.119513438419	266.579540672	36.2542787286	1995.12333258	4	0	0					
P14	1	0	1883	6.84599044079	0.185342538502	0.002134753518	0.000252597226452	991.779427183	380	0.121760221179	270.535738807	37.6947368421	1928.94888456	4	0	0					
P15	1	0	100	49.99	0.78	0.011491517722	0.000874569615116	3414.1044971	176	0.14071878414	1002.10091044	45.0965909091	6842.16417529	4	0	0					
P16	1	0	1762	3.53972758229	0.0964812712826	0.00181865609049	0.000135610324006	928.611041996	187	0.145824245349	381.8567851	37.2085561497	2104.73639778	4	0	0					
P17	1	0	2105	7.41140142518	0.225178147268	0.00259365122863	0.000307502969145	940.720752792	515	0.123735398992	279.635013515	33.4485436893	1901.94018803	4	0	0					
P18	1	0	2093	9.60582895366	0.259913999044	0.00327600143614	0.000354140853124	997.100646477	583	0.120562175964	298.324861158	37.3018867925	2049.44370528	4	0	0					
P19	1	0	309	128.339805825	3.32038834951	0.0693426003492	0.00581320625968	1847.7419936	1073	0.154148852992	584.548674354	38.8406337372	3448.43901576	4	0	0					
P20	1	0	1549	11.5364751453	0.351839896708	0.003714494036	0.000399632550391	1120.8009396	594	0.126123863257	342.429002492	33.1481481481	2294.28550381	4	0	0					
P21	1	0	1317	10.1237661352	0.315110098709	0.00269513515731	0.000305393563545	848.964144135	465	0.123675095937	252.076484366	33.1096774194	1800.84025511	4	0	0					
P22	1	0	1224	6.88153594771	0.202614379085	0.00326536556515	0.000201551318943	863.952463706	282	0.151863250145	408.483816076	34.1560283688	2062.38482814	4	0	0					
P23	1	0	1937	9.07795560145	0.252968508002	0.00278088136483	0.000319712975109	969.98251001	520	0.118977211641	245.658022945	35.9557692308	1774.83907449	4	0	0					
P24	1	0	2022	22.7289812067	0.670623145401	0.006205120637	0.000847068378113	1687.89405942	1485	0.116010725089	384.295644757	34.0754208754	2966.42283744	4	0	0					
