Well,Plane,Timepoint,Cell Selected - Number of Objects,Cell Selected - Total Spot Area - Mean per Well,Cell Selected - Number of Spots - Mean per Well,Cell Selected - Relative Spot Intensity - Mean per Well,Cell Selected - Number of Spots per Area of Cytoplasm - Mean per Well,Cell Selected - Intensity Cytoplasm Mean - Mean per Well,Spots Selected - Number of Objects,Spots Selected - Relative Spot  Intensity - Mean per Well,Spots Selected - Corrected Spot  Intensity - Mean per Well,Spots Selected - Spot Area [px²] - Mean per Well,Spots Selected - Intensity Spot Mean - Mean per Well,Number of Analyzed Fields,Height [µm],Time [s],Compound,Concentration,Cell Type,Cell Count,
A01,1,0,2128,117.662593985,4.55780075188,0.0451296799344,0.00612153894058,1804.49012771,10433,0.147227152202,512.043234968,26.0347934439,3203.16361546,4,0,0,,,,,
A02,1,0,2179,11.9233593391,0.339605323543,0.00487034162961,0.000418426844312,1021.40725124,804,0.134923516582,373.713204062,34.9788557214,2249.56687546,4,0,0,,,,,
A03,1,0,2237,11.0295037997,0.398748323648,0.00305682165016,0.000483828740208,955.25758667,959,0.11675509686,228.955070048,28.3211678832,1706.12073775,4,0,0,,,,,
A04,1,0,2509,10.6472698286,0.371861299322,0.00291665501637,0.000452820330548,970.189279735,1019,0.121834940254,240.291317252,29.1854759568,1723.37536284,4,0,0,,,,,
A05,1,0,2328,10.7156357388,0.310567010309,0.00331691325917,0.000383886540123,988.004698698,771,0.12008987396,272.26433806,34.5071335927,1866.35637711,4,0,0,,,,,
A06,1,0,2361,9.87208809826,0.287166454892,0.00317023693941,0.000396020313542,954.141697921,747,0.121292452285,253.929763238,34.4578313253,1782.89421198,4,0,0,,,,,
A07,1,0,2197,12.3773327264,0.362767410105,0.00357329029253,0.000448232479846,1019.57488464,859,0.120263697505,259.489391702,34.6519208382,1847.04332972,4,0,0,,,,,
A08,1,0,2253,15.3093652907,0.492676431425,0.00457588965922,0.000612844409192,1073.44178222,1208,0.122724283116,318.179485794,32.4362582781,2199.89492544,4,0,0,,,,,
A09,1,0,2303,10.074250977,0.306556665219,0.00298321639201,0.000371468251449,1008.65021385,762,0.119601890167,262.236918925,33.2664041995,1834.61665801,4,0,0,,,,,
A10,1,0,2223,10.8825910931,0.320287899235,0.00377112691776,0.000411624345854,1040.62703154,753,0.1261217606,304.896289786,34.6852589641,1986.98152587,4,0,0,,,,,
A11,1,0,2106,7.68660968661,0.202754036087,0.00249398762242,0.000252198962495,1021.9135091,456,0.126947782763,319.022692938,38.8815789474,2037.15820369,4,0,0,,,,,
A12,1,0,2130,39.0779342723,1.51690140845,0.0114021682759,0.00190517988232,1177.05403763,3483,0.124705692743,287.361771353,26.0657479185,2134.4662706,4,0,0,,,,,
A13,1,0,2322,9.43841515935,0.301033591731,0.00330619672113,0.000392153746686,1121.63118699,753,0.125123727247,327.484466332,31.5444887118,2213.82488835,4,0,0,,,,,
A14,1,0,2329,5.55689136969,0.153284671533,0.00206738536842,0.000202845203126,1203.91407311,394,0.128967215459,426.450601567,37.6827411168,2504.84990684,4,0,0,,,,,
A15,1,0,2339,24.3044035913,0.848225737495,0.00670009283963,0.00109988990051,1106.29229519,2142,0.12004113514,253.188984128,28.7016806723,1956.05177765,4,0,0,,,,,
A16,1,0,2370,8.80210970464,0.270042194093,0.00308961377372,0.000357255011498,1081.80526262,672,0.125444617092,311.587015478,32.4285714286,2093.11587456,4,0,0,,,,,
A17,1,0,2255,9.52549889135,0.292239467849,0.00310155799261,0.000357091721682,1056.9231861,717,0.124549906239,280.648790881,33.1046025105,1911.43026108,4,0,0,,,,,
A18,1,0,2487,8.75432247688,0.263369521512,0.00269083396235,0.000342045556999,1024.64222283,704,0.119802217651,263.190664619,33.1931818182,1883.24923811,4,0,0,,,,,
A19,1,0,2287,8.76257105378,0.269348491474,0.00312151845947,0.000343682721687,978.630880902,668,0.126088975321,323.486397418,33.0299401198,2035.46862056,4,0,0,,,,,
A20,1,0,2223,10.0481331534,0.309041835358,0.00305706457582,0.000397927196039,959.8649769,752,0.118977402911,238.827165186,32.8364361702,1729.59105295,4,0,0,,,,,
A21,1,0,2094,10.4250238777,0.305157593123,0.00328574680405,0.000366914550857,980.058158389,694,0.117495957911,253.05822096,34.378962536,1816.92709485,4,0,0,,,,,
A22,1,0,2389,11.2339891168,0.337798241942,0.00350463966544,0.000423084675133,941.281881929,864,0.120238192545,261.12821836,33.5671296296,1861.07775606,4,0,0,,,,,
A23,1,0,2027,129.533793784,5.8327577701,0.059671262078,0.00801496062335,1661.874033,12798,0.156905526412,528.29323183,22.3987341772,3110.36471624,4,0,0,,,,,
A24,1,0,2091,11.7977044476,0.370636059302,0.00377827451505,0.000461789735981,933.936134307,835,0.121973614295,246.203879571,31.6155688623,1723.44886515,4,0,0,,,,,
B01,1,0,2107,149.615567157,5.79639297579,0.0732906616918,0.00819669609875,1987.36623391,13173,0.15983419872,630.508161096,25.9489865634,3626.50603791,4,0,0,,,,,
B02,1,0,2305,10.8438177874,0.346203904555,0.00358848170072,0.00043155197223,1005.55021482,859,0.122135187082,279.017879343,31.641443539,1947.9207366,4,0,0,,,,,
B03,1,0,2321,9.91469194313,0.350280051702,0.0031894248089,0.000461184121569,1003.49729884,870,0.121143441605,258.562951656,28.5540229885,1872.24237314,4,0,0,,,,,
B04,1,0,2215,9.03566591422,0.290293453725,0.00299519736778,0.000395138933716,1031.04382507,708,0.117492393511,261.805698373,31.2203389831,1933.31623654,4,0,0,,,,,
B05,1,0,2151,9.55230125523,0.28079962808,0.00279506214581,0.000342519464399,1051.42538814,658,0.121189597478,285.760741702,34.0714285714,1980.95360723,4,0,0,,,,,
B06,1,0,2131,10.3618019709,0.302674800563,0.00286852355728,0.000368406430839,1037.70316758,704,0.121854279645,274.388937542,34.7485795455,1927.3119425,4,0,0,,,,,
B07,1,0,2268,10.5145502646,0.351851851852,0.00314566635574,0.000436130515881,1025.77613299,870,0.117855203148,263.041113636,29.9908045977,1900.63362881,4,0,0,,,,,
B08,1,0,2138,9.77128157156,0.298877455566,0.00272625663935,0.000378380458729,1027.08632365,686,0.11824846543,245.09068322,33.0801749271,1846.10547033,4,0,0,,,,,
B09,1,0,2124,8.74435028249,0.247175141243,0.00300121329259,0.00035360691896,1044.44108263,551,0.121851536892,280.204162418,35.4083484574,1938.63485434,4,0,0,,,,,
B10,1,0,2154,38.7376973073,1.5199628598,0.0118537234198,0.00204110355264,1181.69401756,3571,0.124883375509,274.103244456,25.6535984318,2030.38889159,4,0,0,,,,,
B11,1,0,2100,14.9904761905,0.488095238095,0.00424165875734,0.000591123561372,1060.550029,1123,0.119087084388,258.66955552,31.0845948353,1927.44725612,4,0,0,,,,,
B12,1,0,2289,8.57579729139,0.230668414155,0.00289243804202,0.000284538796285,1056.96414619,569,0.123360998896,323.460121924,37.5676625659,2156.57972133,4,0,0,,,,,
B13,1,0,2191,33.609310817,1.28571428571,0.00886023512634,0.0015733392975,1170.71966235,3025,0.121077922248,264.15137837,26.3804958678,1988.66939016,4,0,0,,,,,
B14,1,0,1354,132.768833087,4.57976366322,0.0652842130599,0.00706851421351,1956.86626179,6583,0.148101042505,561.331833627,29.3018380678,3581.33655927,4,0,0,,,,,
B15,1,0,2214,9.80397470641,0.301716350497,0.00296159651969,0.000395460232569,1012.01166079,718,0.119426549694,255.336112116,32.778551532,1883.46466214,4,0,0,,,,,
B16,1,0,2133,10.4903891233,0.319737458978,0.00257662585195,0.000373104564199,957.416242034,736,0.115908821532,219.455204295,32.9904891304,1664.10627802,4,0,0,,,,,
B17,1,0,1088,76.3134191176,2.26470588235,0.0475211164372,0.00466555884139,1407.99888843,2609,0.150482251022,430.979340089,34.0663089306,2652.09736281,4,0,0,,,,,
B18,1,0,2173,8.87896916705,0.293603313392,0.00284659768317,0.000377980061558,995.145455487,685,0.120076806607,283.325902724,30.5664233577,2055.25853003,4,0,0,,,,,
B19,1,0,2191,8.74075764491,0.298037425833,0.00247339446483,0.000376257594186,1107.39697892,702,0.117914209728,261.38416168,29.3760683761,1986.40756656,4,0,0,,,,,
B20,1,0,2243,9.02897904592,0.271957200178,0.00257517222805,0.000345079797928,969.124171198,641,0.118595296432,232.807381303,33.8424336973,1725.53514957,4,0,0,,,,,
B21,1,0,2249,33.7718986216,1.39795464651,0.00903142605387,0.00175924011124,1030.76860147,3330,0.122544172771,229.444399936,24.3195195195,1762.73359729,4,0,0,,,,,
B22,1,0,2105,38.6817102138,1.59144893112,0.00964287792807,0.00189523892735,993.227093733,3635,0.12060017588,214.164928577,24.3147180193,1659.25026548,4,0,0,,,,,
B23,1,0,2071,111.344278127,5.20280057943,0.0448961800027,0.00695972668037,1378.7904039,11636,0.14978978781,408.099489776,21.6700756274,2520.59067299,4,0,0,,,,,
B24,1,0,2092,11.9631931166,0.386233269598,0.00380831125998,0.000482946845226,891.109094145,879,0.124717414476,242.44873218,31.8054607509,1670.52716301,4,0,0,,,,,
C01,1,0,2219,138.247859396,5.37359170798,0.0678778973168,0.00783531588873,1957.82800329,12890,0.157201111165,614.933643766,26.0029480217,3610.49955103,4,0,0,,,,,
C02,1,0,2370,11.3848101266,0.37552742616,0.00369448914688,0.000480509124138,970.824362605,958,0.119378416465,259.403761969,30.388308977,1852.94256699,4,0,0,,,,,
C03,1,0,2474,12.6224737268,0.384397736459,0.00371021736868,0.00046297187683,1011.73208159,1037,0.12111661944,260.506485296,33.1031822565,1830.41793699,4,0,0,,,,,
C04,1,0,2449,9.82155982033,0.291547570437,0.00330446202735,0.000379567447669,994.643074233,773,0.118281427922,265.013493893,33.6895213454,1838.69350425,4,0,0,,,,,
C05,1,0,1849,10.4824229313,0.336398053002,0.00264909375805,0.00033149645256,987.453223521,674,0.116576609111,254.487388848,31.4510385757,1822.28309273,4,0,0,,,,,
C06,1,0,2350,9.59276595745,0.293191489362,0.00326232451433,0.000366508112874,1037.05488654,736,0.122621033723,310.590174305,33.1983695652,2082.7750636,4,0,0,,,,,
C07,1,0,2385,13.1262054507,0.324109014675,0.00403533532217,0.000451176824972,1091.92478897,826,0.118697108381,273.307385238,40.5677966102,1952.16025395,4,0,0,,,,,
C08,1,0,2397,9.85857321652,0.300792657489,0.00324500006759,0.000407229121219,1042.59005679,786,0.118342841607,264.20735341,32.7175572519,1943.20744958,4,0,0,,,,,
C09,1,0,2330,50.7768240343,2.05793991416,0.0144010036686,0.00264349972665,1128.88793429,5119,0.126655293876,253.298970415,24.7429185388,1868.88541104,4,0,0,,,,,
C10,1,0,2337,8.00042789902,0.22379118528,0.00247545853583,0.000297120242518,1033.63376569,556,0.115785129145,247.932465356,35.8255395683,1877.59883138,4,0,0,,,,,
C11,1,0,2317,9.07078118256,0.29391454467,0.00333813636202,0.000403092700645,1077.66616989,720,0.122000765389,304.701920714,30.8833333333,2045.98436142,4,0,0,,,,,
C12,1,0,2352,7.31760204082,0.22619047619,0.0023931806303,0.000297345539081,1026.26646912,566,0.121318517834,281.893966677,32.9717314488,1918.08196864,4,0,0,,,,,
C13,1,0,1639,28.9475289811,0.852348993289,0.00990221146771,0.00119741079631,1197.47440025,1480,0.127665195286,317.39735316,34.5648648649,2242.79001885,4,0,0,,,,,
C14,1,0,133,41.5037593985,0.729323308271,0.0116139109812,0.000598358910656,1071.28467182,103,0.153581565446,402.514457491,55.8834951456,2264.9264807,4,0,0,,,,,
C15,1,0,2373,7.85082174463,0.238938053097,0.00245498035631,0.000291236151659,995.528513977,596,0.121712481317,275.325117988,32.8338926174,1886.84355258,4,0,0,,,,,
C16,1,0,2336,9.56806506849,0.272260273973,0.00300666245969,0.000345941705447,1057.66960396,676,0.123588872921,282.741294989,35.5784023669,1949.29612716,4,0,0,,,,,
C17,1,0,2094,11.2421203438,0.356255969436,0.00325879888953,0.000426104338703,984.33985106,785,0.116833726956,277.1285521,31.9184713376,2060.1385617,4,0,0,,,,,
C18,1,0,2199,8.33105957253,0.303774442929,0.00243483372114,0.000365221245982,1013.19498856,724,0.121601408056,288.72187329,27.7016574586,1984.77414033,4,0,0,,,,,
C19,1,0,2429,8.27542198436,0.272540139975,0.00231698321277,0.000345156867225,984.931998697,724,0.116065261932,232.218688228,31.2320441989,1794.34478442,4,0,0,,,,,
C20,1,0,2363,8.9741853576,0.291578501904,0.00262417346824,0.000370641759531,960.854307377,746,0.117735822934,231.420447125,31.0871313673,1715.65451138,4,0,0,,,,,
C21,1,0,2257,8.15019937971,0.261408949934,0.0022942782848,0.000336358251778,950.814931165,634,0.118320397244,221.255659614,31.4069400631,1670.53923323,4,0,0,,,,,
C22,1,0,2174,10.9369825207,0.373505059798,0.00272661664771,0.000438374444329,916.342890455,890,0.114390310077,215.821801508,29.4011235955,1647.01417416,4,0,0,,,,,
C23,1,0,2047,89.4816805081,3.79824132877,0.0307521443403,0.00491535794465,1300.34829974,8461,0.139277911358,350.037402785,23.7832407517,2320.36913637,4,0,0,,,,,
C24,1,0,2167,11.9395477619,0.386709736964,0.00370077163685,0.000459263433456,914.917255964,900,0.122620641365,261.827533912,31.1311111111,1776.6672004,4,0,0,,,,,
D01,1,0,2393,118.252820727,4.52026744672,0.0506874013633,0.0061854992716,1737.88983341,11518,0.149009959085,536.692322171,26.3939920125,3347.9102717,4,0,0,,,,,
D02,1,0,2291,117.591444784,4.7372326495,0.0496802851432,0.00665853555484,1539.9415782,11850,0.150505128699,459.645074727,25.0541772152,2819.79938182,4,0,0,,,,,
D03,1,0,2193,12.1896944824,0.39990880073,0.00367933273127,0.00050192915543,958.993788619,947,0.118703369901,244.534122218,30.9144667371,1765.80109229,4,0,0,,,,,
D04,1,0,2362,9.63378492803,0.306519898391,0.0031932320302,0.00039863791179,977.795949555,786,0.11852136813,251.749041046,31.8244274809,1806.79370612,4,0,0,,,,,
D05,1,0,2367,10.4051542036,0.313054499366,0.00300647194709,0.000375036383822,1007.11309835,778,0.116687189337,262.0625702,33.0694087404,1895.70563862,4,0,0,,,,,
D06,1,0,2436,8.60016420361,0.259852216749,0.00263849634496,0.000313052204853,1008.22371602,691,0.12071908512,269.714445762,33.8523878437,1856.1547668,4,0,0,,,,,
D07,1,0,2497,7.77653183821,0.238686423708,0.00238258837881,0.000296861477057,1008.94740093,634,0.11945370994,259.319202446,32.9731861199,1863.4164823,4,0,0,,,,,
D08,1,0,2405,7.32765072765,0.222869022869,0.00237968541688,0.000295074102411,1034.25121059,600,0.117881624083,252.322518509,32.5366666667,1848.38404111,4,0,0,,,,,
D09,1,0,2286,7.70866141732,0.217847769029,0.00214441047659,0.00027127694596,1075.33750289,542,0.115537492977,261.583658939,35.86900369,1962.99870045,4,0,0,,,,,
D10,1,0,2392,7.98202341137,0.237876254181,0.00265193755979,0.000300228098996,1010.78018609,624,0.120623060164,283.914226883,33.6955128205,1977.71755503,4,0,0,,,,,
D11,1,0,2248,9.43861209964,0.305604982206,0.0027260196424,0.000378900677332,1099.4507789,757,0.116999724009,277.127371514,31.285336856,2034.53415324,4,0,0,,,,,
D12,1,0,2075,8.25397590361,0.274698795181,0.00255055286496,0.000344314065002,1087.90986151,607,0.120547055815,279.225978256,30.1334431631,1976.62823925,4,0,0,,,,,
D13,1,0,2318,8.06427955134,0.212251941329,0.00238602923503,0.000278001540403,1053.86653157,528,0.117764827435,257.031232629,38.2386363636,1868.57701168,4,0,0,,,,,
D14,1,0,2273,9.94940607127,0.311042674879,0.00290736325267,0.000397305695864,1025.5432476,757,0.115169378383,251.849831848,32.284015852,1891.07876248,4,0,0,,,,,
D15,1,0,2293,8.61229829917,0.255996511121,0.00275521533414,0.000317800133871,1058.66908879,615,0.120727262846,283.181384491,33.8032520325,1948.14373968,4,0,0,,,,,
D16,1,0,843,37.1399762752,1.31435349941,0.00558398232435,0.00117455480081,1071.58621784,1221,0.112893349304,184.506832709,28.6240786241,1556.36168525,4,0,0,,,,,
D17,1,0,2316,49.8527633851,1.74913644214,0.0162533589246,0.00247332966563,1204.27281323,4363,0.126175196463,290.213977331,28.6259454504,2153.13356641,4,0,0,,,,,
D18,1,0,2264,6.84584805654,0.230565371025,0.00196784320256,0.000279026732247,979.642416782,565,0.118502986703,253.181454821,30.4938053097,1816.36931108,4,0,0,,,,,
D19,1,0,530,18.4358490566,0.283018867925,0.00741018632202,0.000315917351032,919.387938096,169,0.160739672839,396.202353546,64.9349112426,2113.27338322,4,0,0,,,,,
D20,1,0,2227,8.64077233947,0.285585990121,0.00236213962153,0.000369278462464,982.678381843,680,0.117093371968,230.791978152,30.625,1756.76545853,4,0,0,,,,,
D21,1,0,2259,50.167773351,2.20008853475,0.0146721388573,0.00284354252196,1078.36866628,5343,0.126935773559,251.669657121,23.0793561669,1855.99583395,4,0,0,,,,,
D22,1,0,2219,11.6331680937,0.363677332132,0.0033693353917,0.000466002439299,893.364283983,888,0.115727499255,212.555810585,32.0495495495,1562.5223386,4,0,0,,,,,
D23,1,0,2124,119.466572505,5.63041431262,0.0485910902534,0.00723918320012,1524.07351129,12857,0.150205514632,472.904613524,21.3937154857,2932.21263287,4,0,0,,,,,
D24,1,0,2099,126.978084802,5.50262029538,0.0582594887279,0.00772286117278,1525.1916217,12628,0.155072313139,473.526245429,23.2671840355,2817.26599677,4,0,0,,,,,
E01,1,0,2214,80.7809394761,2.57407407407,0.0284065785878,0.00340265763546,1297.15351576,6181,0.129412479746,331.731471278,31.6782074098,2393.5195884,4,0,0,,,,,
E02,1,0,2346,109.92625746,4.80562659847,0.0445202278298,0.00657820997711,1500.16163093,12463,0.150359201436,447.904874115,22.987081762,2753.29262174,4,0,0,,,,,
E03,1,0,2173,9.64381040037,0.299585826047,0.0027631295432,0.000380416068936,970.858062499,720,0.11735693666,248.839228327,32.4694444444,1819.32013158,4,0,0,,,,,
E04,1,0,2398,10.2251876564,0.328607172644,0.0030393683756,0.000398306750291,978.197223169,859,0.119608667962,263.471424468,31.2514551804,1898.08625202,4,0,0,,,,,
E05,1,0,2461,24.8090207233,0.874034945144,0.00754269147171,0.00120422409038,1008.61518897,2334,0.11976885201,229.22157258,28.6075407027,1755.74376116,4,0,0,,,,,
E06,1,0,2545,15.8495088409,0.575245579568,0.00437242210447,0.000749997358208,1042.09388564,1593,0.116704701388,227.846224392,27.618957941,1782.09281609,4,0,0,,,,,
E07,1,0,1385,12.5176895307,0.32274368231,0.00369456378872,0.000324925377066,991.532314284,491,0.127800200815,309.79128178,40.0549898167,2001.01951415,4,0,0,,,,,
E08,1,0,2244,10.1408199643,0.292780748663,0.00337223450052,0.00035257199645,1031.06316916,703,0.125134752289,317.502128267,34.5903271693,2142.86153417,4,0,0,,,,,
E09,1,0,2359,7.89105553201,0.259431962696,0.00238827847231,0.00031738431216,1022.35611823,668,0.121512165652,285.335201542,30.5104790419,1967.48140554,4,0,0,,,,,
E10,1,0,1849,5.85559762034,0.15359653867,0.00219949054244,0.000150588850902,1021.22503744,316,0.140692499868,451.376154325,37.9936708861,2497.11351203,4,0,0,,,,,
E11,1,0,2343,7.20657276995,0.231754161332,0.00244570048885,0.000295020252723,1031.90909476,589,0.121044411519,296.545718836,31.5874363328,2060.85664482,4,0,0,,,,,
E12,1,0,2344,8.795221843,0.273464163823,0.00278631904702,0.000358594011911,1055.01748038,701,0.11863279927,287.30790449,32.4507845934,2060.27764788,4,0,0,,,,,
E13,1,0,2174,8.15041398344,0.229990800368,0.00243188771683,0.00027842734236,1074.82799696,553,0.121057968424,304.054169485,36.130198915,2115.93678743,4,0,0,,,,,
E14,1,0,2260,8.89159292035,0.286725663717,0.00283299159868,0.000365875378796,1044.77020683,675,0.118015268681,282.114616231,31.3140740741,2013.95785205,4,0,0,,,,,
E15,1,0,2144,13.5820895522,0.340018656716,0.00397277206964,0.000463994756854,1150.04911404,800,0.117627157292,277.248295744,40.33,2055.08142677,4,0,0,,,,,
E16,1,0,2335,9.45610278373,0.289507494647,0.00286313730305,0.000379961407843,1031.59838203,729,0.116172495851,243.669682127,33.0932784636,1820.85036578,4,0,0,,,,,
E17,1,0,1422,9.05555555556,0.275668073136,0.00337330393638,0.000252466336452,966.215572295,418,0.138604069639,386.210852296,33.2655502392,2227.31814577,4,0,0,,,,,
E18,1,0,2273,15.6106467224,0.540695116586,0.00438399314628,0.0006702300648,1053.50682074,1292,0.116218223878,237.470234794,29.2438080495,1839.22752328,4,0,0,,,,,
E19,1,0,2524,12.3058637084,0.398969889065,0.00347329037483,0.000529436017122,911.457903296,1096,0.117270754788,205.312942091,30.7709854015,1606.58313868,4,0,0,,,,,
E20,1,0,1649,6.19223771983,0.172225591267,0.00318645999952,0.000194330015969,886.052882835,309,0.144621090106,452.336259803,35.9935275081,2369.01608761,4,0,0,,,,,
E21,1,0,2271,11.2716864817,0.366358432409,0.00299487532288,0.000451416473712,931.085772376,894,0.11851621985,219.302805162,31.8545861298,1638.62118693,4,0,0,,,,,
E22,1,0,2197,10.5798816568,0.35912608102,0.00317707468807,0.000484447825274,917.390026538,863,0.115026429938,208.950956807,29.9049826188,1619.90804122,4,0,0,,,,,
E23,1,0,2211,63.5603799186,2.31478968792,0.0201510845792,0.002983909039,1228.07534422,5547,0.125426979857,301.081602797,27.6637822246,2256.0949627,4,0,0,,,,,
E24,1,0,2051,121.203315456,5.49390541199,0.0544849343004,0.00757189519251,1549.30779366,12188,0.15451679193,487.269943326,22.2546767312,2911.21493902,4,0,0,,,,,
F01,1,0,2397,11.1798080935,0.311222361285,0.00365696045431,0.000397462486109,912.747397851,798,0.119948631982,256.613775767,35.8771929825,1777.00195524,4,0,0,,,,,
F02,1,0,2372,96.3503372681,3.85286677909,0.0356091287287,0.00529774201335,1383.89539323,10076,0.142741146436,387.996896325,25.0703652243,2503.83694487,4,0,0,,,,,
F03,1,0,2541,7.04486422668,0.209366391185,0.00262747795042,0.000266786943931,924.8078531,577,0.13039687204,330.725401975,33.3275563258,2004.72855901,4,0,0,,,,,
F04,1,0,2368,9.32094594595,0.260135135135,0.00266356104853,0.000334957324523,973.070631894,669,0.116138957397,237.812128732,36.2137518685,1802.81094753,4,0,0,,,,,
F05,1,0,1590,21.8408805031,0.652201257862,0.00689723382461,0.00076863016637,991.176268312,1081,0.126370496092,286.259543102,33.6114708603,1905.59481435,4,0,0,,,,,
F06,1,0,2331,9.34791934792,0.276276276276,0.00299013838471,0.000333554714648,999.911935203,692,0.120380174202,269.679838264,33.9335260116,1920.48725855,4,0,0,,,,,
F07,1,0,2343,8.91848058045,0.298762270593,0.00297507224828,0.000395385914537,991.334001988,760,0.12167594667,268.76427997,30.1210526316,1943.49678875,4,0,0,,,,,
F08,1,0,2338,8.40846877673,0.226689478186,0.00252661883803,0.000271085693808,1035.59131273,581,0.122164344976,290.233045766,37.2908777969,1969.10378618,4,0,0,,,,,
F09,1,0,2429,8.10951008646,0.269246603541,0.00252965154507,0.000347088738561,1016.7620857,700,0.117331526619,241.228427891,30.4342857143,1818.08119502,4,0,0,,,,,
F10,1,0,2387,6.96690406368,0.188521156263,0.00213346139587,0.000242770789537,1058.83148584,489,0.116902334294,288.543045236,37.4948875256,2078.8331276,4,0,0,,,,,
F11,1,0,2324,8.3317555938,0.273235800344,0.00260718746355,0.000355386729415,1052.2867006,694,0.119408987463,282.102422596,30.7608069164,2042.03442609,4,0,0,,,,,
F12,1,0,927,11.0862998921,0.184466019417,0.00398697279174,0.00018162663801,979.90168377,193,0.163977147725,415.726204892,60.8911917098,2188.41361189,4,0,0,,,,,
F13,1,0,2403,8.33957553059,0.252600915522,0.00265770778897,0.000307914459744,1080.26936042,663,0.120826771907,313.144895936,33.257918552,2142.69114155,4,0,0,,,,,
F14,1,0,2041,11.6202841744,0.382165605096,0.00400093333743,0.00060219589799,1048.20975541,821,0.117506541558,248.507543691,30.5225334957,1818.16599811,4,0,0,,,,,
F15,1,0,2317,8.81225722918,0.279671989642,0.00242558317572,0.000362104072887,1071.08920328,704,0.115144905339,261.012561396,32.1704545455,1981.39687772,4,0,0,,,,,
F16,1,0,2358,8.21204410517,0.272688719254,0.00262102195759,0.000350154834956,1014.53617338,685,0.11949016773,271.726610215,30.5167883212,1901.42886512,4,0,0,,,,,
F17,1,0,1515,47.0429042904,1.58217821782,0.0175218061647,0.00250771788092,1254.63424649,2572,0.128085757788,334.803320119,29.8339813375,2358.40984712,4,0,0,,,,,
F18,1,0,2130,8.00187793427,0.272300469484,0.00245383841017,0.000333755893538,993.043726584,629,0.118401434068,260.870048725,29.9157392687,1846.19082618,4,0,0,,,,,
F19,1,0,2087,10.3349305223,0.346430282702,0.00359682691969,0.000471248558625,966.904948207,784,0.122141177173,272.767364716,29.881377551,1884.44959556,4,0,0,,,,,
F20,1,0,269,106.003717472,3.1375464684,0.0414745686744,0.00423318310689,1329.26601405,906,0.139435711783,387.572297564,33.7174392936,2558.75197738,4,0,0,,,,,
F21,1,0,2256,10.9565602837,0.339095744681,0.00342918215627,0.000471230152751,902.249047319,823,0.117429957493,216.495299587,32.1567436209,1646.73229033,4,0,0,,,,,
F22,1,0,914,45.749452954,1.62253829322,0.0126230538946,0.00184223009509,974.099334007,1645,0.130432538223,256.481048446,28.0875379939,1770.69703394,4,0,0,,,,,
F23,1,0,2027,10.0957079428,0.356191415886,0.00250374185932,0.000425843875793,918.74369544,787,0.114006428731,196.085922733,29.0330368488,1593.78501153,4,0,0,,,,,
F24,1,0,1958,107.068437181,4.58018386108,0.0380966525712,0.00577371769612,1426.63639087,9849,0.143718112696,407.685552689,23.6360036552,2607.93281583,4,0,0,,,,,
G01,1,0,2280,10.9451754386,0.317105263158,0.00334836938127,0.000406117440102,906.276569736,778,0.11840196399,245.156722932,34.9781491003,1757.28893689,4,0,0,,,,,
G02,1,0,2149,144.978129362,5.55514192648,0.087548032468,0.00816208959101,2784.16781597,13029,0.165774487291,1012.27326793,26.4025635122,5698.17212676,4,0,0,,,,,
G03,1,0,2161,16.2489588154,0.539565016196,0.00481440509118,0.000677836878717,971.904861241,1289,0.120421324001,249.674773118,29.9829325058,1815.56133429,4,0,0,,,,,
G04,1,0,2237,24.3567277604,0.877067501118,0.00722704498825,0.00117743020151,1079.21736916,2100,0.119244034915,243.037710887,27.9904761905,1880.23473991,4,0,0,,,,,
G05,1,0,2406,7.70947630923,0.218620116376,0.0023625716535,0.000278563192085,1054.33472963,567,0.118634324666,257.807991616,35.417989418,1891.53985243,4,0,0,,,,,
G06,1,0,2248,8.4274911032,0.260231316726,0.00252833389958,0.000342696077956,1018.80258333,642,0.118816601725,266.103621437,32.4626168224,1887.99659513,4,0,0,,,,,
G07,1,0,2408,8.42275747508,0.265365448505,0.00258828168643,0.000338859522728,1029.50784786,698,0.119413733729,246.658941992,31.4340974212,1827.07855968,4,0,0,,,,,
G08,1,0,2399,9.03251354731,0.276781992497,0.00306524321089,0.000358171880884,1080.77943541,723,0.12117541797,295.997086727,33.0954356846,2059.30587207,4,0,0,,,,,
G09,1,0,2358,9.61026293469,0.294741306192,0.00303983598711,0.000368159005971,1033.07011669,767,0.118311531315,290.345330339,33.2464146023,2045.70515094,4,0,0,,,,,
G10,1,0,2282,8.73093777388,0.273882559159,0.00305613903257,0.00034260704785,1071.38984068,671,0.123224985598,330.45581786,32.1833084948,2178.01416364,4,0,0,,,,,
G11,1,0,2428,8.40609555189,0.267298187809,0.00226848605741,0.000322685183618,1063.76536681,694,0.121810431002,275.068499737,32.0561959654,1935.39179397,4,0,0,,,,,
G12,1,0,2417,13.943318163,0.446007447249,0.00393224334024,0.000555099890142,1081.25429957,1161,0.117856609137,269.28908812,31.4711455642,2036.94817273,4,0,0,,,,,
G13,1,0,2409,7.1801577418,0.20298879203,0.00219020584876,0.000263389370512,1039.07876295,539,0.121276433884,310.991320425,35.3153988868,2101.24870503,4,0,0,,,,,
G14,1,0,2465,10.4981744422,0.314401622718,0.00333531469363,0.000404892862858,1032.60802272,843,0.120721602385,289.578429431,33.590747331,2033.00798132,4,0,0,,,,,
G15,1,0,2379,9.37957124842,0.306431273644,0.00285362923186,0.000395766633845,1052.58236508,780,0.117130252474,256.856293964,30.7576923077,1897.92257406,4,0,0,,,,,
G16,1,0,2201,10.6133575647,0.341662880509,0.00272201519799,0.000398502563835,1006.90539058,812,0.117360159818,241.493540916,31.2142857143,1789.86290357,4,0,0,,,,,
G17,1,0,2344,9.66766211604,0.311860068259,0.00304780357138,0.000389283555569,1003.99275001,789,0.119355764753,273.51728723,31.3878326996,1915.8254012,4,0,0,,,,,
G18,1,0,2243,10.210878288,0.368702630406,0.00286699362536,0.000456527072372,967.948586071,915,0.11779582501,222.410095727,27.7344262295,1710.31697363,4,0,0,,,,,
G19,1,0,2141,9.08173750584,0.332554880897,0.00211375260994,0.000381439900821,961.154285732,779,0.114975692948,206.942843015,27.6110397946,1636.47340775,4,0,0,,,,,
G20,1,0,2102,13.1037107517,0.422454804948,0.00388383299407,0.000519639345322,976.953826108,958,0.117001299725,254.991306274,31.3486430063,1854.88986594,4,0,0,,,,,
G21,1,0,2049,14.9058077111,0.508052708638,0.00413436912885,0.000639702321303,913.386996385,1136,0.113644586724,200.932978207,29.7165492958,1623.40201917,4,0,0,,,,,
G22,1,0,2122,12.8864278982,0.440150801131,0.00381061786628,0.000562752804704,918.008530624,1026,0.118719459739,222.949144228,29.2417153996,1651.69744599,4,0,0,,,,,
G23,1,0,2069,9.94925084582,0.345094248429,0.00308045698177,0.000460185358233,949.903480841,778,0.119351366566,240.29611431,28.7223650386,1793.45694888,4,0,0,,,,,
G24,1,0,2146,116.708760485,5.43709226468,0.0508911883574,0.00739289033778,1492.51666416,12546,0.15161896279,463.880668516,21.6637175195,2847.36032691,4,0,0,,,,,
H01,1,0,2386,11.0398155909,0.335289186924,0.00315503946764,0.000417996287861,903.104502002,875,0.118968483785,228.760216399,32.88,1686.07747906,4,0,0,,,,,
H02,1,0,2330,49.6201716738,1.69527896996,0.0149442717255,0.00220247047957,1135.83066298,4262,0.122812776789,265.886594154,29.2885969029,2008.57563714,4,0,0,,,,,
H03,1,0,2399,9.04251771571,0.278032513547,0.00299977935322,0.000347435454194,956.637146908,709,0.123068584754,294.839868963,32.5543018336,1985.06608347,4,0,0,,,,,
H04,1,0,2367,8.69243768483,0.270806928602,0.0026382945436,0.000325208445051,1003.00306476,700,0.124176128957,278.748807363,32.2842857143,1927.83660385,4,0,0,,,,,
H05,1,0,2363,11.6318239526,0.382564536606,0.00363544095583,0.000477579887033,1039.74609279,965,0.11922727056,258.553571485,30.4186528497,1921.98347079,4,0,0,,,,,
H06,1,0,2118,18.3914069877,0.679886685552,0.00599631705482,0.00099045702398,1029.43847405,1540,0.120467130693,242.622287893,27.1662337662,1814.90218355,4,0,0,,,,,
H07,1,0,2202,10.5131698456,0.317438692098,0.0030179490346,0.000412432640135,1046.58879471,750,0.11529708824,247.84049947,33.112,1883.19759136,4,0,0,,,,,
H08,1,0,2428,8.03871499176,0.269357495881,0.00244304558379,0.000344824305649,1029.47547752,703,0.11903469422,262.7252761,30.0156472262,1930.12024326,4,0,0,,,,,
H09,1,0,2376,8.44612794613,0.260521885522,0.003420394538,0.000327737798571,1052.94271442,667,0.126666915131,366.650302948,32.5412293853,2296.28258557,4,0,0,,,,,
H10,1,0,2265,10.0834437086,0.276379690949,0.00332946446359,0.000361419867604,1030.16772973,671,0.122406915136,276.793629124,36.4605067064,1917.98492872,4,0,0,,,,,
H11,1,0,2441,77.9700942237,3.62023760754,0.0300512443141,0.0049068017512,1463.35728202,9586,0.143433326321,419.508622276,21.6681619028,2703.2200567,4,0,0,,,,,
H12,1,0,2423,8.02847709451,0.240198101527,0.00243976512457,0.000323558208107,1014.03122001,627,0.117490406235,250.360400241,33.639553429,1848.72846525,4,0,0,,,,,
H13,1,0,2233,9.19883564711,0.254366323332,0.00321154646241,0.00033360404928,1037.41216634,605,0.120407972146,298.916413028,36.2,2046.63310509,4,0,0,,,,,
H14,1,0,2351,8.6860910251,0.260740110591,0.0026950632172,0.000323754765386,1027.54905403,690,0.121937068482,297.933668757,34.2927536232,2026.66684491,4,0,0,,,,,
H15,1,0,2370,9.27426160338,0.282700421941,0.00266498185397,0.000346533268779,1031.83654182,719,0.118900366859,265.488624448,33.0764951321,1884.64845605,4,0,0,,,,,
H16,1,0,2387,8.65814830331,0.281524926686,0.00321693461282,0.000368118720288,1037.31216251,719,0.121337004107,316.145351555,31.0486787204,2096.85725646,4,0,0,,,,,
H17,1,0,1696,7.65860849057,0.220518867925,0.00211855284997,0.000271498497277,1013.68083613,403,0.115164444542,255.652518532,35.094292804,1906.29715881,3,0,0,,,,,
H18,1,0,2010,6.57611940299,0.197512437811,0.00202088970662,0.000241811719126,955.480884307,438,0.128516921706,291.469672795,33.8356164384,1931.32554336,4,0,0,,,,,
H19,1,0,2240,8.83482142857,0.278571428571,0.00266648171721,0.000356025226042,1010.5409236,667,0.116044215736,290.954254282,31.7331334333,2078.93857782,4,0,0,,,,,
H20,1,0,2003,10.6255616575,0.323514727908,0.00297985624369,0.000347424065927,980.518067896,696,0.121767407198,272.93255302,33.1206896552,1848.03957781,4,0,0,,,,,
H21,1,0,2093,10.894887721,0.378404204491,0.00325066876372,0.000474293352878,958.441111845,860,0.118611651544,249.312884075,29.3046511628,1778.45945896,4,0,0,,,,,
H22,1,0,180,24.5,0.383333333333,0.0116466088483,0.000760728986804,1100.35323754,74,0.139331816429,328.912812438,63.3513513514,2101.14004926,4,0,0,,,,,
H23,1,0,2074,10.6229508197,0.375602700096,0.00319777641224,0.000481421286176,919.882765325,842,0.118164611421,216.247462861,28.4406175772,1631.04497926,4,0,0,,,,,
H24,1,0,2007,47.4882909816,1.64524165421,0.0129984147443,0.00204872189567,1069.45651356,3620,0.120424248732,232.152688871,29.0486187845,1820.05289929,4,0,0,,,,,
I01,1,0,2187,134.282121628,5.33653406493,0.0668878329811,0.00760067258925,1775.81571699,12745,0.160729235335,580.942634135,25.4504511573,3325.69638627,4,0,0,,,,,
I02,1,0,2155,9.95870069606,0.315545243619,0.00306374779124,0.000395743690689,974.569701729,740,0.119634226884,262.177899918,31.4864864865,1867.01666161,4,0,0,,,,,
I03,1,0,2046,31.1436950147,1.27517106549,0.00902521561397,0.00167062009091,979.087592145,2847,0.123014042012,226.101164796,24.4973656481,1712.05584311,4,0,0,,,,,
I04,1,0,2268,9.72619047619,0.311728395062,0.00294549238181,0.00039381149724,972.240050477,768,0.117076492669,250.253965962,31.2369791667,1833.46514429,4,0,0,,,,,
I05,1,0,2102,15.8582302569,0.45813510942,0.00524906005695,0.000602098116949,1016.91369416,1046,0.120743643931,269.463484782,34.5898661568,1942.78888355,4,0,0,,,,,
I06,1,0,2326,13.8731728289,0.444969905417,0.004085298249,0.000557007307673,986.238674486,1122,0.120901396114,242.665428227,31.486631016,1784.51145243,4,0,0,,,,,
I07,1,0,2259,9.14386896857,0.266489597167,0.00255882393515,0.000345838073119,1037.02849234,652,0.116432840547,252.862665125,35.013803681,1858.99797721,4,0,0,,,,,
I08,1,0,687,36.3784570597,1.15138282387,0.0147937681703,0.00150966884714,1122.14119138,867,0.137822270922,397.308786117,31.4786620531,2588.67336249,4,0,0,,,,,
I09,1,0,2049,11.2186432406,0.351878965349,0.00331366278781,0.000432894418708,1056.65535069,778,0.117540773283,282.563391678,31.8740359897,1986.16508405,4,0,0,,,,,
I10,1,0,2226,12.367475292,0.317610062893,0.0038922442516,0.00041919255777,1142.88739884,759,0.118090961735,313.791625558,39.2529644269,2276.47708804,4,0,0,,,,,
I11,1,0,20,40.15,0.85,0.00633214880576,0.000364957102602,902.814338075,19,0.15562841142,424.148291627,49.3684210526,2212.82967804,4,0,0,,,,,
I12,1,0,695,9.88201438849,0.155395683453,0.00390145381665,0.000209712600834,982.214554693,122,0.151622220924,403.795109102,64.6147540984,2158.50177799,4,0,0,,,,,
I13,1,0,2156,106.719851577,4.20176252319,0.0340565377407,0.00533383804753,1520.81129788,9762,0.131627588647,363.975713415,25.6488424503,2619.64443563,4,0,0,,,,,
I14,1,0,2233,8.99507389163,0.289744738021,0.00266969828815,0.000367447143481,1042.46546128,697,0.11870634282,294.349181195,31.4289813486,2044.61113589,4,0,0,,,,,
I15,1,0,1176,9.50170068027,0.258503401361,0.00320668233897,0.000301539985577,996.956493742,331,0.128035905549,319.454307382,37.1117824773,2062.5481614,4,0,0,,,,,
I16,1,0,2398,8.98540450375,0.294829024187,0.00282685027498,0.000386617676734,1034.19743112,763,0.11873342886,258.547156872,30.4416775885,1857.96244958,4,0,0,,,,,
I17,1,0,2371,12.1737663433,0.420919443273,0.00360168207467,0.000529349734904,1033.60491099,1098,0.118498836155,249.584599435,29.0655737705,1879.56810917,4,0,0,,,,,
I18,1,0,1894,13.2925026399,0.432946145723,0.0030552996669,0.000457266708358,1033.62012693,883,0.114054710111,224.683447165,30.8765571914,1729.59983595,4,0,0,,,,,
I19,1,0,2069,10.0966650556,0.341710971484,0.00322965322448,0.000401053009096,1004.08819279,774,0.123809046202,298.569725304,29.8901808786,1951.31066664,4,0,0,,,,,
I20,1,0,2176,14.3800551471,0.468290441176,0.00380855803222,0.000545357059483,956.565780784,1092,0.119939193057,238.857417498,30.9880952381,1739.90390038,4,0,0,,,,,
I21,1,0,1429,9.98740377887,0.354793561931,0.00229075576204,0.000288522612609,873.291129645,574,0.122617921325,236.206577207,28.4860627178,1626.52084226,4,0,0,,,,,
I22,1,0,1419,13.8139534884,0.486962649753,0.00279568345286,0.000390172507628,887.950661423,759,0.121929011522,245.721772125,28.534914361,1735.31178743,4,0,0,,,,,
I23,1,0,2167,119.993077988,5.62298107983,0.0555438498524,0.00785638474886,1482.55545067,12996,0.156257466823,468.998042942,21.5440904894,2774.32798961,4,0,0,,,,,
I24,1,0,2068,10.9608317215,0.340425531915,0.00298233582846,0.000418258005724,894.235562067,774,0.116802395202,208.611402357,32.3591731266,1597.9789707,4,0,0,,,,,
J01,1,0,2268,135.680776014,5.8835978836,0.0682538837913,0.00854433658172,1839.18907444,14243,0.159910615122,599.162336325,23.1957452784,3465.7352038,4,0,0,,,,,
J02,1,0,2304,10.8081597222,0.34375,0.00317822537199,0.000429840911421,957.256422158,859,0.11989484086,252.721311611,31.5646100116,1840.40004282,4,0,0,,,,,
J03,1,0,2343,12.3486982501,0.355100298762,0.00356803634901,0.000449661630093,975.71877342,909,0.11975813533,252.693341318,34.798679868,1849.9528653,4,0,0,,,,,
J04,1,0,2243,10.2028533214,0.322336156933,0.00301345308728,0.000390614992883,988.262716264,795,0.120087390033,269.130420834,32.0666666667,1903.80645217,4,0,0,,,,,
J05,1,0,2273,8.94060712714,0.276286845579,0.00267839220473,0.000359963191865,1002.26094241,687,0.119196352338,255.581138496,32.1382823872,1823.07984377,4,0,0,,,,,
J06,1,0,2293,9.93676406454,0.31487134758,0.00288364284903,0.000394401995658,969.594334183,792,0.117100588451,235.155395941,31.5871212121,1736.22038136,4,0,0,,,,,
J07,1,0,2416,8.8505794702,0.253725165563,0.00254542136063,0.000330924091368,1080.12633426,669,0.120834209113,265.684030383,34.7578475336,1923.58485355,4,0,0,,,,,
J08,1,0,2386,10.3948030176,0.359178541492,0.00292090796951,0.000448867886591,1061.21096867,964,0.115859428503,245.333716305,29.4875518672,1881.02224134,4,0,0,,,,,
J09,1,0,2358,8.98982188295,0.285835453774,0.00319337157903,0.000374024916942,1137.74428057,722,0.125304727682,327.78835164,31.3490304709,2154.91950012,4,0,0,,,,,
J10,1,0,2234,6.90196956132,0.213070725157,0.0024958949642,0.000250171860974,1021.30800304,528,0.130266154688,376.363118373,32.7670454545,2225.26922978,4,0,0,,,,,
J11,1,0,2042,6.72428991185,0.238981390793,0.00199118726085,0.000284872899282,1030.78618071,525,0.120639509804,265.266689754,28.56,1875.09226903,4,0,0,,,,,
J12,1,0,2460,8.07154471545,0.245528455285,0.00270135648906,0.000337320538623,1020.21344535,651,0.120735097567,267.664866901,33.10906298,1845.99058185,4,0,0,,,,,
J13,1,0,2266,8.57149161518,0.271844660194,0.00268486703813,0.000333684061861,1036.31409076,663,0.11986403924,292.200997652,31.5822021116,2005.57759254,4,0,0,,,,,
J14,1,0,1818,8.93124312431,0.32398239824,0.00240931634812,0.000363096075888,992.40221397,640,0.119180417032,235.781875232,27.89375,1701.99139605,4,0,0,,,,,
J15,1,0,833,30.393757503,0.921968787515,0.00602999424566,0.000907079397593,1083.72027657,809,0.116087931914,227.484399338,33.1186650185,1708.10913752,4,0,0,,,,,
J16,1,0,2178,8.71808999082,0.283287419651,0.00279715107177,0.000377743140168,1027.31742393,683,0.118875946593,250.228015304,31.1156661786,1839.3174663,4,0,0,,,,,
J17,1,0,2327,8.66566394499,0.295229909755,0.002501181888,0.000378395312534,1013.86293511,737,0.118155845792,241.890392054,29.5468113976,1758.09735463,4,0,0,,,,,
J18,1,0,2094,22.3075453677,0.558261700096,0.00539178804463,0.000620522087966,989.16870311,1293,0.117272172503,228.549172557,40.5297757154,1749.75709575,4,0,0,,,,,
J19,1,0,2216,10.2775270758,0.329422382671,0.00314923964763,0.000411414392961,962.020216862,797,0.116623528554,241.266133195,31.6010037641,1786.9612409,4,0,0,,,,,
J20,1,0,2178,9.30762167126,0.306703397612,0.0027266832612,0.000388933100638,987.693676663,739,0.119479528753,268.7590599,30.6129905277,1887.70609185,4,0,0,,,,,
J21,1,0,2178,14.1345270891,0.472451790634,0.00435587790759,0.000582680579388,986.906332957,1127,0.119285768215,247.549806093,29.8908606921,1810.3066979,4,0,0,,,,,
J22,1,0,2191,11.2642628937,0.348699224099,0.00334168145404,0.000429489225328,926.169246541,832,0.11731770316,241.190668572,32.5697115385,1766.34360845,4,0,0,,,,,
J23,1,0,2224,121.378597122,5.31384892086,0.05262966594,0.0073072827588,1424.1417687,12759,0.153095071717,438.753710209,23.0439689631,2647.51515107,4,0,0,,,,,
J24,1,0,1977,11.1355589277,0.365705614568,0.00268638106588,0.000439679099214,906.72098262,786,0.11284771565,196.341738217,30.7608142494,1622.81818499,4,0,0,,,,,
K01,1,0,2110,132.181990521,5.24407582938,0.0571230199732,0.00702501039754,1713.48028883,12087,0.154750974338,540.601138218,25.301811864,3211.00160513,4,0,0,,,,,
K02,1,0,2168,11.116697417,0.360701107011,0.00317587489075,0.000448848533571,897.631953893,855,0.119117872107,240.363120768,30.9438596491,1721.16562356,4,0,0,,,,,
K03,1,0,2218,9.75834084761,0.295761947701,0.00262004612766,0.000363896111178,914.68366937,727,0.117046432052,215.851478548,33.0976616231,1658.60800843,4,0,0,,,,,
K04,1,0,205,39.6682926829,0.760975609756,0.0136995405737,0.000617841056977,992.014072969,171,0.173361472576,523.318869579,53.9941520468,2550.2016382,4,0,0,,,,,
K05,1,0,2238,9.55495978552,0.307864164433,0.0030151614138,0.000394391841629,1009.6857918,757,0.121261056618,273.721543127,31.0066050198,1889.81384316,4,0,0,,,,,
K06,1,0,1988,11.8304828974,0.401408450704,0.00313097338232,0.000435698232895,918.082912879,876,0.120405639361,232.539751616,30.1632420091,1669.96530068,4,0,0,,,,,
K07,1,0,1235,53.0388663968,1.32307692308,0.0241365646984,0.0028368820844,1134.44080886,1742,0.128215947837,243.778212398,40.3363949483,1810.89748735,4,0,0,,,,,
K08,1,0,2264,9.13339222615,0.273851590106,0.00265595098557,0.000337593770344,1006.95612204,674,0.11820884266,289.725431494,33.6884272997,2056.04786379,4,0,0,,,,,
K09,1,0,2126,7.90733772342,0.209313264346,0.00267878340181,0.000268178046941,1062.13166076,486,0.125211665664,349.514572491,38.8086419753,2172.64492572,4,0,0,,,,,
K10,1,0,2070,10.0763285024,0.310628019324,0.00349213922025,0.000392388653785,1008.69657402,697,0.124922075536,330.219872056,32.9569583931,2042.3169661,4,0,0,,,,,
K11,1,0,2143,11.3135790947,0.322445170322,0.00400105094229,0.000418275015249,1068.39766214,750,0.128837293632,335.274434921,35.5586666667,2204.04410697,4,0,0,,,,,
K12,1,0,2337,9.8998716303,0.301240907146,0.00299710664099,0.000378860579283,1065.89588731,741,0.12016889126,297.250843287,33.032388664,2088.6640447,4,0,0,,,,,
K13,1,0,2322,49.0598621878,1.88458225668,0.0142164260986,0.00238214695428,1142.040533,4697,0.124966165783,271.542071887,26.2386629764,2022.73294435,4,0,0,,,,,
K14,1,0,2396,9.867278798,0.328881469115,0.00281565227256,0.000402330325109,1006.35969732,857,0.118379864094,251.908211234,30.4130688448,1829.98744795,4,0,0,,,,,
K15,1,0,2227,12.7961383026,0.368657386619,0.00450913271913,0.000481391788144,1048.37989352,881,0.123664559431,304.684739068,35.0431328036,2055.11507293,4,0,0,,,,,
K16,1,0,2213,9.44645277903,0.285133303208,0.00278620227152,0.000370252914113,983.331976851,687,0.115343797321,245.015285007,33.5618631732,1821.55998525,4,0,0,,,,,
K17,1,0,2333,9.01028718388,0.272181740249,0.00288668656544,0.000355777382068,987.123463078,688,0.120887471302,278.961094517,33.1845930233,1907.97022283,4,0,0,,,,,
K18,1,0,1118,8.7656529517,0.166368515206,0.00400934971304,0.000165383914101,912.517526992,203,0.163143994861,492.927553291,50.9014778325,2384.68673047,4,0,0,,,,,
K19,1,0,1974,10.4817629179,0.32928064843,0.00332699675507,0.000397645371001,971.485154545,697,0.117389530766,240.8234903,31.8579626973,1738.89780464,4,0,0,,,,,
K20,1,0,1966,10.6653102747,0.307731434385,0.00302231872581,0.000321402393243,958.725650548,681,0.12283482641,297.235161288,34.3377386197,1966.47824494,4,0,0,,,,,
K21,1,0,2094,10.0128939828,0.316141356256,0.00297072858598,0.000405997271761,930.017588593,718,0.11441806768,228.624654359,32.4456824513,1716.5941459,4,0,0,,,,,
K22,1,0,2125,11.1769411765,0.376,0.00292440040807,0.000450870548719,898.938208225,870,0.114790878712,211.597103867,29.9172413793,1624.3467341,4,0,0,,,,,
K23,1,0,1928,118.582987552,5.54668049793,0.0500167951726,0.00737462076549,1443.91606783,11569,0.152334725325,450.054162618,21.5799118333,2715.86404348,4,0,0,,,,,
K24,1,0,2170,13.1608294931,0.418894009217,0.00388875680155,0.000505481309478,911.503507522,973,0.119784116164,229.737830845,31.5549845838,1681.95515044,4,0,0,,,,,
L01,1,0,2327,115.021916631,4.71422432316,0.0484906749203,0.00652781935023,1680.82229401,11742,0.148427223065,508.413757676,24.5379833078,3182.27415602,4,0,0,,,,,
L02,1,0,2313,133.973194985,5.27410289667,0.0654138784906,0.00759433583875,1715.38297099,13103,0.15930959741,551.759993494,25.6504617263,3192.28751696,4,0,0,,,,,
L03,1,0,1025,48.9287804878,1.58536585366,0.00951654077233,0.00152216414983,1040.73694543,1739,0.11763206057,197.71286608,30.8349626222,1545.75956421,4,0,0,,,,,
L04,1,0,2445,9.42413087935,0.283026584867,0.00264075272105,0.000358579577591,944.462874277,760,0.116644967081,222.795798846,33.7934210526,1719.80054821,4,0,0,,,,,
L05,1,0,2398,9.8198498749,0.269808173478,0.00304766438938,0.00034910578449,961.334700202,716,0.120043672831,243.278485786,36.1983240223,1749.08345066,4,0,0,,,,,
L06,1,0,2317,9.369011653,0.280966767372,0.00291132493699,0.000364725097508,1008.68393512,714,0.121685592179,257.887411242,33.3459383754,1844.09698258,4,0,0,,,,,
L07,1,0,2468,10.0012155592,0.277957860616,0.00308434347316,0.000369943110082,1032.93847982,748,0.117541764314,264.151451433,36.7834224599,1942.95291679,4,0,0,,,,,
L08,1,0,2465,8.95172413793,0.276267748479,0.00275220286779,0.000356460808345,1033.52268939,732,0.118084565537,275.824688828,32.4412568306,2022.1065193,4,0,0,,,,,
L09,1,0,2386,9.52179379715,0.274518021794,0.00316951122826,0.000351020244107,1027.71369484,704,0.118294793132,278.28990315,34.5596590909,1988.26591974,4,0,0,,,,,
L10,1,0,2110,45.2327014218,1.67251184834,0.0174281438184,0.00246493710015,1202.1736381,3783,0.129746208505,336.956971859,27.1247687021,2363.09802704,4,0,0,,,,,
L11,1,0,2294,11.3849171752,0.345684394071,0.00343049827474,0.000437646022772,1034.0347502,867,0.118889122606,258.040698212,33.2399077278,1877.76464991,4,0,0,,,,,
L12,1,0,2308,8.01949740035,0.225736568458,0.00271098944333,0.000302455527274,1049.97560494,565,0.121566932844,298.254992754,35.3274336283,2117.74414039,4,0,0,,,,,
L13,1,0,1076,65.8215613383,2.23048327138,0.0143208285232,0.00227085371732,1128.85287098,2598,0.124044012681,245.69981469,29.5808314088,1815.61628251,4,0,0,,,,,
L14,1,0,2242,10.8773416592,0.314005352364,0.002920057109,0.000394229512659,1031.99714834,772,0.11613689623,235.454403044,35.3432642487,1814.96915232,4,0,0,,,,,
L15,1,0,2369,11.0814689743,0.306458421275,0.00362138167952,0.00044001827692,1094.92796408,776,0.119120469568,291.330323571,36.1791237113,2115.65656781,4,0,0,,,,,
L16,1,0,2264,8.71068904594,0.231448763251,0.00304961608299,0.000330217866267,962.920873536,568,0.125441502126,281.937643005,37.4207746479,1889.62569604,4,0,0,,,,,
L17,1,0,2114,79.697256386,3.35335856197,0.0263855983052,0.00445289264456,1361.3402344,7724,0.128503242645,328.607622604,23.9602537545,2438.58995318,4,0,0,,,,,
L18,1,0,2216,13.3510830325,0.438176895307,0.00363851208071,0.000525693633987,1039.36385816,1047,0.115215755723,241.721849673,30.4813753582,1872.75375775,4,0,0,,,,,
L19,1,0,2338,10.2938408896,0.306672369547,0.00300459491789,0.000399798567575,982.032073361,772,0.11639137231,228.948909324,33.5945595855,1774.66821514,4,0,0,,,,,
L20,1,0,1027,28.9493670886,0.810126582278,0.00634804727174,0.000873199148321,1019.55387863,907,0.11583121487,192.178537736,35.6097023153,1521.4044825,4,0,0,,,,,
L21,1,0,2270,10.995154185,0.364317180617,0.00315835988572,0.000458857599474,914.38173401,899,0.115228916595,215.092065749,30.276974416,1653.43627489,4,0,0,,,,,
L22,1,0,1868,13.5535331906,0.410599571734,0.00386515079025,0.000518067950985,918.295854378,809,0.117089432648,221.911196941,33.1063040791,1663.8188671,4,0,0,,,,,
L23,1,0,1745,137.746704871,6.26475644699,0.0892125158904,0.00921689010096,2693.37288337,11749,0.168562906673,1038.6262265,22.3220699634,5778.39174701,4,0,0,,,,,
L24,1,0,2001,130.583208396,6.26936531734,0.0618082617846,0.00854981769617,1567.27425822,13479,0.159994501954,511.026857728,21.0512649306,2965.04052079,4,0,0,,,,,
M01,1,0,2109,78.266002845,2.78994784258,0.0275449165026,0.00360731072242,1354.15839767,6360,0.130824238103,353.854933584,28.1944968553,2530.48926887,4,0,0,,,,,
M02,1,0,2225,130.242696629,5.28853932584,0.0576663230531,0.00714635080119,1712.0346884,12779,0.155494000148,544.45771936,24.7096016903,3232.06338761,4,0,0,,,,,
M03,1,0,2081,11.1153291687,0.330610283518,0.00330248142089,0.000410822805204,941.162195722,755,0.118965040744,272.278371587,33.5748344371,1902.45189987,4,0,0,,,,,
M04,1,0,2190,10.7936073059,0.340639269406,0.00354511359558,0.000413430700601,987.125434424,800,0.119616369047,272.026752465,31.54,1888.27592858,4,0,0,,,,,
M05,1,0,2124,10.6991525424,0.35593220339,0.00312532461332,0.000458507769412,937.454391685,823,0.118584622274,232.275744988,30.2345078979,1706.78809032,4,0,0,,,,,
M06,1,0,2203,13.1597821153,0.430776214253,0.00371461286745,0.000526979919796,970.923682466,1033,0.11751765749,222.316693226,30.5895450145,1730.22566072,4,0,0,,,,,
M07,1,0,2226,11.5714285714,0.37106918239,0.00315285677664,0.00047127145361,1015.88897326,892,0.115666123796,236.877085578,31.3217488789,1806.02622229,4,0,0,,,,,
M08,1,0,2194,10.1649954421,0.282133090246,0.0028511028625,0.000357507597803,1010.05027883,660,0.11616455207,303.008971795,36.2560606061,2112.98516474,4,0,0,,,,,
M09,1,0,2224,10.4168165468,0.334982014388,0.00295796571323,0.00042312546504,1044.71582308,783,0.119365975435,250.738667036,31.1864623244,1889.62014907,4,0,0,,,,,
M10,1,0,2092,9.19980879541,0.28154875717,0.0026206087725,0.00035968656288,1005.00140255,648,0.118100862646,228.828000979,32.8009259259,1758.88874294,4,0,0,,,,,
M11,1,0,2281,9.25471284524,0.298114861903,0.0028107848499,0.000372288462279,1034.26879431,735,0.120094581675,294.135477926,31.1360544218,2098.89957906,4,0,0,,,,,
M12,1,0,2160,10.0546296296,0.323611111111,0.00292290863841,0.000406763565129,1020.57849547,760,0.117467816571,244.03242504,31.4197368421,1832.92262437,4,0,0,,,,,
M13,1,0,2305,12.6529284165,0.447288503254,0.00345982305408,0.00056976277939,1026.73587554,1122,0.115525527303,220.91428044,28.3449197861,1786.75657647,4,0,0,,,,,
M14,1,0,879,16.7326507395,0.282138794084,0.00903996035271,0.000432538159127,1012.53521163,271,0.159840530766,538.949935421,58.7896678967,2646.87096223,4,0,0,,,,,
M15,1,0,1928,115.248443983,2.58661825726,0.0524203215726,0.0039809891686,3370.28674829,5398,0.13454753122,852.830475709,44.7187847351,6059.26038013,4,0,0,,,,,
M16,1,0,2081,7.93224411341,0.21720326766,0.00272646925732,0.000289547292369,995.109898862,488,0.12489630787,310.784070526,36.4057377049,2048.11260353,4,0,0,,,,,
M17,1,0,844,36.5225118483,1.13507109005,0.00830659621337,0.00112989046345,1009.61564302,1065,0.121685499708,239.560553626,31.9633802817,1767.42972824,4,0,0,,,,,
M18,1,0,2250,9.33155555556,0.301333333333,0.00250031953174,0.00037684536679,997.752980879,741,0.114986724477,220.251279495,31.3535762483,1771.05033627,4,0,0,,,,,
M19,1,0,2010,13.7656716418,0.398507462687,0.00387708667727,0.000503263289812,1031.25227996,874,0.115142465469,243.547630648,34.5022883295,1854.42671875,4,0,0,,,,,
M20,1,0,2082,16.4596541787,0.537944284342,0.00435347546876,0.000652195517646,1005.84008311,1223,0.117261330544,268.922540275,30.931316435,1986.04380599,4,0,0,,,,,
M21,1,0,2130,22.3215962441,0.827230046948,0.00607196275415,0.00102501503116,992.845544378,1882,0.118661885216,231.197766146,27.284272051,1785.74397033,4,0,0,,,,,
M22,1,0,2051,9.8156996587,0.31301803998,0.00255093015959,0.000397155131832,972.297092569,705,0.112813794964,220.642631487,31.0482269504,1750.45184413,4,0,0,,,,,
M23,1,0,2044,62.7372798434,2.25244618395,0.0196339628863,0.00288010854641,1211.17555475,5035,0.124453307503,289.192053305,28.2736842105,2184.32919446,4,0,0,,,,,
M24,1,0,1905,114.907611549,5.16325459318,0.0460255196743,0.00678374912878,1393.63265949,10642,0.149940714264,420.26622913,22.4749107311,2583.88614053,4,0,0,,,,,
N01,1,0,2314,9.86516853933,0.32929991357,0.00291224557781,0.000428160949405,963.78992381,818,0.119329056637,234.52642886,30,1724.48008009,4,0,0,,,,,
N02,1,0,2225,127.526292135,5.01617977528,0.0554909873504,0.00696836617014,1598.26508291,12138,0.153312536924,494.548127377,25.5500082386,2955.09541632,4,0,0,,,,,
N03,1,0,2162,12.5827937095,0.36586493987,0.00375452220635,0.000449306872683,964.442137819,853,0.119784420186,248.560870947,34.2028135991,1799.69836822,4,0,0,,,,,
N04,1,0,2247,14.0307076101,0.462839341344,0.00451843806424,0.000599737118223,966.182692565,1111,0.120115745118,251.586264164,30.3195319532,1794.27011539,4,0,0,,,,,
N05,1,0,2212,11.5081374322,0.339059674503,0.00286225568224,0.000406495439826,1021.53762691,804,0.113911883886,250.418193268,34.1206467662,1931.9932234,4,0,0,,,,,
N06,1,0,2131,10.404035664,0.319099014547,0.00322323708384,0.000411270985261,959.061186376,723,0.116049924145,242.076452634,32.6846473029,1799.01444518,4,0,0,,,,,
N07,1,0,2155,9.50255220418,0.317401392111,0.00290335061017,0.000394232736943,1019.17087296,743,0.116556105914,256.953056215,30.5572005384,1878.62033784,4,0,0,,,,,
N08,1,0,2216,10.1651624549,0.318140794224,0.00304947601525,0.000393640266073,952.649838174,767,0.122399352244,258.380907787,32.2320730117,1820.41326224,4,0,0,,,,,
N09,1,0,2146,8.46551724138,0.257688723206,0.00262863153505,0.000348310692353,1022.16565483,619,0.120891245606,265.56950391,33.7980613893,1857.07347524,4,0,0,,,,,
N10,1,0,1356,11.3340707965,0.325958702065,0.00224314691136,0.00026071892576,971.14805475,490,0.118263994855,254.78072426,35.012244898,1843.6554494,4,0,0,,,,,
N11,1,0,2251,8.6001776988,0.238560639716,0.00277924790229,0.0003075320853,1026.55453674,574,0.122442139519,279.081219178,36.4268292683,1919.5401665,4,0,0,,,,,
N12,1,0,2073,7.71876507477,0.227206946454,0.00214176456766,0.000285185620868,1034.84210173,519,0.115342344381,253.16123375,33.6685934489,1915.69848814,4,0,0,,,,,
N13,1,0,2312,9.4312283737,0.280709342561,0.00249199049766,0.000353895819644,997.240873945,698,0.113622763808,230.239586089,33.7148997135,1837.89222543,4,0,0,,,,,
N14,1,0,1206,112.290215589,4.01990049751,0.0699454306932,0.00633483402856,1830.66806431,5206,0.16217162298,650.831459442,28.0998847484,3657.83692281,4,0,0,,,,,
N15,1,0,2217,8.849797023,0.246278755074,0.00265368694713,0.000307873082472,1039.31815874,584,0.11750983481,274.022879905,35.9794520548,1952.75609839,4,0,0,,,,,
N16,1,0,1899,124.943654555,5.37388098999,0.0719195883602,0.00679051097367,2060.77197775,11233,0.166207266087,860.926450465,23.4017626636,4745.96489209,4,0,0,,,,,
N17,1,0,2040,36.4725490196,1.27156862745,0.00985243478039,0.00158413940012,1084.57081084,2767,0.119089566725,237.909799581,28.6472714131,1882.18576355,4,0,0,,,,,
N18,1,0,2163,9.25150254276,0.269995376791,0.00270020336474,0.000346258882297,965.396386438,625,0.11724302415,260.711123372,34.1648,1916.98122845,4,0,0,,,,,
N19,1,0,2023,8.59367276322,0.266930301532,0.00227994911049,0.000315823702662,929.386821912,598,0.116484932506,215.04902844,32.7424749164,1624.56710723,4,0,0,,,,,
N20,1,0,176,60.9602272727,1.64772727273,0.0172144180223,0.00170124349519,979.564618243,302,0.125473925493,250.882071747,37.6821192053,1793.20452486,4,0,0,,,,,
N21,1,0,2283,12.3070521244,0.36749890495,0.00333826030516,0.000467289905471,939.593982555,903,0.116612206926,219.59678627,33.6622369878,1716.37282569,4,0,0,,,,,
N22,1,0,2249,12.6727434415,0.449977767897,0.00362767703012,0.000571688037979,924.594825294,1094,0.117315509924,208.984644057,28.4323583181,1629.76323216,4,0,0,,,,,
N23,1,0,2113,10.7132039754,0.341221012778,0.00310357379598,0.000432356830494,947.201859044,780,0.116702278211,236.677054252,31.2615384615,1734.71116171,4,0,0,,,,,
N24,1,0,1923,109.355174207,4.98075923037,0.0433401681588,0.00664114929292,1362.75173139,10376,0.148722969012,408.415984891,22.2321703932,2530.63584228,4,0,0,,,,,
O01,1,0,2186,10.598810613,0.350411710887,0.00339138068167,0.000463836309026,942.577236738,827,0.118915039573,240.595935304,30.1886336155,1765.06884196,4,0,0,,,,,
O02,1,0,2023,151.366287692,5.46564508156,0.0877197125421,0.00792616253008,2909.75780483,11951,0.166843612896,1029.7854559,27.7844531838,5757.46985845,4,0,0,,,,,
O03,1,0,2073,11.2199710564,0.302942595273,0.00301821003379,0.000371687505266,966.964981777,706,0.114573093436,235.768253378,37.0014164306,1775.19944347,4,0,0,,,,,
O04,1,0,2009,11.2981582877,0.358885017422,0.00336671798904,0.00044985124068,953.931145105,797,0.121012237109,255.198227242,31.791718946,1815.4600762,4,0,0,,,,,
O05,1,0,2120,11.1660377358,0.342924528302,0.00298086792857,0.0004246102361,957.153687451,782,0.115721877,217.753247852,32.7327365729,1697.23103734,4,0,0,,,,,
O06,1,0,2158,10.5546802595,0.312789620019,0.00313267821092,0.000390948873684,966.562836471,718,0.119129423117,246.517129269,34.0640668524,1801.11906341,4,0,0,,,,,
O07,1,0,2000,11.9045,0.33,0.00331392647488,0.00041753862004,959.554085074,711,0.118371386822,236.260570738,36.1462728551,1728.7162959,4,0,0,,,,,
O08,1,0,2097,11.1955174058,0.319027181688,0.00343610153209,0.000398689082444,963.002939784,733,0.118477544997,252.437570879,35.1978171896,1794.66418407,4,0,0,,,,,
O09,1,0,1883,12.9787573022,0.400955921402,0.00338890380149,0.000459254426976,1051.76986948,811,0.117813704048,263.926132859,32.7422934649,1963.46956809,4,0,0,,,,,
O10,1,0,2024,11.5009881423,0.370553359684,0.00328831551527,0.000461917338305,1008.97661265,820,0.117563527116,237.508616634,30.8951219512,1803.25556759,4,0,0,,,,,
O11,1,0,1969,11.0177755206,0.334179786694,0.00298359507848,0.000404720985999,970.774117968,703,0.116936980876,233.841209803,33.4509246088,1743.16551666,4,0,0,,,,,
O12,1,0,1875,8.7488,0.259733333333,0.00274843642823,0.000330651043625,984.094890599,538,0.117791941245,254.906111209,33.8271375465,1899.60700812,4,0,0,,,,,
O13,1,0,2070,10.4125603865,0.323671497585,0.00298991289564,0.000408891315562,1023.50345131,722,0.11976935257,262.123887948,32.4930747922,1870.30127656,4,0,0,,,,,
O14,1,0,2012,11.1605367793,0.339960238569,0.00341368894006,0.000438043956747,996.11757987,742,0.119223041538,253.072735698,33.2425876011,1861.11234525,4,0,0,,,,,
O15,1,0,737,33.8588873813,0.9565807327,0.00707570638218,0.000849326383921,1023.08618493,777,0.119277258195,214.032249016,35.1132561133,1637.80081248,4,0,0,,,,,
O16,1,0,1957,10.9790495657,0.311190597854,0.00290620629249,0.000400374507474,973.829247494,664,0.115352455214,227.763643753,35.2213855422,1741.37270526,4,0,0,,,,,
O17,1,0,1712,14.9509345794,0.429906542056,0.00397223863825,0.000503854420815,951.793673243,794,0.120444602783,231.197430562,34.8539042821,1708.7376496,4,0,0,,,,,
O18,1,0,1902,12.0951629863,0.361724500526,0.00334660104377,0.000442263119695,972.643058583,748,0.118037401156,235.800810816,33.7045454545,1746.16961229,4,0,0,,,,,
O19,1,0,2040,12.1039215686,0.355392156863,0.00335932692911,0.000455414631741,966.002803994,786,0.116442392304,232.089974851,34.0890585242,1762.27988973,4,0,0,,,,,
O20,1,0,1971,13.33384069,0.409944190766,0.00380195446563,0.000521590785056,903.20758764,893,0.116109824238,213.040343393,32.9507278835,1635.16194703,4,0,0,,,,,
O21,1,0,1998,11.9684684685,0.358358358358,0.003316408307,0.00045792374681,947.51236097,768,0.117904077343,215.227813945,33.4088541667,1637.46543931,4,0,0,,,,,
O22,1,0,2066,11.6403678606,0.378993223621,0.00369198060295,0.000468892756546,957.871385904,842,0.120859936597,251.428173836,31.1152019002,1782.56216383,4,0,0,,,,,
O23,1,0,2264,10.9584805654,0.390459363958,0.00322174561735,0.000516744488661,944.349524402,964,0.114828871845,219.277121019,27.9304979253,1652.65373259,4,0,0,,,,,
O24,1,0,1957,112.239141543,4.79560551865,0.0430883320269,0.00635859341,1425.4814171,10357,0.144712490685,401.755640298,23.6224775514,2589.84515509,4,0,0,,,,,
P01,1,0,2059,11.3914521612,0.299174356484,0.00334331523456,0.00039118612876,974.445316989,667,0.118550645001,245.077011503,37.8470764618,1782.24889631,4,0,0,,,,,
P02,1,0,1884,47.1571125265,1.45753715499,0.0123316483379,0.00181075118274,1167.12576992,3010,0.119710948383,249.921120694,32.6106312292,1989.00068292,4,0,0,,,,,
P03,1,0,1972,13.6952332657,0.410243407708,0.0041221067106,0.00051997297955,953.392166204,886,0.120875504801,238.008065573,33.7212189616,1737.84549031,4,0,0,,,,,
P04,1,0,2025,11.812345679,0.378765432099,0.0034605922275,0.00047540549633,917.939988514,817,0.116155629584,214.7010507,31.2533659731,1636.22208118,4,0,0,,,,,
P05,1,0,2118,10.9693106704,0.335694050992,0.00321643191911,0.000414457706275,927.393018858,763,0.117680298919,230.138930183,33.0117955439,1723.61868636,4,0,0,,,,,
P06,1,0,1964,11.0056008147,0.312118126273,0.00281790058328,0.00037211437943,936.693750171,671,0.11385372898,215.598531047,35.2578241431,1700.23656807,4,0,0,,,,,
P07,1,0,1952,10.1116803279,0.265368852459,0.00298569443573,0.000339765539958,977.591880303,566,0.116744615577,240.853504464,38.0459363958,1769.60324767,4,0,0,,,,,
P08,1,0,1983,10.3968734241,0.310136157337,0.00333094108297,0.000389515261986,955.051577482,657,0.12128530264,245.42545696,33.8812785388,1748.28330316,4,0,0,,,,,
P09,1,0,1597,29.5021916093,1.0319348779,0.00888929368166,0.00147166186107,1057.41175856,1730,0.121742102659,239.673849862,28.9855491329,1835.45041167,4,0,0,,,,,
P10,1,0,2108,9.9729601518,0.306451612903,0.00283833444069,0.000378371345467,949.848739658,708,0.114791075329,220.329352689,32.7697740113,1714.37309227,4,0,0,,,,,
P11,1,0,2136,10.441011236,0.301498127341,0.00356299207487,0.000385645877829,947.960300746,698,0.120580344087,250.345991562,34.7263610315,1797.76698197,4,0,0,,,,,
P12,1,0,1995,11.7228070175,0.330325814536,0.00374323092078,0.000449513171593,1034.2746442,711,0.120968394279,271.011382065,36.1504922644,1889.16602191,4,0,0,,,,,
P13,1,0,2009,9.55350920856,0.29218516675,0.00246825486769,0.000343912722181,1035.77426978,627,0.116350700598,235.441580777,32.9186602871,1818.1404462,4,0,0,,,,,
P14,1,0,1962,9.4250764526,0.291539245668,0.00304561911087,0.000376204248213,961.236402883,610,0.120992108521,276.244378702,32.3229508197,1974.28983234,4,0,0,,,,,
P15,1,0,1819,64.3930731171,2.41176470588,0.0192073278611,0.00307277292374,1245.27451054,4726,0.127174268978,301.217304365,27.030046551,2214.16128615,4,0,0,,,,,
P16,1,0,1935,11.2258397933,0.324031007752,0.0031550292215,0.000400337969851,969.299028372,685,0.117422200539,235.971827499,35.0759124088,1743.59466337,4,0,0,,,,,
P17,1,0,1785,22.4991596639,0.713725490196,0.00607783851034,0.000878643098513,961.861111451,1399,0.120828250172,233.318381075,32.2616154396,1695.53247183,4,0,0,,,,,
P18,1,0,1712,9.96728971963,0.271028037383,0.00343741922942,0.00047608808053,963.094013926,481,0.116515128089,221.564462858,37.2224532225,1632.40094716,4,0,0,,,,,
P19,1,0,2046,8.92082111437,0.285923753666,0.00273083356418,0.000384563350525,927.022548573,630,0.119718042376,231.101744619,31.646031746,1719.37430037,4,0,0,,,,,
P20,1,0,1361,14.0014695077,0.503306392359,0.00298584841865,0.000400770857642,875.298419434,763,0.124075433603,239.722016635,28.3813892529,1691.07065165,4,0,0,,,,,
P21,1,0,1967,11.6461616675,0.35231316726,0.00307850876991,0.000425158887366,921.222788618,760,0.119749242519,222.168177522,33.3118421053,1666.32121106,4,0,0,,,,,
P22,1,0,2009,15.9318068691,0.490293678447,0.00445478000412,0.000577893310096,949.84733787,1068,0.12140616734,237.346515821,33.1975655431,1702.72615895,4,0,0,,,,,
P23,1,0,1831,13.1862370289,0.367558711087,0.00335126585601,0.000448764345111,910.440279149,733,0.11473239812,197.117823805,36.5211459754,1590.04432379,4,0,0,,,,,
P24,1,0,1937,38.4243675787,1.26845637584,0.010175448867,0.00157352261648,1150.48707571,2652,0.117037423723,243.312195384,30.3883861237,1958.39806254,4,0,0,,,,,
