Well,Plane,Timepoint,Cell Selected - Number of Objects,Cell Selected - Total Spot Area - Mean per Well,Cell Selected - Number of Spots - Mean per Well,Cell Selected - Relative Spot Intensity - Mean per Well,Cell Selected - Number of Spots per Area of Cytoplasm - Mean per Well,Cell Selected - Intensity Cytoplasm Mean - Mean per Well,Spots Selected - Number of Objects,Spots Selected - Relative Spot  Intensity - Mean per Well,Spots Selected - Corrected Spot  Intensity - Mean per Well,Spots Selected - Spot Area [px²] - Mean per Well,Spots Selected - Intensity Spot Mean - Mean per Well,Number of Analyzed Fields,Height [µm],Time [s],Compound,Concentration,Cell Type,Cell Count,
A01,1,0,2141,9.34983652499,0.301261092947,0.00296832058845,0.000316682013022,957.098318968,723,0.137950684591,328.640706194,30.8616874136,1989.77476971,4,0,0,,,,,
A02,1,0,2057,121.295576082,4.28147788041,0.0345062164283,0.00478742363564,1423.40768925,9474,0.132859795288,350.412434343,28.491450285,2458.01141571,4,0,0,,,,,
A03,1,0,2314,39.7891097666,1.29386343993,0.00982774445926,0.00140447395801,1131.51262526,3305,0.120985053824,261.138749108,30.649924357,1946.07579248,4,0,0,,,,,
A04,1,0,2090,15.4622009569,0.518181818182,0.00418861082045,0.000544421655236,975.589500748,1201,0.124798405805,268.291320387,30.2314737719,1880.22682721,4,0,0,,,,,
A05,1,0,2297,9.36438833261,0.282977797127,0.00327119615735,0.000281407740398,989.281036603,724,0.135191329194,338.661387554,33.2306629834,2071.14970231,4,0,0,,,,,
A06,1,0,2379,9.09415720891,0.280369903321,0.00327553768832,0.000293654816003,1041.13646069,738,0.137307571298,356.387369191,32.4444444444,2191.84205847,4,0,0,,,,,
A07,1,0,2363,7.45958527296,0.257723233178,0.00230477444986,0.000273925316927,956.207709062,671,0.13444680264,279.435525333,29.3561847988,1785.97113886,4,0,0,,,,,
A08,1,0,2044,169.281311155,6.57191780822,0.0604495044407,0.00807911012579,2158.6493591,14675,0.142545265471,562.851320312,26.0017035775,3703.47627341,4,0,0,,,,,
A09,1,0,2202,37.7338782925,1.1217075386,0.00954036945749,0.00118250915794,1198.03820005,2720,0.121216548867,267.666737234,34.0216911765,1994.60612981,4,0,0,,,,,
A10,1,0,2183,11.7398076042,0.342189647274,0.00362870142976,0.000342864741827,1025.5626417,818,0.133509655742,334.845606603,35.0256723716,2092.57922896,4,0,0,,,,,
A11,1,0,2236,8.33944543828,0.283542039356,0.00303451564019,0.000294531084899,1033.21852077,702,0.137978423969,351.535911867,29.8689458689,2138.36703288,4,0,0,,,,,
A12,1,0,2167,9.73096446701,0.291185971389,0.00255312756518,0.000290079155748,988.602790873,707,0.125322075898,262.963697938,33.495049505,1771.15042158,4,0,0,,,,,
A13,1,0,2241,9.28023203927,0.277554663097,0.00319701992757,0.00028186241727,1076.79633161,691,0.133858695269,354.593717594,34.0839363242,2226.48383401,4,0,0,,,,,
A14,1,0,1602,116.101123596,3.84019975031,0.0421653617994,0.00517770888811,1713.87270568,6739,0.139544766484,464.15326222,30.5514171242,3051.94138452,4,0,0,,,,,
A15,1,0,2100,60.320952381,2.52571428571,0.0161165675381,0.00285245886339,1218.33676769,5838,0.128656923605,301.663844966,23.8992805755,2129.59917528,4,0,0,,,,,
A16,1,0,2322,21.8613264427,0.735142118863,0.00601658447262,0.000759367713156,1071.09602308,1897,0.123434615649,276.162522306,30.1049024776,1985.045088,4,0,0,,,,,
A17,1,0,2271,11.8626155878,0.377366798767,0.00332318996649,0.000384770694616,976.956977109,969,0.127736223967,265.966753701,31.7729618163,1799.61239228,4,0,0,,,,,
A18,1,0,2278,10.4973661106,0.274802458297,0.00287538976833,0.000277333177365,963.43527914,692,0.130032940178,287.513807334,38.411849711,1843.506259,4,0,0,,,,,
A19,1,0,2316,10.9900690846,0.366148531952,0.00361497019848,0.000357056136663,951.623635966,938,0.137033191899,319.335506551,30.6535181237,1956.18487383,4,0,0,,,,,
A20,1,0,2126,185.11476952,7.01081843838,0.0876089043078,0.00935063588436,3802.80192681,16364,0.159214079281,1125.92778163,26.5885480323,6686.77552549,4,0,0,,,,,
A21,1,0,2057,160.110354886,8.32960622265,0.0722400811467,0.0100192636575,2541.73458832,18835,0.161846161674,851.635133989,19.3420759225,4840.00219556,4,0,0,,,,,
A22,1,0,2269,63.1771705597,3.1956809167,0.0165701209305,0.00342530760552,1133.01850174,8070,0.131379737071,279.819296126,19.9044609665,1915.87134879,4,0,0,,,,,
A23,1,0,2411,16.0236416425,0.681874740771,0.00494314570829,0.000764483841798,929.060788553,1820,0.123740939412,245.996694977,23.7153846154,1711.73859678,4,0,0,,,,,
A24,1,0,2244,9.5325311943,0.356506238859,0.00302456609061,0.000359008337148,919.954010489,894,0.131291566331,276.048028905,26.8646532438,1771.18777982,4,0,0,,,,,
B01,1,0,2463,8.87576126675,0.316280958181,0.00231826834495,0.000320360141218,950.582945509,867,0.125803023017,258.034008999,28.7647058824,1816.41469995,4,0,0,,,,,
B02,1,0,2308,10.9662045061,0.337954939341,0.00357367505057,0.000349940338096,953.481352256,869,0.130778186946,282.800972537,32.5385500575,1835.56990935,4,0,0,,,,,
B03,1,0,2453,12.2763962495,0.403179779861,0.00401564788916,0.000452584763938,936.191979367,1091,0.127526713823,277.127902602,30.9908340972,1821.96891154,4,0,0,,,,,
B04,1,0,2299,101.414093084,4.27794693345,0.0378386603206,0.00493676982883,1516.37790521,10677,0.150600202458,535.092049896,23.886578627,3133.49551506,4,0,0,,,,,
B05,1,0,2273,41.206775187,1.55873295205,0.0105486097378,0.00160991701398,1067.66429643,3948,0.128070666521,274.828595242,26.6041033435,1928.5403994,4,0,0,,,,,
B06,1,0,2439,13.1127511275,0.388273882739,0.00400504750912,0.000400697710354,979.024566434,1032,0.132567377452,318.36965126,33.8963178295,2017.5490544,4,0,0,,,,,
B07,1,0,2418,8.40818858561,0.267576509512,0.0029395988403,0.000278363313588,978.087300117,735,0.140436108374,352.021398814,31.3170068027,2090.7248829,4,0,0,,,,,
B08,1,0,2230,8.45560538117,0.250224215247,0.00344525581304,0.000251258378142,984.029611229,622,0.14986454987,425.889555979,34.0964630225,2381.84757757,4,0,0,,,,,
B09,1,0,2414,8.08989229495,0.228666114333,0.00331531907746,0.000247872402083,965.996383092,608,0.142935303263,351.757539495,35.375,2070.70179021,4,0,0,,,,,
B10,1,0,2257,112.561364643,4.98582188746,0.0303430291721,0.0052423575017,1514.3838913,12314,0.130034300161,364.212142854,22.8159818093,2613.52325324,4,0,0,,,,,
B11,1,0,2217,21.648624267,0.848443843031,0.00573818928868,0.000844057861163,1047.08065314,2082,0.121116601374,259.328466735,25.7367915466,1855.11096381,4,0,0,,,,,
B12,1,0,2290,7.79082969432,0.284716157205,0.00239456799519,0.000289292285447,1033.27476695,717,0.132861795126,309.773003218,27.4058577406,1968.67280558,4,0,0,,,,,
B13,1,0,2250,8.692,0.26,0.00290715644025,0.000272905851479,1153.05327036,631,0.133930088493,372.926388904,33.3280507132,2353.42272347,4,0,0,,,,,
B14,1,0,2282,8.81419807187,0.304995617879,0.00244905726709,0.000306232127677,966.649787414,750,0.125971988071,257.94939674,29.288,1791.26045163,4,0,0,,,,,
B15,1,0,2292,8.88089005236,0.298865619546,0.00287217711099,0.0002964656272,1065.79104297,758,0.138643897865,340.11729425,30.0303430079,2105.19386911,4,0,0,,,,,
B16,1,0,1844,82.7944685466,3.74078091106,0.0256789198474,0.00440250028326,1275.47566169,7551,0.136086445649,343.567034018,22.3432657926,2309.39429893,4,0,0,,,,,
B17,1,0,2189,19.8926450434,0.782549109182,0.00524909494879,0.000773471110333,1033.18538946,1876,0.121015784103,240.61305466,25.5682302772,1749.69255644,4,0,0,,,,,
B18,1,0,2233,9.21361397223,0.285714285714,0.00394636154655,0.000278181717011,1102.62162409,708,0.148974538039,497.695544514,33.1581920904,2823.89713484,4,0,0,,,,,
B19,1,0,2197,9.44424214838,0.294947655894,0.00324980762933,0.000297467869265,955.638766735,696,0.139971235721,328.434176847,32.5459770115,2007.65664884,4,0,0,,,,,
B20,1,0,2195,9.01731207289,0.270615034169,0.00299941382131,0.000275504676565,907.247762607,667,0.137567567944,298.503954032,33.6626686657,1854.4729359,4,0,0,,,,,
B21,1,0,2349,12.0302256279,0.432098765432,0.00361144891409,0.000432467445695,900.904798134,1101,0.130801960918,270.110422608,27.9500454133,1707.23749401,4,0,0,,,,,
B22,1,0,2036,131.641453831,5.20383104126,0.0360501269993,0.00558071226756,1411.17235991,11717,0.13122600921,333.692502844,25.5301698387,2375.69832466,4,0,0,,,,,
B23,1,0,2218,41.6253381425,1.77231740307,0.00899643795087,0.00183364186684,973.578543346,4386,0.11906331465,205.268334234,23.7740538076,1572.85482656,4,0,0,,,,,
B24,1,0,2202,10.2475022707,0.405540417802,0.00326017668856,0.000414624267846,899.971846103,993,0.131296229132,284.287669632,25.5025176234,1815.52478887,4,0,0,,,,,
C01,1,0,2075,19.0346987952,0.786987951807,0.00510030735634,0.000826230811843,940.971577645,1802,0.12430512808,232.421521239,24.1825749168,1641.62012921,4,0,0,,,,,
C02,1,0,2141,11.4072863148,0.344698738907,0.00329145518385,0.000335756196259,880.968375134,808,0.131753822589,267.45449633,33.801980198,1697.04051471,4,0,0,,,,,
C03,1,0,2101,9.43550690148,0.246549262256,0.00288802868726,0.00025480727849,890.426131766,586,0.134139580549,279.125693185,39.0443686007,1782.57187145,4,0,0,,,,,
C04,1,0,2283,9.92553657468,0.314936487078,0.00335963090663,0.000316365197839,904.043153662,800,0.133744830172,317.184023583,31.55125,1993.41964582,4,0,0,,,,,
C05,1,0,2352,10.1113945578,0.30612244898,0.00335665959433,0.000332237992608,923.04281842,779,0.137483445183,313.936833885,33.2567394095,1973.6997826,4,0,0,,,,,
C06,1,0,2212,161.915009042,6.60216998192,0.0580928321645,0.00758441678868,2101.76777437,15860,0.144026994926,586.283650735,24.6914880202,3828.68670101,4,0,0,,,,,
C07,1,0,2219,104.222622803,3.73636773321,0.0289987607075,0.00416765317203,1373.01483943,9094,0.129505327543,329.66318808,28.1511985925,2373.63617111,4,0,0,,,,,
C08,1,0,2331,23.8515658516,0.807378807379,0.00601294526772,0.000850821844159,1031.68020618,2046,0.120132217623,253.967173678,29.761485826,1857.1396859,4,0,0,,,,,
C09,1,0,2262,11.9641909814,0.486737400531,0.00387904360243,0.00051236769497,976.65231733,1200,0.131012764754,301.095905824,25.1933333333,1935.75130285,4,0,0,,,,,
C10,1,0,2063,10.9636451769,0.4037809016,0.00388066785915,0.000444350867827,1040.65876824,936,0.138093888255,357.978522823,27.3290598291,2230.60231044,4,0,0,,,,,
C11,1,0,2290,10.0659388646,0.404366812227,0.00326869022181,0.000432643436798,991.297846578,1029,0.13589724987,333.266492165,25.6511175899,2098.93028963,4,0,0,,,,,
C12,1,0,2231,92.8000896459,3.72568354998,0.0210940587534,0.0038583541135,1386.44114779,9036,0.120923253681,296.84298457,25.1671093404,2314.61933185,4,0,0,,,,,
C13,1,0,2181,20.3475469968,0.740944520862,0.00552188763772,0.000733915248035,1169.70352519,1780,0.122702996857,326.014334493,27.993258427,2303.43952688,4,0,0,,,,,
C14,1,0,2314,10.0034572169,0.331460674157,0.00270916505244,0.000342478859559,986.299642846,869,0.126117285885,256.62221653,30.2738780207,1772.01733404,4,0,0,,,,,
C15,1,0,2441,9.77222449816,0.346579270791,0.00318932947197,0.000370465497261,994.138695701,929,0.127249121026,285.600168196,28.5113024758,1907.00145711,4,0,0,,,,,
C16,1,0,2506,11.5191540303,0.41061452514,0.00403422032549,0.000480830163781,1035.80166985,1174,0.136926001902,394.275462678,28.4693356048,2413.30923215,4,0,0,,,,,
C17,1,0,2345,7.1066098081,0.200426439232,0.00226718837888,0.000213230700362,944.054328201,538,0.137047979598,288.454342859,35.7211895911,1820.4015453,4,0,0,,,,,
C18,1,0,2376,129.027777778,5.7478956229,0.0413396718511,0.00605131468161,1912.81685013,14925,0.139843750187,554.641292763,22.6174204355,3670.7055889,4,0,0,,,,,
C19,1,0,2275,42.6782417582,1.50989010989,0.0106701093203,0.00159342790489,1229.16114922,3785,0.121457147932,282.785801597,28.6277410832,2089.44509894,4,0,0,,,,,
C20,1,0,2141,9.37085474078,0.245212517515,0.00307782295235,0.000252427682159,1045.70850817,591,0.135516424083,312.055584956,38.255499154,1988.91110565,4,0,0,,,,,
C21,1,0,2034,10.523107178,0.440511307768,0.00320592659257,0.000428458049008,929.297722128,992,0.130464969556,265.14635281,23.9284274194,1706.92067967,4,0,0,,,,,
C22,1,0,2284,12.3795971979,0.431698774081,0.0034623581027,0.000452243653922,897.474599104,1082,0.124888106899,251.087319353,28.5600739372,1696.84544122,4,0,0,,,,,
C23,1,0,2158,11.8090824838,0.472196478221,0.00304552946148,0.000464551997011,845.195813275,1160,0.127693062559,249.200697628,25.3215517241,1628.15953303,4,0,0,,,,,
C24,1,0,2231,9.47960555805,0.360824742268,0.00276155821765,0.000357637277846,893.889925133,909,0.132395670692,254.876902588,26.7447744774,1600.77303193,4,0,0,,,,,
D01,1,0,2255,161.647006652,7.05144124169,0.0595664334115,0.00827414414465,1713.86597694,17252,0.149992555746,511.239120778,23.0823092975,3138.43717578,4,0,0,,,,,
D02,1,0,2320,10.0245689655,0.349568965517,0.00314631644419,0.000353836544429,854.700048779,899,0.129038322053,269.510601525,28.489432703,1730.33887369,4,0,0,,,,,
D03,1,0,2153,138.210404087,5.80492336275,0.0437066813092,0.00658759454456,1539.24887215,13637,0.139144559943,413.472635794,24.1163745692,2790.53201971,4,0,0,,,,,
D04,1,0,2285,47.2437636761,1.69934354486,0.0105426409093,0.00173708324385,1044.67444483,4295,0.119832017144,228.354508576,27.8789289872,1767.69239073,4,0,0,,,,,
D05,1,0,2373,9.15339233038,0.276443320691,0.00323403257414,0.000291867192849,918.540544144,725,0.13784766814,326.079672447,33.6427586207,1956.59614373,4,0,0,,,,,
D06,1,0,2222,9.41584158416,0.295229522952,0.00341039806094,0.000292226604113,932.435644439,748,0.14018562139,336.27386852,32.2125668449,1968.21092708,4,0,0,,,,,
D07,1,0,2354,7.02081563297,0.206881903144,0.00238958162598,0.000210704245092,957.821975133,548,0.139296269235,337.236285378,34.3357664234,2042.03062318,4,0,0,,,,,
D08,1,0,2208,8.05797101449,0.248641304348,0.00275253857282,0.000253762798067,943.994285417,601,0.134984935016,298.850849859,32.455906822,1872.03398763,4,0,0,,,,,
D09,1,0,2099,154.702715579,6.44735588375,0.0674271767538,0.0087991378922,2253.69628338,14566,0.150646497328,649.820000721,24.1150624743,4051.08320138,4,0,0,,,,,
D10,1,0,2298,105.216275022,4.47040905135,0.0319546821313,0.00552221159872,1422.67091359,11312,0.134160341807,350.122347081,23.7020862801,2399.0741843,4,0,0,,,,,
D11,1,0,2272,44.8794014085,1.82922535211,0.0103962507502,0.00198294442754,1123.16874821,4576,0.121086250157,243.278623306,24.6776660839,1846.26775685,4,0,0,,,,,
D12,1,0,2389,8.37212222687,0.295939723734,0.00270628113105,0.00032013882478,992.768209438,797,0.136536180254,314.901586866,28.9397741531,1956.18148535,4,0,0,,,,,
D13,1,0,2344,9.2090443686,0.346416382253,0.00331472933835,0.000366687108577,1010.38260615,888,0.136452283958,360.222636298,26.5641891892,2190.00776277,4,0,0,,,,,
D14,1,0,2307,9.04161248375,0.283051582141,0.00252556372874,0.000288033312551,985.916617385,716,0.131036438742,294.951065674,32.2555865922,1922.57734415,4,0,0,,,,,
D15,1,0,1738,143.771576525,5.71231300345,0.0511550786539,0.00677190689552,1910.42795676,10811,0.139483816314,524.131372901,25.3540838035,3507.336782,4,0,0,,,,,
D16,1,0,2262,25.9226348364,0.909814323607,0.00637101100966,0.000963874799712,1051.68632237,2273,0.120500875461,248.076644261,28.9753629564,1823.98146377,4,0,0,,,,,
D17,1,0,2307,12.3237971391,0.442566103164,0.00367531774604,0.00045924981534,981.145177423,1131,0.129669324313,288.526486108,28.0778072502,1873.94171286,4,0,0,,,,,
D18,1,0,2368,9.93369932432,0.290962837838,0.00355641182173,0.000329641653885,1004.50979489,746,0.141111559662,360.612340882,34.6595174263,2187.24981062,4,0,0,,,,,
D19,1,0,2286,9.1697287839,0.305336832896,0.00332344756807,0.000329173272468,923.12623636,761,0.138524866247,346.113480082,30.4507227332,2167.61737602,4,0,0,,,,,
D20,1,0,2285,9.49496717724,0.268271334792,0.00352274506914,0.000279440431501,917.793769973,679,0.142546596933,343.67805907,35.5360824742,2061.53870597,4,0,0,,,,,
D21,1,0,1759,171.585559977,6.19727117681,0.0789286375559,0.00807404379475,2465.02325829,11936,0.154133424977,735.230349235,27.80730563,4431.59850075,4,0,0,,,,,
D22,1,0,2064,112.587209302,5.31782945736,0.0304532674033,0.00557433059265,1305.31224597,12084,0.134674458105,332.3281535,21.3229063224,2256.05455147,4,0,0,,,,,
D23,1,0,2104,11.5427756654,0.412547528517,0.00336492964818,0.000408725502876,863.110878598,951,0.134445926141,275.316432003,28.4952681388,1708.96984857,4,0,0,,,,,
D24,1,0,1862,153.715359828,8.3716433942,0.052243772939,0.00921919131124,1510.80330209,17532,0.149637314084,439.53245355,18.4573921971,2716.52022183,4,0,0,,,,,
E01,1,0,1824,159.447368421,6.03837719298,0.0555110143129,0.00682590737905,1679.61512944,12125,0.14706872374,498.230310416,26.5725360825,3110.58858568,4,0,0,,,,,
E02,1,0,2107,33.7612719506,1.29663028002,0.00755073548164,0.00129842259836,951.59769106,3007,0.121720181212,227.733676603,26.1134020619,1680.16908671,4,0,0,,,,,
E03,1,0,1989,9.24484665661,0.291603821016,0.00333264975594,0.000296236673834,883.929009452,654,0.13591635134,324.245605374,32.0917431193,1992.91086413,4,0,0,,,,,
E04,1,0,2327,9.22432316287,0.304684142673,0.0034246799599,0.000331421072452,924.710091845,782,0.136127950164,317.977626692,30.5127877238,1979.43399297,4,0,0,,,,,
E05,1,0,2374,8.18702611626,0.26748104465,0.00280439482375,0.000281067365513,901.523718685,692,0.135959515387,299.718508123,31.5476878613,1838.88772252,4,0,0,,,,,
E06,1,0,2126,114.648165569,4.72248353716,0.0329283558282,0.00518597214507,1512.12849795,11160,0.132082449948,377.485132914,24.5611111111,2671.1481668,4,0,0,,,,,
E07,1,0,2308,43.7850953206,1.5589254766,0.010458370394,0.00168555524705,1123.573793,4000,0.119141666034,251.685401468,28.44475,1919.48712834,4,0,0,,,,,
E08,1,0,2445,13.0826175869,0.41390593047,0.00408006832951,0.00042383540605,1023.66589456,1119,0.130369025975,326.627976965,31.8194816801,2153.04629249,4,0,0,,,,,
E09,1,0,2307,9.73905504985,0.296922410056,0.00365098617759,0.000328036276078,993.313660541,744,0.140043678152,365.874827011,33.5120967742,2223.45085499,4,0,0,,,,,
E10,1,0,2070,9.18550724638,0.327536231884,0.00345237949479,0.000327307492245,966.713307827,753,0.140849986529,389.811125732,28.3718459495,2281.35823158,4,0,0,,,,,
E11,1,0,2123,8.41544983514,0.288742345737,0.0029687607274,0.000304931513774,966.479757664,683,0.136327381838,332.858991796,29.4216691069,2075.81065027,4,0,0,,,,,
E12,1,0,2128,85.9694548872,3.74671052632,0.0224847590131,0.00397447001008,1386.09528728,8821,0.127684874402,336.173677613,23.1705022106,2444.66469109,4,0,0,,,,,
E13,1,0,2217,23.1208840776,0.856111862878,0.00595989418582,0.000875419668084,1101.46275776,2081,0.123287907772,286.973740466,27.383950024,2016.45007867,4,0,0,,,,,
E14,1,0,2454,9.91890790546,0.362265688672,0.00345643649687,0.00039699213222,994.913129456,977,0.133270880038,315.220216561,27.4667349028,1986.54153445,4,0,0,,,,,
E15,1,0,2329,9.47574066123,0.348647488192,0.00385036128312,0.000366346244641,1037.88041619,893,0.139720721489,387.411434309,27.5117581187,2315.35395607,4,0,0,,,,,
E16,1,0,2232,8.74462365591,0.283154121864,0.00354469910143,0.00029839746688,989.046332911,696,0.142944610729,394.23775217,31,2271.82390581,4,0,0,,,,,
E17,1,0,2352,6.88350340136,0.227040816327,0.00248982960845,0.00024764123883,1008.78075989,582,0.144211560092,352.378566075,30.383161512,2154.67608718,4,0,0,,,,,
E18,1,0,2007,164.698056801,6.8355754858,0.062672690109,0.00830289218101,2282.58632065,15000,0.146654754715,639.73326925,24.3864666667,4096.35347492,4,0,0,,,,,
E19,1,0,2018,104.279980178,4.22745292369,0.0288557041635,0.00458634603419,1295.43429519,9380,0.132676173962,330.567843716,24.8481876333,2301.32282784,4,0,0,,,,,
E20,1,0,2237,11.5824765311,0.485918641037,0.0035933556361,0.000509065566153,911.435955178,1206,0.126852931952,267.020041439,24.1583747927,1754.21601203,4,0,0,,,,,
E21,1,0,2134,8.86223055295,0.280693533271,0.00295550655888,0.000273450866723,899.464130202,666,0.137581107254,322.044709995,32.1396396396,1910.26251058,4,0,0,,,,,
E22,1,0,2091,8.80535628886,0.326637972262,0.0029874958673,0.00032429549771,857.852458235,794,0.134076049724,297.858341339,27.2594458438,1839.94520036,4,0,0,,,,,
E23,1,0,2257,10.552503323,0.431103234382,0.00321660363162,0.000432514611548,856.969115918,1068,0.130672639654,270.756068686,24.8867041199,1693.77570224,4,0,0,,,,,
E24,1,0,2182,151.538038497,7.10907424381,0.0540982578594,0.00808310780976,1570.86674794,17136,0.149773072176,466.3924688,21.3928571429,2841.42610217,4,0,0,,,,,
F01,1,0,1614,176.055142503,6.47831474597,0.0763187720906,0.00805749296097,2673.36596857,11558,0.151281688659,808.579511454,27.3487627617,4985.24931065,4,0,0,,,,,
F02,1,0,2258,120.452170062,4.93666961913,0.0399286769671,0.00554683718649,1603.71153874,12192,0.147236782349,506.056041977,24.4351213911,3056.65930086,4,0,0,,,,,
F03,1,0,2266,103.967343336,4.15136804943,0.0291201703542,0.00459798931533,1324.86775098,10253,0.130750101828,337.307063597,25.1860918755,2389.03060553,4,0,0,,,,,
F04,1,0,2525,21.1164356436,0.799207920792,0.00589257490182,0.000914802517139,1084.50418793,2247,0.123053301159,259.955842051,26.3742768135,1853.22919951,4,0,0,,,,,
F05,1,0,2296,10.0474738676,0.342770034843,0.00346552934341,0.000356033696297,938.122563229,880,0.135553953627,341.402917224,29.1193181818,2108.59761574,4,0,0,,,,,
F06,1,0,2212,7.81871609403,0.255424954792,0.00245075315494,0.000263722973204,994.862750946,623,0.13605334279,314.189388454,30.6115569823,2043.10628008,4,0,0,,,,,
F07,1,0,2443,7.63037249284,0.257060990585,0.00326852139713,0.000271909294073,990.208030748,716,0.14474334305,410.875254423,29.8296089385,2346.92685977,4,0,0,,,,,
F08,1,0,2137,145.082826392,6.37763219467,0.0622278848473,0.0077490229396,2176.98365934,15043,0.151802986234,739.808279975,22.8743601675,4454.29060348,4,0,0,,,,,
F09,1,0,2243,47.0766830138,2.19794917521,0.014334146759,0.00248398708448,1226.57786655,5476,0.132868341109,360.180479633,21.6718407597,2399.07615723,4,0,0,,,,,
F10,1,0,2316,8.88471502591,0.38816925734,0.00312718099546,0.000421258873637,992.614012236,997,0.12957056475,307.553733746,23.037111334,1967.91258485,4,0,0,,,,,
F11,1,0,2210,10.0642533937,0.362895927602,0.00362213344742,0.000375981428447,1022.12293916,877,0.136708890242,374.80407612,27.6955530217,2252.58263591,4,0,0,,,,,
F12,1,0,2290,7.43580786026,0.300873362445,0.00262930681318,0.000321579110346,1025.22897689,756,0.137463368162,337.462885268,25.1097883598,2060.39118443,4,0,0,,,,,
F13,1,0,2274,7.30255057168,0.235708003518,0.00305994467563,0.000247199849565,1088.68395818,584,0.146984403955,436.327398191,31.0684931507,2482.56615985,4,0,0,,,,,
F14,1,0,1791,162.977666108,6.38023450586,0.0646347305912,0.00798310722754,2486.72347049,12518,0.144528348103,678.724072176,25.7368589232,4420.53141271,4,0,0,,,,,
F15,1,0,2307,53.0680537495,2.47160814911,0.0135893823939,0.002802599922,1179.55845373,6306,0.12282246205,271.32422555,21.6563590232,2019.40758097,4,0,0,,,,,
F16,1,0,2042,13.2546523017,0.465719882468,0.00408158892842,0.000487164028157,978.330420293,1049,0.12852305918,285.075794483,28.490943756,1893.61691781,4,0,0,,,,,
F17,1,0,2264,8.04814487633,0.269876325088,0.00317541057477,0.000286339218891,976.392163354,682,0.143909715429,384.260938434,29.9545454545,2266.99961656,4,0,0,,,,,
F18,1,0,2010,8.39502487562,0.239800995025,0.00320118148099,0.00023969848314,1037.83046242,526,0.150046885216,411.88092298,34.933460076,2293.26784328,4,0,0,,,,,
F19,1,0,2253,7.66977363515,0.258322237017,0.00241696955851,0.000256813667385,931.372640151,642,0.137571161857,284.662279315,29.5996884735,1766.6079171,4,0,0,,,,,
F20,1,0,1871,180.437199359,5.27685729556,0.0608005815043,0.00654983524098,2295.17813395,10773,0.135895964884,554.869280037,34.4137194839,3937.62915976,4,0,0,,,,,
F21,1,0,2091,100.098039216,3.86370157819,0.0264435650286,0.00417529897931,1323.25641268,8942,0.126372478161,305.758370762,26.1514202639,2255.26321443,4,0,0,,,,,
F22,1,0,2248,16.0191281139,0.620996441281,0.00419483730775,0.000652692632726,864.881942569,1523,0.120136337211,206.089045359,25.8923177938,1494.74816568,4,0,0,,,,,
F23,1,0,2064,130.375968992,6.18798449612,0.0395907546237,0.00689952777066,1457.59477401,14145,0.140202005243,384.549865543,21.2577589254,2534.56658559,4,0,0,,,,,
F24,1,0,2132,11.9193245779,0.470450281426,0.00301766055268,0.000459015894042,841.48185988,1100,0.124674477466,211.763043967,25.1654545455,1481.12062325,4,0,0,,,,,
G01,1,0,2167,9.54730041532,0.294416243655,0.00250321135183,0.000272569658075,910.287425717,739,0.127883345895,261.03976105,33.151556157,1734.68468784,4,0,0,,,,,
G02,1,0,1859,143.754706832,4.75578267886,0.0413631046715,0.00513441310537,1454.97177956,9920,0.140000145509,389.089358801,30.2003024194,2577.28286658,4,0,0,,,,,
G03,1,0,2014,10.1484607746,0.302879841112,0.00287708346417,0.000294135516748,870.340617144,681,0.131099457731,252.410463433,33.4581497797,1611.41694688,4,0,0,,,,,
G04,1,0,2160,120.101851852,4.89259259259,0.0374656738879,0.00555451464464,1502.09055139,11695,0.136571382468,412.317940163,24.7209918769,2799.04438544,4,0,0,,,,,
G05,1,0,1977,46.5098634294,1.89074355083,0.01010055804,0.00186309708262,1020.49142303,4114,0.123157379297,239.781823898,24.6594555177,1780.83372676,4,0,0,,,,,
G06,1,0,2234,14.1226499552,0.510295434199,0.00393595231057,0.000536050635833,953.640934019,1254,0.125546318473,257.920534417,27.8301435407,1757.00243399,4,0,0,,,,,
G07,1,0,2160,8.23703703704,0.2625,0.00316039857609,0.000271545012828,955.669080703,637,0.141413354173,382.44189293,31.8822605965,2330.2166132,4,0,0,,,,,
G08,1,0,2037,8.73588610702,0.306332842415,0.00292630629355,0.000327863149571,946.423456114,689,0.135272490132,309.416321723,28.8519593614,1944.57988791,4,0,0,,,,,
G09,1,0,1973,10.401926001,0.393309680689,0.00371778624366,0.00038815283441,1001.70836551,857,0.141499301648,386.25864043,26.5414235706,2307.40557037,4,0,0,,,,,
G10,1,0,1944,132.905349794,6.40329218107,0.0572851351207,0.00759224765207,2086.64290619,13490,0.152284703327,741.820276285,20.9127501853,4418.79562291,4,0,0,,,,,
G11,1,0,1905,138.916535433,6.77847769029,0.0557741215164,0.00790004447427,2136.63101944,14237,0.15009309658,713.93015253,20.6580740325,4345.56439738,4,0,0,,,,,
G12,1,0,2030,13.5778325123,0.528078817734,0.00418515120345,0.000558919500426,1010.26390977,1166,0.129160618164,291.121516952,25.8439108062,1934.1640099,4,0,0,,,,,
G13,1,0,1973,9.48758236189,0.324379118094,0.00388609278496,0.000364174891179,991.4215557,714,0.142544044967,363.643704766,29.5616246499,2247.06509234,4,0,0,,,,,
G14,1,0,2246,10.339269813,0.379786286732,0.00412520969107,0.00038968722011,1048.36960865,946,0.142469974131,415.342524825,27.9281183932,2473.48019623,4,0,0,,,,,
G15,1,0,2107,7.54010441386,0.245372567632,0.0029179677946,0.000253876659337,1034.31681985,580,0.14555129335,393.034775323,31.1413793103,2256.64221844,4,0,0,,,,,
G16,1,0,1996,20.0586172345,0.720941883768,0.0061520967796,0.000765733561323,1087.81869047,1580,0.13075872282,329.39903177,28.1069620253,2134.63534971,4,0,0,,,,,
G17,1,0,2105,9.18004750594,0.301187648456,0.00312084406997,0.00030916656034,935.950877429,709,0.142598827878,331.137979088,30.9957686883,1933.82736154,4,0,0,,,,,
G18,1,0,2065,8.75108958838,0.322518159806,0.00301759563617,0.000329169317317,941.244334494,712,0.13570881977,323.30585306,27.6867977528,2019.36426017,4,0,0,,,,,
G19,1,0,1957,11.0102197241,0.326520183955,0.0041801568924,0.000372432426589,934.680862828,710,0.138843777748,335.546646103,33.414084507,2028.61551941,4,0,0,,,,,
G20,1,0,2037,8.30191458027,0.269513991163,0.00278317176711,0.000262771513705,908.357331967,600,0.140399756645,313.570112288,30.8333333333,1858.06005772,4,0,0,,,,,
G21,1,0,2064,7.90406976744,0.235949612403,0.00220626517548,0.00022376673597,879.847310121,549,0.135433580296,253.993175302,33.9380692168,1606.36917826,4,0,0,,,,,
G22,1,0,1995,177.955388471,8.01052631579,0.0736864005265,0.00964644621517,2797.72203356,17622,0.150484530369,763.98854486,22.4094881398,4902.43106309,4,0,0,,,,,
G23,1,0,1566,169.505747126,7.81673052363,0.0609549288822,0.00858542504865,1737.19695691,13585,0.151085480916,507.932440494,21.8912771439,3118.24108893,4,0,0,,,,,
G24,1,0,1932,173.847308489,8.05538302277,0.0606968388206,0.00876756893358,2011.13740237,17117,0.145579785656,553.617090757,21.8037623415,3554.08508863,4,0,0,,,,,
H01,1,0,2344,9.68046075085,0.329778156997,0.00240620835189,0.000312552653744,860.47669656,866,0.126017395856,222.241168278,29.7644341801,1518.24069863,4,0,0,,,,,
H02,1,0,2226,93.2277628032,3.4469901168,0.024068625662,0.00360435944725,1236.31511995,8486,0.128666209396,314.736093864,27.0670516144,2235.16193717,4,0,0,,,,,
H03,1,0,2343,15.0994451558,0.522407170294,0.00396838167832,0.000546513122219,989.616551937,1337,0.122069970902,266.5648832,29.081525804,1869.52612024,4,0,0,,,,,
H04,1,0,2200,9.99909090909,0.319090909091,0.00310041766421,0.000325255133841,942.582905344,778,0.131539872329,320.268811371,31.6940874036,2106.11764349,4,0,0,,,,,
H05,1,0,2237,8.77425122932,0.297273133661,0.00329139503735,0.000309311906553,923.474277081,723,0.140538438748,331.611759696,29.5048409405,1995.28768072,4,0,0,,,,,
H06,1,0,2151,147.528591353,6.07252440725,0.0553769314449,0.00695600660646,1966.7574455,14272,0.145275699078,611.245087507,24.4458380045,3903.47003973,4,0,0,,,,,
H07,1,0,2099,54.2024773702,2.29919009052,0.0132606406727,0.0024162598777,1121.75837621,5228,0.123248987433,262.045419908,23.8190512624,1952.16045172,4,0,0,,,,,
H08,1,0,2200,10.5931818182,0.381818181818,0.00372617076973,0.00038976894701,1021.83841591,935,0.134448903881,340.337170934,28.0823529412,2158.60575743,4,0,0,,,,,
H09,1,0,2083,9.71915506481,0.398943831013,0.00333134134701,0.000390556994929,1058.86219456,923,0.136181539558,337.473282528,24.6933911159,2059.36964786,4,0,0,,,,,
H10,1,0,2244,12.5151515152,0.436274509804,0.00483128317384,0.000519250119406,1095.43221499,1091,0.138932464994,366.069760955,28.9037580202,2268.59636793,4,0,0,,,,,
H11,1,0,2103,7.88207322872,0.320494531621,0.00260217040652,0.000321310196944,999.379803697,733,0.134564944722,316.148831941,24.9222373806,2005.10674345,4,0,0,,,,,
H12,1,0,2197,102.319071461,5.07373691397,0.0297881435965,0.0056442941022,1479.59001767,12207,0.13303514261,380.990091864,20.3031047759,2642.13603142,4,0,0,,,,,
H13,1,0,2028,36.7707100592,1.34861932939,0.00884778513244,0.00135904612954,1096.1623277,2978,0.12081772955,267.159194076,27.5792478173,1962.52156568,4,0,0,,,,,
H14,1,0,2278,8.16417910448,0.265144863916,0.00315069490913,0.000289148756597,1089.850903,678,0.144138720078,392.631273578,31.3938053097,2354.75509651,4,0,0,,,,,
H15,1,0,2219,8.47183415953,0.327625056332,0.00301586777418,0.000341344360146,962.662691678,802,0.138085141832,315.110383343,26.150872818,1909.29149696,4,0,0,,,,,
H16,1,0,2040,8.30147058824,0.299019607843,0.00344448661128,0.000313918113124,1006.55237766,689,0.142557064531,391.883595686,28.0696661829,2285.27836076,4,0,0,,,,,
H17,1,0,2079,8.38191438191,0.262626262626,0.00300893875508,0.000269334238104,945.723778772,612,0.139518800589,356.30825017,32.2352941176,2106.26692378,4,0,0,,,,,
H18,1,0,1892,109.274312896,3.93498942918,0.0292407560963,0.0043750579209,1335.76494582,8252,0.127791140266,305.936877796,27.9939408628,2222.12505942,4,0,0,,,,,
H19,1,0,2115,15.8784869976,0.536170212766,0.0043460552661,0.000562621897621,927.047044189,1251,0.125490985715,245.770613058,29.8193445244,1656.8412032,4,0,0,,,,,
H20,1,0,2108,11.9520872865,0.428842504744,0.00375476273832,0.000445153896623,880.759862538,1002,0.128740997147,258.031238094,28.1487025948,1657.0942424,4,0,0,,,,,
H21,1,0,1705,7.56774193548,0.22991202346,0.00268345233692,0.000227891502248,1041.15267465,441,0.139651705826,400.482564201,33.3038548753,2410.54559229,3,0,0,,,,,
H22,1,0,2104,12.7186311787,0.467680608365,0.00380546015515,0.000459001065035,871.794960262,1095,0.134094483827,272.938390896,27.3506849315,1678.46923624,4,0,0,,,,,
H23,1,0,2114,9.88363292337,0.348155156102,0.0031546231161,0.000351480967198,880.174596289,829,0.137722099319,302.092435928,28.6948130277,1862.61087707,4,0,0,,,,,
H24,1,0,2191,9.02008215427,0.362391602008,0.00294481831236,0.00036905705962,887.992553607,908,0.131635112592,272.783255414,24.9438325991,1737.37156463,4,0,0,,,,,
I01,1,0,1960,9.12704081633,0.278571428571,0.00304905290809,0.000284364132867,835.680744497,629,0.135946397041,294.073710836,33.0842607313,1823.01105242,4,0,0,,,,,
I02,1,0,1855,140.311051213,5.22857142857,0.0425320151673,0.00564874769739,1500.57289159,10620,0.139561754682,412.195380601,26.9848399247,2748.03807153,4,0,0,,,,,
I03,1,0,2031,43.7823732152,1.57607090103,0.0099290727337,0.00161591261498,1019.01403024,3503,0.120838177399,226.958202431,28.2309449044,1708.69241757,4,0,0,,,,,
I04,1,0,1994,11.129889669,0.370611835507,0.00328325622855,0.000368041461143,910.588015992,824,0.126461342742,259.325759791,30.1941747573,1724.16777164,4,0,0,,,,,
I05,1,0,2080,8.30673076923,0.269711538462,0.00290788274736,0.000276308534033,910.456923949,631,0.133429021993,307.117440881,30.9191759113,1921.4314812,4,0,0,,,,,
I06,1,0,2103,9.53019495958,0.309082263433,0.00340430420139,0.000315437372322,906.962459163,707,0.135247090265,303.099232352,30.9250353607,1895.15321172,4,0,0,,,,,
I07,1,0,2131,8.80244016893,0.316752698264,0.00344989991959,0.000341149600933,918.291095039,734,0.138286680462,334.898572258,27.8297002725,2032.444104,4,0,0,,,,,
I08,1,0,2048,140.23828125,6.20263671875,0.0527717475476,0.0072468489368,1967.477407,14129,0.144481984951,594.87027703,22.8103192016,3810.14415702,4,0,0,,,,,
I09,1,0,2145,47.7846153846,2.14731934732,0.0121874375443,0.00237559978637,1186.73786883,5036,0.12325008977,274.296974192,22.3935663225,2057.07481231,4,0,0,,,,,
I10,1,0,2015,11.2689826303,0.429776674938,0.00334447574517,0.000435254800239,985.836021466,958,0.132483309349,297.677026161,26.2526096033,1890.79730564,4,0,0,,,,,
I11,1,0,2070,8.21256038647,0.342512077295,0.00270722696083,0.000366985447568,983.487711174,784,0.130691536326,277.980738167,24.25,1821.29728969,4,0,0,,,,,
I12,1,0,2181,7.21870701513,0.248968363136,0.00290516697189,0.000260758898233,939.058273229,606,0.140891152861,351.324249501,29.2062706271,2083.75403528,4,0,0,,,,,
I13,1,0,2078,6.78344562079,0.248315688162,0.00255811970743,0.000257416860572,1011.65929911,563,0.139197864355,354.843733474,28.163410302,2095.58851377,4,0,0,,,,,
I14,1,0,2230,78.8076233184,3.15695067265,0.0208838587858,0.00349314770302,1279.46600306,7670,0.128373242864,309.619544279,25.195958279,2218.25604248,4,0,0,,,,,
I15,1,0,2167,21.2390401477,0.859713890171,0.00550939167506,0.000897421831187,1040.1901496,2090,0.120050034464,258.560825956,25.3090909091,1895.71202238,4,0,0,,,,,
I16,1,0,2039,9.18097106425,0.315350662089,0.00341116378482,0.000314288733143,1015.72926548,713,0.14310598794,398.676223272,29.5301542777,2286.24646158,4,0,0,,,,,
I17,1,0,2104,7.44106463878,0.228136882129,0.00254702990345,0.000237609643501,936.478063529,521,0.138500370592,337.132243752,32.7811900192,2119.35393386,4,0,0,,,,,
I18,1,0,2206,7.93019038985,0.230281051677,0.00319715168644,0.000241911754732,1024.64716203,572,0.146229280253,436.742171345,34.0804195804,2615.82015797,4,0,0,,,,,
I19,1,0,2181,7.24759284732,0.23658872077,0.00285589041532,0.000245228090719,990.406299257,577,0.142682046626,362.19526246,30.4020797227,2141.91357289,4,0,0,,,,,
I20,1,0,2220,63.3968468468,2.69234234234,0.0163004682597,0.00305360195368,1050.76370748,6459,0.126508212959,249.477818738,23.7109459669,1824.61721087,4,0,0,,,,,
I21,1,0,2197,76.8543468366,2.83295402822,0.0194538250236,0.00325663745507,1063.17698965,6784,0.125478181989,234.949674764,27.2119693396,1723.74030589,4,0,0,,,,,
I22,1,0,1996,21.8446893788,0.781062124248,0.00551532153329,0.000761713058945,893.726852964,1724,0.124989559071,241.84418948,28.2291183295,1638.82967272,4,0,0,,,,,
I23,1,0,2141,9.96029892574,0.40822045773,0.00306460082247,0.000416460447333,908.238218489,961,0.132169703209,258.126318447,24.4516129032,1660.88850576,4,0,0,,,,,
I24,1,0,2094,9.31852913085,0.352435530086,0.0030064960581,0.000349430761566,850.155811577,820,0.134105735471,280.597002484,26.4682926829,1742.80604689,4,0,0,,,,,
J01,1,0,2360,6.52457627119,0.219491525424,0.00174742531466,0.000240459819327,1090.97769592,585,0.126429425933,274.449079437,29.7794871795,1935.82306398,4,0,0,,,,,
J02,1,0,2489,8.10606669345,0.21936520691,0.00291121164654,0.00022919408862,892.8610374,604,0.136995757394,348.485550329,36.8443708609,2024.51850567,4,0,0,,,,,
J03,1,0,2035,176.712530713,5.72235872236,0.0763718487485,0.00639153515176,3078.97897868,12614,0.154175004294,1076.45424333,31.1867765974,6283.31579398,4,0,0,,,,,
J04,1,0,2230,95.501793722,3.46233183857,0.04852396278,0.003960401304,2331.87428182,8525,0.162020493166,1119.34753884,27.6321407625,5927.70017982,4,0,0,,,,,
J05,1,0,2209,27.1140787687,0.978270710729,0.0086786934089,0.00102492462174,1151.05945089,2427,0.138597946474,414.242355569,27.8520807581,2465.69846144,4,0,0,,,,,
J06,1,0,2111,9.25864519185,0.339175746092,0.00248715345753,0.000356137394891,985.703876739,808,0.127549690378,252.628152178,27.3972772277,1739.06079237,4,0,0,,,,,
J07,1,0,2177,8.87689480937,0.279283417547,0.00277248758806,0.00030048239907,1050.65273791,681,0.130490517566,302.140812379,32.3083700441,2010.75398412,4,0,0,,,,,
J08,1,0,1606,7.099626401,0.278331257783,0.00182464645818,0.000281864328903,970.438567179,516,0.125948287617,254.14651494,25.3333333333,1756.27804767,3,0,0,,,,,
J09,1,0,2052,133.499025341,5.40155945419,0.048009980556,0.00639152540264,1919.95127815,12187,0.139813011519,545.166109531,24.8989907278,3596.42344089,4,0,0,,,,,
J10,1,0,2143,40.9127391507,1.86747550163,0.0104276233344,0.00207889574952,1178.12641256,4318,0.121852820415,269.721417941,21.9844835572,1980.03233301,4,0,0,,,,,
J11,1,0,2067,12.1504596033,0.44557329463,0.00429906917962,0.000484541371269,997.327836848,1025,0.131156557456,356.681259863,27.3746341463,2191.87759351,4,0,0,,,,,
J12,1,0,2035,8.71744471744,0.322358722359,0.0032925594856,0.000344132576793,975.326185473,732,0.136478531084,331.670238406,27.5915300546,2062.39109035,4,0,0,,,,,
J13,1,0,2177,7.79650895728,0.292145153881,0.00296876187106,0.000311665053014,966.715163286,721,0.142355585409,366.386840038,27.1359223301,2143.51870211,4,0,0,,,,,
J14,1,0,2156,6.63172541744,0.233302411874,0.00219308075791,0.000244949183715,977.161534166,569,0.135783602272,309.890230844,28.9824253076,1950.78988366,4,0,0,,,,,
J15,1,0,2031,7.96208764156,0.290497291974,0.00242884907447,0.000282338657968,995.160211473,678,0.133809446849,313.284119165,27.790560472,1981.86851466,4,0,0,,,,,
J16,1,0,2224,7.6654676259,0.260341726619,0.00223196455433,0.000260474277973,925.753763009,661,0.131671017108,265.777247142,29.9077155825,1709.73612786,4,0,0,,,,,
J17,1,0,2011,8.09050223769,0.285430134262,0.00281413793396,0.000282198619978,921.403928513,659,0.138410157352,311.44217745,28.6509863429,1885.03258774,4,0,0,,,,,
J18,1,0,1758,73.9351535836,2.61774744027,0.0184949986191,0.0028725567533,1226.1994498,5030,0.12650481349,290.359574135,28.4932405567,2115.59696365,4,0,0,,,,,
J19,1,0,2015,35.0258064516,1.27543424318,0.00729433532782,0.00133444804256,995.11598569,2822,0.115690942956,195.633472704,27.5623671155,1553.33384984,4,0,0,,,,,
J20,1,0,2082,8.41642651297,0.292026897214,0.00278888066719,0.000296572812221,892.038278988,688,0.130328717565,271.596600416,29.1729651163,1717.02755922,4,0,0,,,,,
J21,1,0,1822,122.671240395,4.45718990121,0.0363395320907,0.00479090169947,1454.48147958,9029,0.135343858983,391.620668679,27.7390630192,2623.62869478,4,0,0,,,,,
J22,1,0,2123,42.0310880829,1.84597268017,0.00961987874243,0.00192567004583,993.286850462,4293,0.12010227747,215.879916218,22.9960400652,1645.94406851,4,0,0,,,,,
J23,1,0,2097,10.2026704816,0.420123986648,0.00332102613191,0.000427309241495,867.148377375,975,0.135657743032,285.831449873,24.6205128205,1745.15392299,4,0,0,,,,,
J24,1,0,2064,8.97238372093,0.358527131783,0.00257545659521,0.000357017108836,881.810325953,819,0.12856675925,236.470276477,25.1330891331,1581.5724505,4,0,0,,,,,
K01,1,0,2032,10.2431102362,0.286909448819,0.00339241018164,0.00024972370373,985.126586841,657,0.141365496337,356.503726441,35.3150684932,2065.0751216,4,0,0,,,,,
K02,1,0,2029,8.27895515032,0.27698373583,0.00241989651076,0.000267693921992,920.867132009,632,0.129808373168,242.918235429,29.6487341772,1608.89165937,4,0,0,,,,,
K03,1,0,2079,7.3949013949,0.272727272727,0.00227541777378,0.00027800374803,843.41251392,632,0.134508851763,268.000310803,27.3037974684,1673.1198469,4,0,0,,,,,
K04,1,0,2013,169.926477894,6.74565325385,0.0882296021749,0.00818728471209,2633.71765992,14772,0.165206524943,1014.95726102,25.3602085026,5631.46771223,4,0,0,,,,,
K05,1,0,2056,134.22422179,5.08754863813,0.0450630083797,0.00572081323733,1516.9216344,11442,0.14185163622,447.946229806,26.4747421779,2869.88199877,4,0,0,,,,,
K06,1,0,1940,47.9226804124,1.62680412371,0.0115908294156,0.00177286616223,1157.74159348,3462,0.123327424827,279.719279345,29.5072212594,2052.31457459,4,0,0,,,,,
K07,1,0,2079,17.4665704666,0.598364598365,0.00453654778078,0.000625134073117,983.631144396,1394,0.12484098269,261.887607734,29.4433285509,1834.37622961,4,0,0,,,,,
K08,1,0,1988,7.2444668008,0.19014084507,0.00193328490336,0.000189858041111,963.347391467,425,0.133210677368,276.598516054,37.92,1801.94326189,4,0,0,,,,,
K09,1,0,1984,7.60534274194,0.242943548387,0.00278350646579,0.000250878093641,950.759287411,538,0.14255715903,346.500764172,31.3810408922,2015.95243029,4,0,0,,,,,
K10,1,0,1893,125.217643951,5.2794506075,0.0444298007033,0.00672933509075,1655.09753545,10869,0.137711192454,445.31111662,23.865673015,3012.62296087,4,0,0,,,,,
K11,1,0,2072,48.6293436293,1.77364864865,0.012040405227,0.00201425388926,1117.64419873,4027,0.11991325279,243.524973599,27.7817233673,1845.54299945,4,0,0,,,,,
K12,1,0,1973,15.3532691333,0.582868727826,0.00435174277017,0.000581509954895,1053.7647781,1294,0.127304018985,297.166376043,26.6058732612,1959.26847946,4,0,0,,,,,
K13,1,0,1947,8.2583461736,0.319979455573,0.0027083210839,0.000329614778894,961.931867084,720,0.136457600727,319.812831598,26.3041666667,1923.63533165,4,0,0,,,,,
K14,1,0,2111,7.22074846045,0.26006631928,0.00242685269333,0.000263033957652,967.467456792,606,0.134551837192,314.747893457,27.8432343234,1931.68686421,4,0,0,,,,,
K15,1,0,2001,9.60569715142,0.348325837081,0.00355516413062,0.000366826344354,942.242401723,781,0.136193204093,320.572228151,27.8822023047,1953.85227901,4,0,0,,,,,
K16,1,0,1992,115.700803213,4.56375502008,0.036525159439,0.00536466030749,1428.14735012,9899,0.13579614659,378.776119748,25.5977371452,2546.63186542,4,0,0,,,,,
K17,1,0,1945,49.4570694087,1.93727506427,0.0116540677319,0.00212154434496,1162.6289466,4132,0.120972347004,248.350985095,25.8693126815,1909.10681275,4,0,0,,,,,
K18,1,0,1933,8.80237972064,0.269529229177,0.00277107526849,0.000275992159518,937.093112595,574,0.132206249062,339.41055976,32.7543554007,2007.16385219,4,0,0,,,,,
K19,1,0,2122,7.40763430726,0.217247879359,0.00242350533077,0.00023035055078,908.254030107,510,0.135635795479,299.418081278,34.3196078431,1863.5410212,4,0,0,,,,,
K20,1,0,1947,7.62763225475,0.264509501798,0.00247438702358,0.000276532230428,918.785859575,578,0.136050150308,277.822120572,29.1885813149,1757.06702474,4,0,0,,,,,
K21,1,0,2044,8.29500978474,0.262230919765,0.00231305620977,0.000269802354869,878.028926085,596,0.129623895868,242.392452097,32.1560402685,1637.28504632,4,0,0,,,,,
K22,1,0,2130,42.3507042254,1.69154929577,0.0103623908734,0.00170815907249,1010.30897254,4003,0.124928117065,235.121213806,25.1059205596,1701.53215411,4,0,0,,,,,
K23,1,0,2034,8.90265486726,0.337758112094,0.0025941130936,0.000340675837688,846.722808575,769,0.129817821415,254.27757604,26.7568270481,1654.61417302,4,0,0,,,,,
K24,1,0,2045,48.5990220049,2.30660146699,0.0113266535264,0.00241816464062,989.344940117,5187,0.123573552946,215.560794514,21.2087912088,1610.30601377,4,0,0,,,,,
L01,1,0,1881,132.396597554,5.55661881978,0.0497509830398,0.00612294096898,2489.38965374,11437,0.156536586145,793.873451416,24.0441549357,4560.12232148,4,0,0,,,,,
L02,1,0,2357,11.1684344506,0.337293169283,0.0041308152915,0.00031877668364,967.480913011,859,0.144349063229,419.209307835,33.266589057,2340.2473787,4,0,0,,,,,
L03,1,0,2131,19.6841858282,0.717503519474,0.00521695611752,0.000732394228769,945.847791042,1697,0.123155829003,241.523670592,27.4908662345,1712.83958468,4,0,0,,,,,
L04,1,0,2050,8.37024390244,0.279512195122,0.00220805989159,0.000284266724846,914.064225874,637,0.129096565305,257.694368417,30.7127158556,1699.17844594,4,0,0,,,,,
L05,1,0,2194,9.1130355515,0.285323609845,0.00310735628277,0.000328280588913,951.174140729,710,0.128499719473,281.415328808,31.6901408451,1849.49538969,4,0,0,,,,,
L06,1,0,2255,8.40133037694,0.241241685144,0.00282245913651,0.0002623193267,928.864840796,613,0.137828385574,312.40077679,35.0815660685,1893.43657382,4,0,0,,,,,
L07,1,0,1980,149.93989899,5.44545454545,0.0534265294145,0.00647319792983,1885.83465494,11798,0.141410710658,523.770863496,27.8524326157,3467.213865,4,0,0,,,,,
L08,1,0,2002,53.9975024975,1.63886113886,0.0145060612721,0.00179050095067,1153.02674469,3611,0.124931452754,297.275496502,33.3547493769,2156.86819728,4,0,0,,,,,
L09,1,0,2220,9.05,0.275675675676,0.00279215956621,0.000278109149761,958.637795182,716,0.133778939054,299.944853715,32.8882681564,1940.63292833,4,0,0,,,,,
L10,1,0,1992,9.33232931727,0.325803212851,0.00346958420616,0.000343043509421,950.141515646,729,0.136124341902,356.176851949,29.049382716,2178.79745341,4,0,0,,,,,
L11,1,0,2126,7.49435559737,0.305268109125,0.00233942524178,0.000326327901197,954.92425473,713,0.132223422337,259.654364209,24.4403927069,1729.37359861,4,0,0,,,,,
L12,1,0,2024,7.97776679842,0.288043478261,0.00250203635092,0.000306425358438,955.182627474,633,0.132506944543,288.34653584,27.9652448657,1860.67831323,4,0,0,,,,,
L13,1,0,2100,7.84047619048,0.282857142857,0.00273245805285,0.000296996598513,1017.49526733,659,0.136330350935,348.464878055,27.8937784522,2152.1201633,4,0,0,,,,,
L14,1,0,2057,7.90520175012,0.277588721439,0.00252213480498,0.000294236894937,968.248493437,640,0.133831767989,287.637738717,28.4875,1857.05359362,4,0,0,,,,,
L15,1,0,1918,9.59906152242,0.36913451512,0.00292001324116,0.000366618628317,935.030687971,785,0.132369393805,293.464411043,26.4191082803,1888.62654041,4,0,0,,,,,
L16,1,0,1720,97.1313953488,3.42325581395,0.0263104024554,0.0036680610229,1456.1766267,6463,0.12993255252,374.178006139,28.5602661303,2650.71988646,4,0,0,,,,,
L17,1,0,2034,19.33726647,0.594395280236,0.00531708453919,0.000654958019339,1053.7587093,1344,0.123765291196,282.71114785,32.7648809524,1962.10840557,4,0,0,,,,,
L18,1,0,2037,9.79970544919,0.324005891016,0.0033520449217,0.000322058915785,990.82808228,747,0.138018833481,337.900342538,30.672021419,2026.6110568,4,0,0,,,,,
L19,1,0,1533,158.355512068,5.31898238748,0.0482832309288,0.00571778889471,1596.22434768,9014,0.137080142567,406.865907787,30.0142001331,2806.59512499,4,0,0,,,,,
L20,1,0,1831,100.678317859,4.12342981977,0.0305230401424,0.0043313826735,1276.63745389,8318,0.136278628684,378.380909636,24.6735994229,2438.87113706,4,0,0,,,,,
L21,1,0,2257,18.7416925122,0.569339831635,0.00519114527268,0.000638802500833,956.76643363,1436,0.12220940973,242.742649081,33.5598885794,1741.95498439,4,0,0,,,,,
L22,1,0,2021,10.0653142009,0.37753587333,0.00281842894584,0.000362121651392,879.719710248,835,0.130600622715,287.993996882,27.0407185629,1846.51752547,4,0,0,,,,,
L23,1,0,2194,8.72014585232,0.369188696445,0.00242304307755,0.000380494922772,841.358163596,917,0.127310319026,224.468973445,23.9760087241,1535.88831949,4,0,0,,,,,
L24,1,0,1962,151.401630989,7.52038735984,0.0533939660876,0.00861126596898,1759.71698879,16118,0.147589648465,497.768621578,20.3082888696,3115.18669678,4,0,0,,,,,
M01,1,0,2069,128.457709038,4.73320444659,0.0404012682547,0.00530230892691,1656.40466875,10651,0.141189207925,464.807454392,27.192094639,3015.26053364,4,0,0,,,,,
M02,1,0,1932,10.4275362319,0.375258799172,0.00287981092811,0.00035877116534,929.062831365,826,0.134355440997,291.89043415,27.6973365617,1825.41599691,4,0,0,,,,,
M03,1,0,2059,10.2651772705,0.358912093249,0.00271184008793,0.000350956606429,930.645937677,819,0.125144702651,254.341881335,28.7631257631,1733.26994743,4,0,0,,,,,
M04,1,0,2243,86.8337048596,2.85376727597,0.0236317437118,0.00332350724897,2163.04117452,6947,0.127377975815,338.772420541,30.40823377,2472.91926973,4,0,0,,,,,
M05,1,0,2134,35.9053420806,1.21696344892,0.00895803535662,0.00125507546352,1025.26704869,2873,0.119780871917,236.703398669,29.592760181,1765.5399822,4,0,0,,,,,
M06,1,0,2088,11.4851532567,0.367337164751,0.00372367983546,0.000372364871997,949.931218174,862,0.130350111291,288.359061088,31.4025522042,1895.63660994,4,0,0,,,,,
M07,1,0,2031,10.1398325948,0.331363860167,0.00329795423598,0.000347626671215,910.219950849,747,0.133803707265,286.336412675,30.7469879518,1770.21053766,4,0,0,,,,,
M08,1,0,2023,8.51903114187,0.239742956006,0.00305115186127,0.000245970671543,957.426487464,564,0.140017216025,353.582204161,35.7145390071,2056.14988386,4,0,0,,,,,
M09,1,0,1923,8.53354134165,0.317212688508,0.00317158124624,0.00032707200181,942.484157211,700,0.133376426002,312.620750797,27.0228571429,1961.93205566,4,0,0,,,,,
M10,1,0,1905,121.841994751,5.39632545932,0.0399046624112,0.00615163156589,1663.11240748,11238,0.138868046575,472.660244234,22.7287773625,3106.59592019,4,0,0,,,,,
M11,1,0,2157,29.5859990728,1.18915159944,0.00707783776022,0.00126531966756,1071.81252039,2794,0.118413158951,235.910380866,25.1084466714,1803.83654083,4,0,0,,,,,
M12,1,0,2066,14.449661181,0.574056147144,0.00412749718397,0.000599023379353,1005.12846667,1320,0.125432363358,267.721792252,25.4136363636,1861.06970226,4,0,0,,,,,
M13,1,0,2152,10.4958178439,0.405669144981,0.00392333441643,0.00045429922776,987.085416836,954,0.135282091283,348.933087494,25.8501048218,2159.6535523,4,0,0,,,,,
M14,1,0,2227,11.4009878761,0.379434216435,0.00404815836472,0.000451893826225,1077.93588847,918,0.137057634701,360.548903524,29.7712418301,2276.85275693,4,0,0,,,,,
M15,1,0,2240,9.37946428571,0.324553571429,0.00352590184309,0.000341747687674,985.232499811,829,0.138753125389,348.37178059,28.8287092883,2102.96373873,4,0,0,,,,,
M16,1,0,1828,167.7297593,5.40919037199,0.0795266349882,0.00720845247915,2234.62904485,10806,0.154056737569,696.793095619,31.0897649454,4153.29810592,4,0,0,,,,,
M17,1,0,1881,158.033492823,5.89792663477,0.0636364407923,0.00661534411531,1942.84297712,12226,0.149482980577,643.179852609,26.9258138394,3832.41636035,4,0,0,,,,,
M18,1,0,2138,12.7156220767,0.39616463985,0.00355733898808,0.000400840225175,953.631913282,933,0.129552216605,274.472871028,32.1489817792,1827.27994494,4,0,0,,,,,
M19,1,0,2023,10.1557093426,0.332674246169,0.0035544113315,0.000346176601618,904.629344869,748,0.139103191768,336.234051164,30.4812834225,2004.46363206,4,0,0,,,,,
M20,1,0,2157,8.89568845619,0.32545201669,0.00307733261718,0.000316187648006,1055.643835,753,0.140674097859,367.095630486,27.5604249668,2178.31686416,4,0,0,,,,,
M21,1,0,2216,8.75631768953,0.28880866426,0.00348618784538,0.000297576522841,913.838622048,700,0.143493787835,384.809199341,31.2171428571,2190.17296281,4,0,0,,,,,
M22,1,0,1924,173.176715177,7.26975051975,0.0884039427583,0.00863190874805,3454.04138345,15318,0.16238162687,1238.0650508,23.9220524873,7178.81085131,4,0,0,,,,,
M23,1,0,1961,84.8398776135,3.85313615502,0.0222069001765,0.00405687411457,1165.50660855,8364,0.129703304003,286.188420869,22.3426590148,2055.11739231,4,0,0,,,,,
M24,1,0,1959,139.247575294,6.77998979071,0.0453358345421,0.00751178837692,1512.38867699,14855,0.14438651776,424.04220785,20.7112083474,2692.4526322,4,0,0,,,,,
N01,1,0,2087,65.8409199808,2.50215620508,0.016888236443,0.00250954889486,1085.70443888,5874,0.127904737125,276.229585109,26.3059244127,1967.86762829,4,0,0,,,,,
N02,1,0,1808,170.593473451,6.79148230088,0.0709258530543,0.00833472085258,2389.56705597,13333,0.156693325736,771.063930101,25.3118577964,4539.67702951,4,0,0,,,,,
N03,1,0,2093,11.4429049212,0.3569039656,0.00299941842379,0.000366822760953,939.169058653,854,0.124124181786,260.798095008,31.9133489461,1787.45857139,4,0,0,,,,,
N04,1,0,2159,11.5581287633,0.379805465493,0.00310796984679,0.000408520727002,940.30489634,937,0.124343129166,257.688852915,30.5923159018,1770.7030244,4,0,0,,,,,
N05,1,0,2155,8.83712296984,0.269605568445,0.00278087125548,0.000272315207853,979.578999269,642,0.132917838323,339.323880922,32.6043613707,2158.19546835,4,0,0,,,,,
N06,1,0,1926,61.7606438214,2.14330218069,0.0168829795065,0.00236269445646,1340.19667609,4576,0.129327110299,354.889454228,28.961756993,2432.82993909,4,0,0,,,,,
N07,1,0,2010,24.7089552239,0.825373134328,0.0060351379407,0.000826661633459,1011.695174,1869,0.123320769318,261.960604475,29.7335473515,1833.50989274,4,0,0,,,,,
N08,1,0,2029,14.5115820601,0.495810744209,0.003658185081,0.000521806087403,940.789602955,1145,0.123776559548,232.40585229,29.231441048,1647.17438249,4,0,0,,,,,
N09,1,0,2170,9.61751152074,0.321198156682,0.00321022051685,0.000338480701511,955.747793394,786,0.132024696938,298.810201509,30.227735369,1892.14672593,4,0,0,,,,,
N10,1,0,2205,10.0861678005,0.408163265306,0.00355961755884,0.000431856359664,978.266182548,1031,0.13387579682,350.469137288,24.7099903007,2210.39976757,4,0,0,,,,,
N11,1,0,2100,8.22380952381,0.278571428571,0.00231301625002,0.000281955817835,928.500986968,657,0.130314508661,273.053251683,29.6651445967,1811.708262,4,0,0,,,,,
N12,1,0,1976,67.1462550607,2.69686234818,0.0161324313454,0.00289260902256,1223.77097076,5853,0.123311060915,287.671498242,24.984281565,2141.59742865,4,0,0,,,,,
N13,1,0,1975,11.0156962025,0.434936708861,0.00286565941704,0.000435357624863,978.315395298,956,0.124850054541,251.3818387,25.7008368201,1786.62897266,4,0,0,,,,,
N14,1,0,2230,8.52600896861,0.287892376682,0.00260527170974,0.000294801491544,946.353383168,728,0.132483582893,288.187289969,29.6881868132,1821.89541815,4,0,0,,,,,
N15,1,0,2403,10.3079483978,0.290470245526,0.00357543659942,0.000323590963148,1012.57542324,798,0.134841632619,333.484661685,35.1516290727,2109.86695284,4,0,0,,,,,
N16,1,0,2103,8.27627199239,0.269139324774,0.00265829269156,0.000268269228427,977.544570146,618,0.135703610088,320.407458957,31.0469255663,1951.75486867,4,0,0,,,,,
N17,1,0,1847,10.082837033,0.30752571738,0.00330339846224,0.000291337158159,1057.23555859,634,0.139281185283,396.405234916,32.8296529968,2341.2963739,4,0,0,,,,,
N18,1,0,1812,136.876379691,5.50993377483,0.045034436575,0.00588086105012,1767.02936316,11106,0.140935929461,548.469749761,25.045560958,3455.00087112,4,0,0,,,,,
N19,1,0,2010,16.7960199005,0.571144278607,0.00407771592534,0.000568188185745,1006.64060053,1246,0.124036944451,258.600351661,29.4502407705,1791.97654908,4,0,0,,,,,
N20,1,0,2089,9.79320248923,0.300143609382,0.00293458933796,0.000304839245622,929.537227419,717,0.132544215141,297.094882051,32.9246861925,1859.68976562,4,0,0,,,,,
N21,1,0,2187,10.7059899406,0.381801554641,0.00280424324765,0.000371251899121,912.05280583,928,0.123874236952,239.794677105,28.525862069,1669.58182034,4,0,0,,,,,
N22,1,0,1967,11.1113370615,0.373157092018,0.00294672602303,0.000367134652715,843.452842963,824,0.126670345301,227.505096034,29.7038834951,1521.94537475,4,0,0,,,,,
N23,1,0,1711,165.351256575,7.536528346,0.0640318448061,0.00882881969654,1904.69063879,14330,0.153264332762,566.629326568,22.0784368458,3442.14626469,4,0,0,,,,,
N24,1,0,2093,12.0348781653,0.473960821787,0.00369014657514,0.00045836806642,878.245480462,1102,0.133157026715,271.178888292,25.2323049002,1713.98154145,4,0,0,,,,,
O01,1,0,2051,11.2189176012,0.342272062409,0.00359155442736,0.000326927844897,980.519797295,785,0.141335497614,354.589959284,32.7770700637,2075.16045085,4,0,0,,,,,
O02,1,0,1291,91.9031758327,3.25871417506,0.0244772416423,0.00355193071595,1255.78094604,4731,0.133035326755,318.854807829,28.3897696047,2217.22041497,3,0,0,,,,,
O03,1,0,2111,90.8711511132,3.22074846045,0.0263839719053,0.00372248840967,1269.61323741,7433,0.130617197351,328.045794834,28.2233284004,2327.6742595,4,0,0,,,,,
O04,1,0,2113,20.9100804543,0.694273544723,0.00532337368013,0.000761843071697,960.631681387,1648,0.121098318253,237.981486447,30.0042475728,1736.51823845,4,0,0,,,,,
O05,1,0,2320,12.275,0.363793103448,0.00398987299321,0.000374466982022,889.599994708,930,0.131898696205,279.10696423,33.8860215054,1765.44119267,4,0,0,,,,,
O06,1,0,2029,10.6298669295,0.319862000986,0.00350420600169,0.000319737775742,912.936708114,721,0.136749119048,321.410244218,33.0235783634,1990.80090236,4,0,0,,,,,
O07,1,0,1914,8.29414838036,0.240334378265,0.00304516138869,0.000245693767578,955.395224156,541,0.144224235504,370.256449041,34.4861367837,2095.52400243,4,0,0,,,,,
O08,1,0,1918,8.89155370177,0.31126173097,0.00273081464725,0.000306138500337,938.322486477,659,0.134763604762,290.513983617,28.6919575114,1879.85096256,4,0,0,,,,,
O09,1,0,1738,172.589182969,6.99942462601,0.0685797389364,0.00833176357417,2386.89543837,13207,0.149089933739,704.905440425,24.7418793064,4451.92968073,4,0,0,,,,,
O10,1,0,1934,105.677352637,4.41054808687,0.0286580140223,0.00473331248169,1305.76269214,9372,0.132374884658,337.113715526,24.0932565087,2360.65828714,4,0,0,,,,,
O11,1,0,2375,14.8193684211,0.533052631579,0.00447651379719,0.000574704109859,1010.28774205,1368,0.127087309681,296.222767475,27.6783625731,1984.97004996,4,0,0,,,,,
O12,1,0,2183,9.57306459001,0.328905176363,0.00324443345251,0.000376667521758,936.342762676,792,0.129634623963,298.923504933,29.3598484848,1914.14411699,4,0,0,,,,,
O13,1,0,2232,9.51836917563,0.342741935484,0.00317251022037,0.000358237191545,921.482998451,827,0.134091030819,295.391212518,27.869407497,1803.69311072,4,0,0,,,,,
O14,1,0,2081,9.25756847669,0.304180682364,0.0030415363366,0.000336530337448,971.342564238,705,0.134064873364,283.02534535,30.4992907801,1783.48016149,4,0,0,,,,,
O15,1,0,1725,153.990724638,5.51130434783,0.0601323303208,0.0064480407415,2055.85471156,10559,0.145690331042,625.041860002,28.1357136092,3976.48512822,4,0,0,,,,,
O16,1,0,1766,86.7168742922,3.26727066818,0.0226981265024,0.00340758595515,1233.21669763,6358,0.12851660829,312.128198635,26.6907832652,2241.39162762,4,0,0,,,,,
O17,1,0,1999,12.6153076538,0.477738869435,0.00415958340549,0.000504883971169,950.50880234,1060,0.131205938816,292.071051423,26.4716981132,1877.56272257,4,0,0,,,,,
O18,1,0,1875,9.4944,0.340266666667,0.00303770125507,0.000339014400794,973.829578617,708,0.13612248365,300.739064377,28.1723163842,1886.13766297,4,0,0,,,,,
O19,1,0,2180,9.94036697248,0.299082568807,0.00362221324663,0.000301358006802,968.684162696,719,0.141280200493,350.576567678,33.5841446453,2095.55978725,4,0,0,,,,,
O20,1,0,2243,14.9576460098,0.466339723584,0.00525312237725,0.000538829068947,1134.28520032,1149,0.132581305203,420.668862468,31.6466492602,2758.52301727,4,0,0,,,,,
O21,1,0,1856,124.847521552,4.39601293103,0.0350582310175,0.00477368469326,1430.9451184,8862,0.136142802354,367.289251628,28.5712028887,2489.46460398,4,0,0,,,,,
O22,1,0,2057,26.0772970345,0.938259601361,0.00650509418833,0.000945009920686,958.925028411,2135,0.122941475293,234.275258342,27.9957845433,1681.48493173,4,0,0,,,,,
O23,1,0,1916,136.184237996,6.44154488518,0.0454023525558,0.00732648206319,1944.75579315,13627,0.144481899899,535.080292447,21.410288398,3430.3861338,4,0,0,,,,,
O24,1,0,2059,11.7678484701,0.413793103448,0.00350743624217,0.000408732176669,922.916921986,934,0.129915288147,276.237968439,28.9250535332,1772.829554,4,0,0,,,,,
P01,1,0,1959,8.46094946401,0.265952016335,0.00239018177278,0.000265285225531,967.672386877,570,0.132608671187,282.846178496,32.3736842105,1802.80662504,4,0,0,,,,,
P02,1,0,2045,11.2474327628,0.41564792176,0.00298867177592,0.000424758465113,920.938713438,935,0.12686239985,244.554421136,27.550802139,1694.34987223,4,0,0,,,,,
P03,1,0,1308,11.4487767584,0.344801223242,0.00359322248182,0.00033056147517,948.626053225,520,0.132892436813,316.011372788,32.7173076923,1930.9321634,3,0,0,,,,,
P04,1,0,2155,8.18097447796,0.242691415313,0.00243484664106,0.000246322014517,955.374059017,581,0.135040729696,302.230756025,33.1703958692,1914.16021417,4,0,0,,,,,
P05,1,0,2083,10.7412385982,0.284685549688,0.00358827951128,0.000280398568766,925.684688633,693,0.140072363615,330.677497909,36.9797979798,1998.39251452,4,0,0,,,,,
P06,1,0,2166,67.7991689751,2.37442289935,0.0155262348812,0.0024885470497,1090.54583236,5683,0.121671202972,242.108548378,28.63716347,1835.8247777,4,0,0,,,,,
P07,1,0,2003,41.5471792312,1.65901148278,0.00946578290251,0.00168312670987,1068.51955908,3685,0.122009547412,254.351555576,25.0732700136,1874.76460898,4,0,0,,,,,
P08,1,0,1994,19.9759277834,0.675526579739,0.00487126045835,0.000683941490137,1068.23204267,1525,0.12204125862,263.872202921,29.7914754098,1895.09629766,4,0,0,,,,,
P09,1,0,1989,11.6737053796,0.458019105078,0.00372745740076,0.000453307459199,985.692774685,1020,0.135159374139,320.440482039,25.5539215686,2024.09874787,4,0,0,,,,,
P10,1,0,2410,9.20622406639,0.282572614108,0.00332725897195,0.000342416310771,989.501528714,737,0.131650250911,326.615327258,32.4708276798,2122.84053116,4,0,0,,,,,
P11,1,0,1984,9.70463709677,0.293346774194,0.00275098865845,0.000305090584657,1045.92172689,646,0.131289523447,330.559946319,33.2616099071,2156.76114083,4,0,0,,,,,
P12,1,0,1861,146.422890919,4.84739387426,0.0539035424411,0.00582317135403,2099.33548652,9903,0.142716915323,624.07242864,30.4544077552,4063.42288821,4,0,0,,,,,
P13,1,0,1956,33.9601226994,1.16206543967,0.00887400863844,0.00130993786096,1251.72218365,2517,0.123440131569,310.354415492,29.3412793008,2280.82997346,4,0,0,,,,,
P14,1,0,1990,10.0221105528,0.348743718593,0.00363271917483,0.000381500618518,1058.54602188,771,0.134962218189,350.767205024,28.7509727626,2195.69547395,4,0,0,,,,,
P15,1,0,2001,11.7266366817,0.428785607196,0.00344212962749,0.00043324297425,952.223878105,962,0.13059983652,294.57467822,27.8752598753,1887.36263268,4,0,0,,,,,
P16,1,0,1931,9.73019161056,0.305023303988,0.00358937930294,0.000327193733021,936.370342752,656,0.139682010553,333.441423524,31.7942073171,1947.05422613,4,0,0,,,,,
P17,1,0,2121,8.18246110325,0.224422442244,0.00239597235092,0.000235847236937,1013.3628089,537,0.130843798183,295.505888481,36.8845437616,2000.0052589,4,0,0,,,,,
P18,1,0,1698,115.12426384,3.49941107185,0.0303009077939,0.0037090120654,1548.41727255,6715,0.131750388653,381.667514436,33.0552494415,2694.86676287,4,0,0,,,,,
P19,1,0,1959,11.8274629913,0.399693721286,0.00333258488864,0.000369044387898,1062.41451104,883,0.132213783292,310.491072846,30.0430351076,1963.61135802,4,0,0,,,,,
P20,1,0,2132,10.330206379,0.331613508443,0.00318614717337,0.000317356284921,952.652024598,781,0.135478553208,315.168131344,31.2791293214,1956.54910821,4,0,0,,,,,
P21,1,0,2149,8.8157282457,0.251744997673,0.00289765577874,0.000274561789668,1021.90028182,631,0.134935989733,323.230611556,35.3090332805,2000.8849425,4,0,0,,,,,
P22,1,0,1957,9.34440470107,0.31067961165,0.00260046775973,0.000303536008803,975.53819733,669,0.132489174224,286.478451665,30.7683109118,1817.85275698,4,0,0,,,,,
P23,1,0,2067,10.9419448476,0.37542331882,0.00345694428615,0.00036698442189,986.600519583,862,0.140450033595,337.695221539,29.3886310905,2013.23876626,4,0,0,,,,,
P24,1,0,2163,11.6393897365,0.402219140083,0.0040171198571,0.000408238642004,1067.78920269,983,0.140268170085,385.844392123,29.0671414039,2343.04259469,4,0,0,,,,,
