Well,Plane,Timepoint,Cell Selected - Number of Objects,Cell Selected - Total Spot Area - Mean per Well,Cell Selected - Number of Spots - Mean per Well,Cell Selected - Relative Spot Intensity - Mean per Well,Cell Selected - Number of Spots per Area of Cytoplasm - Mean per Well,Cell Selected - Intensity Cytoplasm Mean - Mean per Well,Spots Selected - Number of Objects,Spots Selected - Relative Spot  Intensity - Mean per Well,Spots Selected - Corrected Spot  Intensity - Mean per Well,Spots Selected - Spot Area [px²] - Mean per Well,Spots Selected - Intensity Spot Mean - Mean per Well,Number of Analyzed Fields,Height [µm],Time [s],Compound,Concentration,Cell Type,Cell Count,
A01,1,0,2167,11.179972312,0.386248269497,0.00372487587291,0.000393673786159,943.323995819,940,0.131306781564,291.337563769,28.8425531915,1848.55664633,4,0,0,,,,,
A02,1,0,2196,44.106557377,1.73360655738,0.00935905344014,0.00182650572627,1047.3309336,4153,0.118724343048,216.303265025,25.5516494101,1704.87493204,4,0,0,,,,,
A03,1,0,2162,25.9555966698,1.03237742831,0.00635044366857,0.00115572919874,1091.28815992,2434,0.117559778438,232.047058294,25.4613804437,1803.86787313,4,0,0,,,,,
A04,1,0,2229,15.6707043517,0.547779273217,0.00445918054468,0.000590592965665,997.173157856,1335,0.124483675883,272.683196028,28.7588014981,1874.11831083,4,0,0,,,,,
A05,1,0,2159,9.8485409912,0.306623436776,0.00324704772926,0.000350641545944,1062.105176,748,0.133985458553,339.393214591,32.5093582888,2133.6175076,4,0,0,,,,,
A06,1,0,2122,121.020263902,5.07068803016,0.0388815320087,0.00589731864534,1674.26969096,11578,0.139593659085,451.492335462,23.9952496113,2955.32825738,4,0,0,,,,,
A07,1,0,2107,52.3393450403,2.01993355482,0.0128393738042,0.0022518231205,1180.42794175,4639,0.123568418416,264.097586219,26.2095279155,1988.99773039,4,0,0,,,,,
A08,1,0,2305,9.70498915401,0.303687635575,0.00343406853754,0.000321571783906,991.105456161,773,0.130258059922,325.56542224,32.3001293661,2113.83240194,4,0,0,,,,,
A09,1,0,2256,8.72828014184,0.285017730496,0.00261531970371,0.000300250232337,1064.69024282,703,0.130680448731,321.422133132,30.8819345661,2108.6413193,4,0,0,,,,,
A10,1,0,2016,7.97172619048,0.299107142857,0.00248907527249,0.000337867164453,1072.40363355,653,0.123663393685,300.090659059,27.0444104135,2094.61464602,4,0,0,,,,,
A11,1,0,2024,10.1793478261,0.332015810277,0.00382492651798,0.000362267097918,1067.99052022,738,0.134757016801,360.177313374,30.9850948509,2226.48725949,4,0,0,,,,,
A12,1,0,1738,179.242232451,5.58860759494,0.0880689991608,0.00734557833595,3617.49754168,10331,0.15386520682,1088.8301409,32.3858290582,6664.55524281,4,0,0,,,,,
A13,1,0,1861,172.792584632,6.50456743686,0.0731976751351,0.00791743996653,2990.34305453,13302,0.146813411367,841.454897286,26.8344609833,5403.87857349,4,0,0,,,,,
A14,1,0,2122,53.4467483506,1.57115928369,0.0141189257471,0.00171504909635,1608.17422666,3631,0.123375585912,437.876030301,34.2327182594,3069.40089866,4,0,0,,,,,
A15,1,0,2029,17.6623952686,0.743716116313,0.00567118041002,0.000814591826424,1266.63387716,1648,0.135782655879,421.913341114,24.0764563107,2521.29970556,4,0,0,,,,,
A16,1,0,2031,21.0841949778,0.723781388479,0.00622255660644,0.000786236787833,1134.82760812,1626,0.135545411183,352.420586126,29.2742927429,2223.71799192,4,0,0,,,,,
A17,1,0,2114,13.2327341533,0.44087038789,0.00320751171699,0.000440188020005,1103.37967363,1046,0.125876382773,291.149813302,30.275334608,2010.50530675,4,0,0,,,,,
A18,1,0,1962,172.661060143,7.08154943935,0.0647462784831,0.0080174404748,2628.04920535,15285,0.145699321437,729.35057286,24.5890742558,4728.96611132,4,0,0,,,,,
A19,1,0,1949,156.657773217,6.03232426886,0.0546269957224,0.00666913041783,2145.34704893,12910,0.140818198117,585.905286436,26.1605731991,3844.74597043,4,0,0,,,,,
A20,1,0,1880,60.9792553191,2.37287234043,0.0207087928194,0.00268471058932,1326.33271701,4841,0.137323151923,446.355220779,26.0937822764,2799.48146431,4,0,0,,,,,
A21,1,0,1868,20.2655246253,0.741434689507,0.00514800302998,0.000776728101217,1112.09785223,1507,0.121427069413,282.724389633,27.5520902455,2049.1496122,4,0,0,,,,,
A22,1,0,2035,12.4044226044,0.449631449631,0.00321460197351,0.000499890410428,994.247909935,988,0.119598403036,242.474956986,28.1153846154,1785.93719174,4,0,0,,,,,
A23,1,0,2077,13.5450168512,0.456427539721,0.00324723374996,0.000511141679935,970.449008308,1044,0.118125962429,214.862910234,30.1159003831,1657.40694204,4,0,0,,,,,
A24,1,0,2067,9.04160619255,0.356555394291,0.00223560059256,0.000386459210326,1006.69380403,840,0.11974878017,221.368937536,25.4785714286,1660.96635815,4,0,0,,,,,
B01,1,0,2167,12.4970004615,0.418550992155,0.0031877802864,0.000460633345584,879.190380496,1004,0.121251117062,218.309937562,30.3804780876,1588.51198801,4,0,0,,,,,
B02,1,0,2212,14.0596745027,0.514014466546,0.00364708451452,0.000540906019085,960.783795806,1242,0.123343946881,254.520848336,27.4460547504,1774.68492977,4,0,0,,,,,
B03,1,0,2192,12.1309306569,0.507299270073,0.00367719300441,0.000562952362427,931.388699684,1212,0.121955473954,246.342003686,23.9150165017,1702.49176753,4,0,0,,,,,
B04,1,0,2015,10.2282878412,0.317121588089,0.00322255921797,0.00035579687059,1045.91721366,685,0.129572909738,311.682967355,32.2569343066,2043.54150818,4,0,0,,,,,
B05,1,0,2115,8.81323877069,0.350354609929,0.00225409237695,0.000381158601383,939.996084474,829,0.12188292301,224.69554797,25.5150784077,1600.25748056,4,0,0,,,,,
B06,1,0,2153,12.3204830469,0.451927542963,0.00326821534415,0.000448797830045,976.026579456,1070,0.12483369912,265.611792552,27.4551401869,1813.75165366,4,0,0,,,,,
B07,1,0,2083,12.3768602976,0.442150744119,0.00326322988012,0.000465196158925,982.935364078,985,0.122310674978,251.288567245,28.2081218274,1778.72557794,4,0,0,,,,,
B08,1,0,2221,12.0859972985,0.344439441693,0.00386840633187,0.000372585128513,1018.58505853,832,0.131616375103,329.728012548,35.0757211538,2145.58095786,4,0,0,,,,,
B09,1,0,2209,8.43458578542,0.305115436849,0.00243527722552,0.000349123881913,975.513050523,747,0.127083200594,265.197722573,28.0816599732,1842.59179557,4,0,0,,,,,
B10,1,0,2166,10.3388734995,0.357802400739,0.00310399228987,0.00039574836514,999.246872971,862,0.130096499952,275.451640355,29.2076566125,1859.03963859,4,0,0,,,,,
B11,1,0,2133,9.06985466479,0.340834505391,0.00240062284761,0.000363150692939,1002.88073094,804,0.121694122519,246.100479496,27.0808457711,1786.98314926,4,0,0,,,,,
B12,1,0,2055,8.80632603406,0.341119221411,0.00193463440892,0.000358715143387,992.517497296,763,0.120253985758,215.985959125,26.1625163827,1628.47657881,4,0,0,,,,,
B13,1,0,2133,8.69901547117,0.263947491796,0.0022959304856,0.000284319260254,1025.48860604,607,0.12289109794,242.839485974,33.0082372323,1729.15941024,4,0,0,,,,,
B14,1,0,2012,8.62773359841,0.272862823062,0.00226901898235,0.000296197144091,1003.57813465,606,0.123897242657,237.844562059,32.5924092409,1703.4343952,4,0,0,,,,,
B15,1,0,2129,9.28792860498,0.330201972757,0.00244157010365,0.000355250281895,949.787137148,773,0.121870162952,226.746425704,29.0297542044,1626.13611112,4,0,0,,,,,
B16,1,0,2008,8.73207171315,0.271414342629,0.00249690155324,0.00028359188315,1001.20372799,606,0.129011759064,313.874049535,32.6171617162,2055.85168378,4,0,0,,,,,
B17,1,0,2094,10.1876790831,0.282712511939,0.00253437789305,0.000278525519162,1006.43319418,648,0.12466960272,256.354279364,36.4197530864,1781.04805531,4,0,0,,,,,
B18,1,0,2020,11.8772277228,0.382178217822,0.00280053682887,0.000384959365729,970.996278383,836,0.121678274342,228.53003354,31.5155502392,1638.07060044,4,0,0,,,,,
B19,1,0,2086,10.5738255034,0.313518696069,0.00255015187574,0.000337306586249,930.201964607,703,0.120086779694,240.549168724,33.7027027027,1718.66357844,4,0,0,,,,,
B20,1,0,2234,10.7009847807,0.340196956132,0.00315729599639,0.00037796314613,978.071648677,841,0.124997277962,280.929269456,31.4732461356,1927.41555855,4,0,0,,,,,
B21,1,0,2007,9.28251121076,0.311410064773,0.00220532623653,0.000329325186325,909.351265788,710,0.119098174656,225.182287041,30.6309859155,1628.06050861,4,0,0,,,,,
B22,1,0,2019,10.7246161466,0.355621594849,0.00241819324807,0.000384955240902,887.654514905,778,0.118151426618,184.996408044,30.4164524422,1435.93582548,4,0,0,,,,,
B23,1,0,1884,13.9166666667,0.430997876858,0.00307011239391,0.000411404059062,893.127221595,891,0.121465889603,200.151263148,32.3759820426,1481.46267444,4,0,0,,,,,
B24,1,0,2082,9.35590778098,0.287223823247,0.00218338560128,0.000320209050105,904.862772299,666,0.118385441478,207.986725192,32.7552552553,1543.37713177,4,0,0,,,,,
C01,1,0,1871,14.9673971138,0.473543559594,0.00402047973369,0.000459574100034,920.371157945,979,0.125486269015,268.031173992,31.4943820225,1809.15590049,4,0,0,,,,,
C02,1,0,1985,10.9884130982,0.359697732997,0.00286470664422,0.000359301424175,865.325386435,784,0.124891877203,228.710201572,30.4336734694,1561.59376768,4,0,0,,,,,
C03,1,0,1929,11.6801451529,0.330222913427,0.00330194275618,0.000338347013102,948.516838547,701,0.128680569259,280.89577909,35.0256776034,1844.20034152,4,0,0,,,,,
C04,1,0,1904,12.8177521008,0.37237394958,0.00402984850163,0.000363579649728,961.587746268,794,0.136069037435,324.421930326,34.476070529,2029.62931175,4,0,0,,,,,
C05,1,0,1872,11.7275641026,0.404914529915,0.00416980004189,0.000435578611003,992.831896911,841,0.132605958673,324.279706742,29.1819262782,2029.56010444,4,0,0,,,,,
C06,1,0,1822,21.8501646542,0.589462129528,0.00635987942684,0.000638639120845,1125.40941655,1180,0.128877531358,310.376658424,37.1983050847,2092.03588174,4,0,0,,,,,
C07,1,0,2065,18.3719128329,0.545762711864,0.00581889975232,0.000623531870574,1035.85376665,1231,0.133426374975,329.885714346,34.0430544273,2144.19112057,4,0,0,,,,,
C08,1,0,1982,12.5085771948,0.437941473259,0.00312058733153,0.000416113894173,1016.14631301,978,0.127909255452,281.693975766,28.5327198364,1888.00991366,4,0,0,,,,,
C09,1,0,1845,13.7506775068,0.49918699187,0.00491281763459,0.00051256646093,1010.21876302,1022,0.138009297531,354.353964055,27.8825831703,2132.47189193,4,0,0,,,,,
C10,1,0,1788,12.1879194631,0.339485458613,0.00421674958414,0.000349176220788,1026.13574892,676,0.137721775774,390.221858142,36.4689349112,2370.02115798,4,0,0,,,,,
C11,1,0,1807,11.5855008301,0.332042058661,0.00320562064986,0.000323264138061,950.670418772,667,0.131363355276,275.750234284,35.5187406297,1794.59315242,4,0,0,,,,,
C12,1,0,1875,10.7914666667,0.3968,0.00281284636697,0.000405949908606,978.138143453,815,0.125494416849,255.777454265,27.8,1798.91075683,4,0,0,,,,,
C13,1,0,1919,11.0495049505,0.304846274101,0.00326830477199,0.000304925857387,988.160573835,646,0.134109952983,327.849774629,36.6439628483,2084.23661571,4,0,0,,,,,
C14,1,0,1843,12.3711340206,0.340206185567,0.0041598606435,0.000332001747262,1011.40312465,691,0.140575685682,363.612062826,36.8306801737,2160.77553433,4,0,0,,,,,
C15,1,0,1848,12.4226190476,0.358766233766,0.00420204531453,0.000376415791031,943.648611766,722,0.132199266585,305.706630978,34.8171745152,1917.95632325,4,0,0,,,,,
C16,1,0,1930,11.4476683938,0.40829015544,0.00344334915157,0.000425445374582,962.020235985,917,0.131597635969,271.003210793,28.7110141767,1797.88597036,4,0,0,,,,,
C17,1,0,2038,9.70706575074,0.29685966634,0.00299267277009,0.000319784800172,945.834745686,668,0.130553191966,281.219349849,33.378742515,1858.29297178,4,0,0,,,,,
C18,1,0,1945,10.388688946,0.301799485861,0.00360168062122,0.000295559580394,946.930194305,656,0.142953544467,331.152577814,34.6097560976,1950.81272465,4,0,0,,,,,
C19,1,0,1967,10.4667005592,0.277580071174,0.00300718728287,0.000277320681666,922.782763752,591,0.135445879717,290.774714334,37.8274111675,1799.13505103,4,0,0,,,,,
C20,1,0,2096,10.4184160305,0.319179389313,0.00282874612652,0.000361033082564,983.688956113,730,0.124469861471,245.935636842,33.1589041096,1763.12555461,4,0,0,,,,,
C21,1,0,2014,10.3103277061,0.347070506455,0.00315088385133,0.000376179349353,915.618269806,780,0.126574381292,252.021589916,30.2076923077,1671.42489054,4,0,0,,,,,
C22,1,0,2118,10.5972615675,0.356468366383,0.00325055689272,0.000381607284112,907.168402036,845,0.131709827764,254.730213851,29.3964497041,1672.23483696,4,0,0,,,,,
C23,1,0,1987,9.7961751384,0.346250629089,0.00216679767846,0.000355940546889,902.309085566,758,0.117425809127,189.993869423,28.5857519789,1457.89580696,4,0,0,,,,,
C24,1,0,1990,12.3608040201,0.389447236181,0.00314558503771,0.000415590892967,865.829761094,857,0.120278839307,209.590518539,32.0478413069,1524.21221812,4,0,0,,,,,
D01,1,0,2182,129.990834097,6.87626031164,0.0554698955759,0.00815965362036,1823.36963098,16077,0.155492489055,659.540151873,19.0569758039,3724.38220871,4,0,0,,,,,
D02,1,0,2259,12.5095174856,0.43160690571,0.00329190966645,0.000482568390444,924.093153022,1082,0.12099640208,228.41966102,28.8336414048,1656.57040411,4,0,0,,,,,
D03,1,0,2168,10.704797048,0.355166051661,0.00308766122082,0.000388372869078,926.69785827,828,0.123898097016,248.243485158,30.0797101449,1685.38696415,4,0,0,,,,,
D04,1,0,2162,10.1526364477,0.383903792784,0.0028632826812,0.00040456331806,935.242696035,925,0.123216299276,257.332948885,26.2951351351,1763.51226352,4,0,0,,,,,
D05,1,0,2159,11.1060676239,0.408985641501,0.00311264194856,0.00044040213705,915.268289907,979,0.127102204228,243.220896358,27.1225740552,1688.77180783,4,0,0,,,,,
D06,1,0,2142,11.0079365079,0.46218487395,0.00306127480067,0.000481458685898,953.607893627,1084,0.128272201118,251.156440104,24.0101476015,1725.87518909,4,0,0,,,,,
D07,1,0,2281,8.28145550197,0.264357737834,0.00252031461426,0.000277495580563,1028.99482211,676,0.131507943522,307.148770138,32.0029585799,1982.72888542,4,0,0,,,,,
D08,1,0,2191,9.79096303058,0.328160657234,0.00252494244676,0.000349376406509,965.247841948,781,0.126245323563,244.423864024,30.1357234315,1717.20792015,4,0,0,,,,,
D09,1,0,2303,8.96526270083,0.267042987408,0.00236377320641,0.000290938868016,995.417187183,667,0.124592483635,267.90211378,33.5892053973,1847.72950131,4,0,0,,,,,
D10,1,0,2199,9.66894042747,0.329695316053,0.00232584799738,0.000342600511607,980.562871994,806,0.124647842895,259.258198611,29.4900744417,1828.83756328,4,0,0,,,,,
D11,1,0,2254,8.67568766637,0.338065661047,0.0021122735765,0.000372624647217,972.308149142,842,0.121258393393,223.651529819,26.080760095,1634.98626965,4,0,0,,,,,
D12,1,0,2148,10.5335195531,0.321694599628,0.00308777631756,0.000340263518946,1004.30861091,761,0.129655304934,278.890995336,32.7674113009,1863.50573983,4,0,0,,,,,
D13,1,0,2011,8.94579811039,0.287916459473,0.0026098802855,0.000294122781086,1009.94172115,635,0.131698624279,288.168581529,31.2488188976,1855.205331,4,0,0,,,,,
D14,1,0,2037,8.75061364752,0.27000490918,0.00204389521865,0.000294121216358,997.971544788,608,0.12044873488,222.166497219,32.4391447368,1649.96519975,4,0,0,,,,,
D15,1,0,2162,8.0467160037,0.259481961147,0.00211686366276,0.000287891800771,964.874287201,638,0.125435179948,239.84985578,31.5156739812,1675.3477838,4,0,0,,,,,
D16,1,0,2155,7.89791183295,0.240835266821,0.00227235435437,0.000258846256854,970.794927896,578,0.132364583879,276.86444038,33.3494809689,1806.26778696,4,0,0,,,,,
D17,1,0,1999,10.9354677339,0.354677338669,0.00258574527648,0.000342249824457,995.778898641,792,0.126908462077,251.838045936,31.1919191919,1725.95012499,4,0,0,,,,,
D18,1,0,2029,9.76885165106,0.346476096599,0.00221649800129,0.000370162825855,947.026252483,784,0.119106488241,204.126425441,28.5267857143,1548.62708893,4,0,0,,,,,
D19,1,0,2361,8.33079203727,0.258365099534,0.00258375105161,0.000310538607221,1018.90477493,677,0.127368778457,267.509324301,32.4505169867,1829.97929258,4,0,0,,,,,
D20,1,0,2054,11.8193768257,0.406523855891,0.00296067462006,0.000441359303995,927.673125727,914,0.125276713679,241.646112476,29.7319474836,1659.19701299,4,0,0,,,,,
D21,1,0,2086,9.69175455417,0.345637583893,0.00268600890218,0.000371250682262,884.833875228,803,0.124047213733,226.907146281,28.2901618929,1581.03621352,4,0,0,,,,,
D22,1,0,2000,10.195,0.3435,0.00246263118949,0.000370579894129,865.970867102,750,0.120701874322,191.20676051,29.9373333333,1450.9932536,4,0,0,,,,,
D23,1,0,2130,10.9812206573,0.367136150235,0.00241555922491,0.000393553475327,874.927218437,863,0.117642180188,185.113477005,29.7844727694,1427.66110441,4,0,0,,,,,
D24,1,0,1696,158.593160377,7.83018867925,0.0701706351994,0.00928079806144,2431.91563667,14361,0.159537713576,825.714564866,20.4010862753,4759.79111513,4,0,0,,,,,
E01,1,0,2013,146.092399404,5.51564828614,0.0514644463298,0.00657847767237,1685.48665972,12199,0.146144312368,487.785803103,26.5506189032,3072.91359677,4,0,0,,,,,
E02,1,0,2147,9.45272473218,0.275733581742,0.00273415795924,0.000278122565535,908.5501161,670,0.127607822857,273.393139188,34.9194029851,1804.09631338,4,0,0,,,,,
E03,1,0,2271,10.1664464993,0.288859533245,0.00322026854592,0.000303483431325,936.10762966,731,0.132254245296,297.939459545,35.1053351573,1896.73428282,4,0,0,,,,,
E04,1,0,2294,8.3443766347,0.26983435048,0.00252626114336,0.000280034954905,921.293386124,702,0.12974702912,280.771313904,31.4601139601,1855.2446793,4,0,0,,,,,
E05,1,0,2175,10.8326436782,0.35632183908,0.00334662349776,0.000371413110099,1011.98127408,853,0.130965672137,301.390143574,30.6822977726,1953.60573521,4,0,0,,,,,
E06,1,0,2306,10.7068516912,0.368603642671,0.0032166360275,0.000369758518762,1018.83397139,931,0.130056081622,313.789523092,28.9334049409,2015.27500845,4,0,0,,,,,
E07,1,0,2105,10.1757719715,0.35106888361,0.0032523832882,0.000352798012636,969.531065218,828,0.130874706203,318.501542134,29.1473429952,2022.42209016,4,0,0,,,,,
E08,1,0,2132,7.05018761726,0.21435272045,0.00286793318158,0.000230651150901,1285.62496894,514,0.145115208069,467.786345154,33.2315175097,2782.30223316,4,0,0,,,,,
E09,1,0,2118,10.0084985836,0.363078375826,0.00303508602569,0.000390521889021,996.327325688,841,0.129396882146,306.386154839,28.2627824019,2057.54250926,4,0,0,,,,,
E10,1,0,2070,10.8405797101,0.384541062802,0.00395700743428,0.000392891375557,1015.5088824,904,0.13917852176,391.930738113,29.0331858407,2387.31224479,4,0,0,,,,,
E11,1,0,2064,8.72480620155,0.258236434109,0.00266727769349,0.000260150093533,1009.10833246,591,0.133165967771,335.353558432,34.0169204738,2067.19835971,4,0,0,,,,,
E12,1,0,2094,9.31088825215,0.275549188157,0.00309507229387,0.000275829217011,1035.62602221,621,0.138478987644,344.254726547,33.9017713366,2123.54010726,4,0,0,,,,,
E13,1,0,2148,11.0027932961,0.360800744879,0.00427723144887,0.000370192633372,1066.4285665,848,0.144101307544,427.535065762,30.3820754717,2476.00881633,4,0,0,,,,,
E14,1,0,2173,9.17579383341,0.289461573861,0.00294732329961,0.000309543412998,1054.7233646,676,0.132058659858,336.124522547,31.692307692299998,2112.46127176,4,0,0,,,,,
E15,1,0,2187,10.012345679,0.3369913123,0.00347241760402,0.000356519525456,999.128559141,800,0.131894203903,318.669932957,30.0275,2032.54159946,4,0,0,,,,,
E16,1,0,2308,13.1967071057,0.399480069324,0.00444150051165,0.00044097277955,1074.5838631,1017,0.134494890654,381.981957361,32.7217305801,2454.45040419,4,0,0,,,,,
E17,1,0,2214,9.89566395664,0.323396567299,0.00283429241212,0.000338739012295,990.18225336,786,0.12922322193,283.981379205,31.0152671756,1876.95578126,4,0,0,,,,,
E18,1,0,2172,8.24585635359,0.256445672192,0.00211417768179,0.000275640165922,942.248452927,616,0.126872631505,232.728411607,32.2792207792,1610.06404776,4,0,0,,,,,
E19,1,0,2180,8.30688073394,0.28623853211,0.00249399487194,0.00031030632392,932.290053467,701,0.130683194616,266.57104056,29.5948644793,1771.28042892,4,0,0,,,,,
E20,1,0,2078,9.79499518768,0.316169393648,0.00246141460154,0.000333479940225,979.073704425,716,0.123226963396,235.897308921,31.3184357542,1703.06561812,4,0,0,,,,,
E21,1,0,2047,11.6511968735,0.437225207621,0.00297495546112,0.000450649895969,929.861606579,979,0.123585321779,236.835531287,26.9193054137,1646.9974702,4,0,0,,,,,
E22,1,0,2156,13.9902597403,0.458256029685,0.00350314187806,0.000448857019378,919.48554174,1084,0.125058057093,248.832954157,30.7712177122,1737.80553632,4,0,0,,,,,
E23,1,0,2139,13.719027583,0.490416082281,0.00341547332257,0.000495436531802,862.269183823,1131,0.121283069028,207.909519941,28.3297966401,1482.99017353,4,0,0,,,,,
E24,1,0,1862,160.745972073,7.11278195489,0.0682238312831,0.0085073351636,2193.1370039,14483,0.156726570154,713.137902566,22.6739625768,4115.76701142,4,0,0,,,,,
F01,1,0,2221,12.8293561459,0.460603331833,0.00391512991703,0.000528840061023,921.864491473,1148,0.12242323151,246.617807078,28.1506968641,1728.25387839,4,0,0,,,,,
F02,1,0,1941,163.972694487,5.68469860896,0.0699299160835,0.00729763613007,2292.21030511,11813,0.153443584452,715.655098158,29.0676373487,4330.42079146,4,0,0,,,,,
F03,1,0,2191,10.0050205386,0.335463258786,0.00272551174863,0.000376717129602,881.449837812,797,0.119845981379,224.019548513,29.860727729,1586.67429162,4,0,0,,,,,
F04,1,0,2472,9.99959546926,0.285598705502,0.00330825423718,0.000314588575885,954.036933316,753,0.130309367931,320.405630073,34.9867197875,2009.51497371,4,0,0,,,,,
F05,1,0,2192,10.6888686131,0.365875912409,0.00314031309427,0.00043585230516,978.794497539,877,0.127610050308,264.466539581,29.3694412771,1808.589233,4,0,0,,,,,
F06,1,0,2115,9.27517730496,0.317257683215,0.00254504546875,0.000337893701055,957.430713653,751,0.124979041613,246.17579658,29.845539281,1712.1094317,4,0,0,,,,,
F07,1,0,2264,8.59187279152,0.32464664311,0.00278410290223,0.000377094960842,967.923203029,808,0.129402882296,283.133041316,26.525990099,1813.9536808,4,0,0,,,,,
F08,1,0,2292,8.9520069808,0.226003490401,0.0026335417577,0.000241281773401,988.766303534,554,0.127134770569,283.112434044,39.7274368231,1840.17567168,4,0,0,,,,,
F09,1,0,2209,9.13173381621,0.321412403803,0.00261062724566,0.000330076752773,1001.02107448,775,0.130256746823,282.205287204,28.4335483871,1850.82766728,4,0,0,,,,,
F10,1,0,2195,8.67608200456,0.288382687927,0.00254429491215,0.000308862196435,986.085084896,703,0.126447380413,258.098327974,30.0825035562,1761.58314505,4,0,0,,,,,
F11,1,0,2171,10.2017503455,0.309995393828,0.00336152822368,0.000349145028119,1005.74368219,721,0.13390840056,345.517854666,32.9972260749,2152.99123365,4,0,0,,,,,
F12,1,0,2197,8.89440145653,0.228948566227,0.00316094918989,0.00024603360314,1047.88037215,552,0.139015863935,402.467092149,40.2518115942,2423.00352943,4,0,0,,,,,
F13,1,0,2108,7.92931688805,0.232447817837,0.00206544747437,0.000242745006514,1019.07542659,546,0.127017378731,280.437206974,34.9706959707,1935.29798155,4,0,0,,,,,
F14,1,0,2206,8.7846781505,0.273345421578,0.00299548931613,0.00029880368944,977.072375647,664,0.133500677294,306.959098256,32.4939759036,1934.96409282,4,0,0,,,,,
F15,1,0,2057,8.93145357316,0.287311618862,0.0027435976247,0.000296178688101,997.895829529,656,0.12990518872,280.633984735,31.4847560976,1841.32157551,4,0,0,,,,,
F16,1,0,2144,8.91791044776,0.322294776119,0.00243212352975,0.000335834312172,968.848843109,762,0.12678692525,254.075846853,28.1128608924,1737.50081368,4,0,0,,,,,
F17,1,0,2237,8.61510952168,0.312472060796,0.00234097488969,0.000320645677926,992.003397171,757,0.127568847412,272.087105008,27.7754293263,1856.79156737,4,0,0,,,,,
F18,1,0,2221,8.27600180099,0.262944619541,0.00257809327316,0.000295552824617,973.772591567,647,0.130286137616,269.212599137,32.2040185471,1772.4157922,4,0,0,,,,,
F19,1,0,2234,7.84377797672,0.26454789615,0.00253303367726,0.000291386252552,941.995906586,660,0.131581333262,275.488213396,29.7212121212,1796.98089799,4,0,0,,,,,
F20,1,0,2071,10.7238049252,0.355383872525,0.00300739487837,0.000396199830077,960.568898476,831,0.12412944709,254.524513519,30.6401925391,1779.4267832,4,0,0,,,,,
F21,1,0,1987,11.2003019628,0.376950176145,0.0030160228735300002,0.000401019160519,911.257783516,847,0.126658855978,236.814214653,29.7532467532,1602.07501683,4,0,0,,,,,
F22,1,0,2046,11.1935483871,0.413978494624,0.00298253124419,0.000459832768808,875.960920473,931,0.12310011798,228.62144845,27.432867884,1574.99447738,4,0,0,,,,,
F23,1,0,1860,165.21344086,5.81827956989,0.0673399250674,0.0072193541284,2334.21996186,11692,0.152773249439,697.49513246,28.3992473486,4197.42343603,4,0,0,,,,,
F24,1,0,2099,12.3373034778,0.523582658409,0.00283437237846,0.000552959801909,852.947852764,1192,0.117403489984,183.89099706,23.6954697987,1415.01764941,4,0,0,,,,,
G01,1,0,2182,9.2341888176,0.286434463795,0.00261539854276,0.00029224947822,869.94695091,697,0.125513091206,244.940458445,32.6614060258,1644.33463143,4,0,0,,,,,
G02,1,0,1860,154.144623656,5.42419354839,0.056709667043,0.00645560335189,1779.03766014,11091,0.147717067761,517.754061043,28.7354611847,3226.26651909,4,0,0,,,,,
G03,1,0,2130,10.5037558685,0.323004694836,0.00332103959061,0.000327094101094,926.638854185,784,0.12865858926,293.655085894,32.6466836735,1913.53776342,4,0,0,,,,,
G04,1,0,2167,10.4670050761,0.281495154592,0.00351095654104,0.000297610021948,965.042250022,663,0.13847753491,355.799099651,37.0165912519,2170.28768473,4,0,0,,,,,
G05,1,0,2098,10.8317445186,0.39037178265,0.0032408486976,0.000411060478919,926.627823297,898,0.128190142411,279.636087346,28.3953229399,1836.62329683,4,0,0,,,,,
G06,1,0,2371,9.24968367777,0.363981442429,0.00281434965881,0.000400551572014,949.725175127,970,0.127217371913,279.1182394,25.981443299,1850.15697391,4,0,0,,,,,
G07,1,0,2215,9.37923250564,0.282618510158,0.00334610074482,0.000295372535363,1006.9219668,712,0.138672986753,360.241455987,33.1741573034,2175.33585966,4,0,0,,,,,
G08,1,0,2226,8.08310871518,0.312668463612,0.0025640229397,0.00033215875251,980.812727714,777,0.130319648135,285.001639344,25.9845559846,1851.08309246,4,0,0,,,,,
G09,1,0,2210,9.11764705882,0.286877828054,0.00339057524088,0.000308810958272,1003.40811023,727,0.137203276115,358.269694979,32.1169188446,2192.60243299,4,0,0,,,,,
G10,1,0,2011,8.81402287419,0.294878170065,0.00308628473309,0.000301156545911,1005.75034841,678,0.137723323446,334.902862423,29.8421828909,2058.72992697,4,0,0,,,,,
G11,1,0,2166,10.0438596491,0.317636195753,0.00358974924385,0.000331196177554,1007.86923738,753,0.140183855336,376.669382346,31.7835325365,2318.79178332,4,0,0,,,,,
G12,1,0,1875,7.76106666667,0.232,0.00270460620404,0.000231101557505,969.379564615,490,0.14179105687,351.576319977,34.1469387755,2108.2281518,4,0,0,,,,,
G13,1,0,2132,8.69699812383,0.265478424015,0.00322911702693,0.000275925552533,1001.50568493,634,0.139782626308,348.786144831,33.2870662461,2073.13298654,4,0,0,,,,,
G14,1,0,2119,9.68853232657,0.259556394526,0.00370317878479,0.000255076633071,1001.13754519,600,0.149497244169,461.064549732,37.86,2620.23743506,4,0,0,,,,,
G15,1,0,2200,9.85136363636,0.301818181818,0.00372367844041,0.000320763682243,997.012007639,728,0.143738224992,390.177967905,32.9862637363,2275.55586028,4,0,0,,,,,
G16,1,0,2150,8.36418604651,0.296744186047,0.00288695071672,0.000325062640721,952.259162658,708,0.129773209121,292.610009528,28.4943502825,1856.89779096,4,0,0,,,,,
G17,1,0,2056,8.72519455253,0.270428015564,0.00282533343951,0.000254878446595,952.857764294,615,0.137728961739,332.076204401,32.9024390244,2042.35158013,4,0,0,,,,,
G18,1,0,2091,7.56958393113,0.224294595887,0.00275324462435,0.00022850522814,932.54972832,536,0.137820157174,313.952645304,34.4458955224,1854.55415803,4,0,0,,,,,
G19,1,0,2049,9.24304538799,0.286969253294,0.00315446637297,0.000304162024682,977.894806717,642,0.136177709379,286.390561844,32.1822429907,1828.000219,4,0,0,,,,,
G20,1,0,2001,7.3988005997,0.251874062969,0.00221348810534,0.000262491210403,875.376036118,556,0.133773219955,252.35374995,29.9226618705,1634.07429729,4,0,0,,,,,
G21,1,0,2158,8.29332715477,0.255329008341,0.00292346347809,0.00026581475252,864.222717087,622,0.138503887573,283.950064601,32.5739549839,1741.90546444,4,0,0,,,,,
G22,1,0,2093,15.9665551839,0.456282847587,0.00452882853943,0.00047530236168,891.478789743,1043,0.131850006695,301.840502643,34.9779482263,1994.14010902,4,0,0,,,,,
G23,1,0,1725,150.693333333,6.41565217391,0.0595726579486,0.00736397544326,2191.26472124,12058,0.153367006965,698.231394482,23.6156078952,4112.05955772,4,0,0,,,,,
G24,1,0,2033,9.98917855386,0.320708312838,0.00253182563627,0.000334743451491,862.241215873,707,0.122405966621,213.380243604,31.2899575672,1507.99439068,4,0,0,,,,,
H01,1,0,2029,9.6732380483,0.302612124199,0.00238596981312,0.000310952215945,904.586156287,670,0.121224686454,228.152528363,32.3880597015,1601.43831782,4,0,0,,,,,
H02,1,0,2242,10.0825156111,0.35860838537,0.00276007764021,0.000371021944004,919.001609106,888,0.123231317725,248.687306838,28.2533783784,1728.66742203,4,0,0,,,,,
H03,1,0,2168,11.4617158672,0.433118081181,0.00275988379692,0.000449330403251,867.993687057,1053,0.122279602961,219.982307591,26.5878442545,1563.5229331,4,0,0,,,,,
H04,1,0,2227,9.60754378087,0.280197575213,0.00268085893421,0.000286861038629,937.157287121,700,0.130165885199,281.491670364,34.0828571429,1868.16745421,4,0,0,,,,,
H05,1,0,2242,11.1012488849,0.459857270294,0.00393819507163,0.00051722370847,967.176260887,1125,0.130558495157,284.52580462,24.2808888889,1834.59810073,4,0,0,,,,,
H06,1,0,2181,9.47363594681,0.321870701513,0.00276031924241,0.00032402776126,962.149056866,783,0.134414330671,312.808027013,29.7088122605,1981.77259103,4,0,0,,,,,
H07,1,0,2187,9.18244170096,0.33150434385,0.00300300436903,0.00035839545313,986.642954149,802,0.130274390708,289.857205995,27.4289276808,1905.65918177,4,0,0,,,,,
H08,1,0,2230,9.37399103139,0.341255605381,0.00310456159653,0.000367552811598,988.124435109,835,0.130966861256,316.539262548,27.7113772455,2082.42451067,4,0,0,,,,,
H09,1,0,2262,8.89920424403,0.287356321839,0.0029502900152,0.00031196084307,1011.85497901,713,0.128829874704,299.949757738,31.221598878,1958.65787904,4,0,0,,,,,
H10,1,0,2174,9.80634774609,0.355105795768,0.00339253315758,0.000461371679955,1054.18658692,846,0.127991302857,324.483619792,27.7139479905,2182.27205343,4,0,0,,,,,
H11,1,0,2143,7.23191787214,0.257582827811,0.00198640585169,0.000272527651548,997.722887868,621,0.123395099746,266.976278477,28.5330112721,1852.22182941,4,0,0,,,,,
H12,1,0,2196,7.92304189435,0.254553734062,0.002594749767,0.000290903301298,1031.52417101,611,0.135653366332,314.04395344,31.7381342062,2025.4939786,4,0,0,,,,,
H13,1,0,2010,7.52189054726,0.265174129353,0.00250291897664,0.000277274936719,984.248902712,607,0.132321978975,300.236761858,28.4909390445,1902.99880224,4,0,0,,,,,
H14,1,0,2199,8.79126875853,0.279672578445,0.00281527384722,0.00030463325339,1012.14962573,677,0.133071302474,320.021361416,31.9305760709,2055.84030569,4,0,0,,,,,
H15,1,0,1938,8.52992776058,0.315273477812,0.0023603193994,0.000330039446911,969.075979414,683,0.127907784756,269.314044892,27.0819912152,1791.7241584,4,0,0,,,,,
H16,1,0,2154,9.51299907149,0.306406685237,0.00267226207436,0.000314460452524,1007.82295529,726,0.131373726379,292.55627264,31.2286501377,1954.25038087,4,0,0,,,,,
H17,1,0,2114,8.86991485336,0.295648060549,0.00282010787738,0.000290122342396,1027.25217601,681,0.140635071071,349.849218505,30.1776798825,2095.14046902,4,0,0,,,,,
H18,1,0,1909,8.73232058669,0.30958617077,0.00266020972761,0.000334611795502,965.333945327,655,0.130952497604,281.87074641,28.2106870229,1857.54156147,4,0,0,,,,,
H19,1,0,2221,9.34038721297,0.330932012607,0.00281604176737,0.00035410851309,941.218649308,794,0.131997075075,276.549548461,28.3967254408,1768.16248926,4,0,0,,,,,
H20,1,0,2053,11.4490988797,0.396492937165,0.00310790980098,0.000405136415045,912.42443655,877,0.12882820787,256.41299322,29.0581527936,1712.67900189,4,0,0,,,,,
H21,1,0,2038,10.0161923454,0.307163886163,0.00265166929404,0.000332549425283,898.116951496,678,0.125175785541,231.674787438,33.0442477876,1597.38371331,4,0,0,,,,,
H22,1,0,2103,12.6543033761,0.474560152164,0.00287908093164,0.000493076795182,880.763696715,1097,0.121035987062,214.474164839,27.3509571559,1504.7489395,4,0,0,,,,,
H23,1,0,2051,9.87420770356,0.319356411507,0.00247655524039,0.000329100290406,885.044299723,732,0.124797274447,220.124438343,30.7336065574,1528.13832827,4,0,0,,,,,
H24,1,0,2087,9.75706756109,0.36990896023,0.0029815990407,0.000379416088691,854.236865393,842,0.130689411086,251.626911629,26.351543943,1590.24629851,4,0,0,,,,,
I01,1,0,1839,9.3295269168,0.288743882545,0.00202677432547,0.000278494532129,952.333410491,578,0.118681299721,223.042766199,32.2785467128,1630.40905834,4,0,0,,,,,
I02,1,0,1981,9.8576476527,0.295305401312,0.00224227435279,0.00029422571845,899.943091282,663,0.121648301977,210.229275732,32.9185520362,1550.39625406,4,0,0,,,,,
I03,1,0,2045,10.3569682152,0.360391198044,0.00315559951819,0.000368878810718,959.109147191,831,0.128829175829,285.063628746,28.146811071,1852.96078919,4,0,0,,,,,
I04,1,0,1999,10.7713856928,0.387193596798,0.00297299669103,0.000397697720038,936.541370747,847,0.124772226811,253.036025387,27.9693034238,1775.20063896,4,0,0,,,,,
I05,1,0,2057,8.6475449684,0.250364608653,0.00256798227544,0.000266816893532,983.122676302,558,0.134110708658,323.587877171,34.6344086022,2051.54841435,4,0,0,,,,,
I06,1,0,2031,9.94387001477,0.325947808961,0.00261599205228,0.000322732813052,971.133520402,739,0.127211310691,267.53319931,30.5250338295,1861.67561646,4,0,0,,,,,
I07,1,0,1986,7.75427995972,0.277945619335,0.00191064693984,0.000295817698096,991.936386238,624,0.125132531815,238.974961763,28.2003205128,1691.91646537,4,0,0,,,,,
I08,1,0,2005,9.97356608479,0.395511221945,0.00300307747281,0.000409480849338,977.703898767,873,0.129306150168,290.075300406,25.8648339061,1919.92175858,4,0,0,,,,,
I09,1,0,1819,9.64485981308,0.312809235844,0.0028966802977,0.000324905788894,1011.21798236,632,0.129349656396,300.034897161,31.2515822785,1975.78041219,4,0,0,,,,,
I10,1,0,1942,8.02471678682,0.286302780639,0.00233592788675,0.00029873256737,982.123239351,609,0.12449614483,265.842393288,28.4285714286,1807.63947375,4,0,0,,,,,
I11,1,0,1914,7.40386624869,0.235632183908,0.00228880000348,0.000251464421826,996.207232733,520,0.129016388,293.686367564,31.4884615385,1908.51605469,4,0,0,,,,,
I12,1,0,2076,7.68689788054,0.265895953757,0.00232044501111,0.000282250440359,972.03250839,606,0.126802977581,248.325029324,29.303630363,1688.50739604,4,0,0,,,,,
I13,1,0,2038,8.17075564279,0.330716388616,0.00222074059447,0.000357163661928,997.081201762,748,0.12333836258,250.581962252,25.0294117647,1768.16359543,4,0,0,,,,,
I14,1,0,2072,8.18436293436,0.299227799228,0.00245100286017,0.000312559585392,988.074764501,671,0.127171813496,275.442303213,27.3949329359,1865.10293146,4,0,0,,,,,
I15,1,0,2047,8.38153395213,0.260381045432,0.00223744461502,0.000279441998108,1005.38348794,594,0.127046756686,268.655453808,32.8080808081,1863.3542838,4,0,0,,,,,
I16,1,0,2037,9.62199312715,0.32498772705,0.00312811255146,0.000327869164376,979.844843426,712,0.132072692519,316.606521923,29.75,2020.44999141,4,0,0,,,,,
I17,1,0,2061,7.76758854925,0.275109170306,0.00197924395693,0.000285793813637,958.612513543,614,0.121671252286,234.545211317,28.4169381107,1651.70042901,4,0,0,,,,,
I18,1,0,1881,8.34290271132,0.283891547049,0.00214798850971,0.000274173724802,969.324829456,600,0.128189879752,260.316627872,29.5066666667,1763.7067919,4,0,0,,,,,
I19,1,0,2030,9.30147783251,0.307881773399,0.00281912093457,0.000333635265594,917.630239441,690,0.127688646064,267.558697283,30.9927536232,1745.80036268,4,0,0,,,,,
I20,1,0,2098,8.46091515729,0.267397521449,0.00211456440512,0.000280410996373,887.621518841,611,0.120501762298,214.95091819,32.1080196399,1544.94829622,4,0,0,,,,,
I21,1,0,2070,9.59855072464,0.335748792271,0.00278523299319,0.000387123036641,889.202891769,771,0.122808358118,244.361335983,28.9364461738,1696.50050429,4,0,0,,,,,
I22,1,0,2033,10.2395474668,0.369896704378,0.00268041216251,0.000378390677701,875.121316841,832,0.122641675845,219.267443743,28.1081730769,1540.7378365,4,0,0,,,,,
I23,1,0,2110,12.66492891,0.435545023697,0.00305963991694,0.000446657442855,875.173414404,994,0.121738446959,203.271291814,28.9466800805,1476.23620619,4,0,0,,,,,
I24,1,0,2005,10.96159601,0.421945137157,0.00296163163008,0.000457693495293,891.562547889,908,0.122891390833,224.363118773,26.2786343612,1603.89985077,4,0,0,,,,,
J01,1,0,1990,13.4683417085,0.438190954774,0.00330897332636,0.000427336379128,884.588603898,950,0.124517927845,243.594719981,30.4463157895,1630.39393361,4,0,0,,,,,
J02,1,0,1976,13.2277327935,0.437753036437,0.00301803120011,0.000451237824703,888.655923315,964,0.12068880042,202.056044426,30.0529045643,1507.01035504,4,0,0,,,,,
J03,1,0,2129,10.1883513387,0.334429309535,0.00252082787092,0.000347069925678,887.274189623,797,0.124365206637,233.549042428,30.2283563363,1603.73847311,4,0,0,,,,,
J04,1,0,2006,9.59820538385,0.303090727817,0.00287132576781,0.000302063865912,919.42089106,671,0.126487281174,272.065632026,31.8301043219,1781.65525383,4,0,0,,,,,
J05,1,0,2085,10.5587529976,0.327098321343,0.00320544018223,0.000338468507154,991.310879329,740,0.132124846051,301.738121549,32.5594594595,1953.22345193,4,0,0,,,,,
J06,1,0,2046,8.12903225806,0.319648093842,0.00242117208043,0.000329715211501,956.51388888,747,0.123485940333,239.428514788,25.3520749665,1711.71254889,4,0,0,,,,,
J07,1,0,1991,11.5886489201,0.326469110999,0.00343332743771,0.000354511715329,1022.00029102,723,0.127543308914,281.150580621,36.0553250346,1899.39580684,4,0,0,,,,,
J08,1,0,1912,12.4314853556,0.479079497908,0.0031619042497,0.000471806129909,950.392932102,997,0.125718524987,274.019004788,26.2798395186,1824.8799319,4,0,0,,,,,
J09,1,0,1843,9.11502984265,0.279435702659,0.00272382662851,0.000296630691302,991.367553406,581,0.130600463773,294.812858875,32.9483648881,1888.75639183,4,0,0,,,,,
J10,1,0,2048,9.5400390625,0.29541015625,0.0029231895801,0.000302469172957,998.171654496,669,0.134155971898,321.271579077,32.3632286996,2037.45894955,4,0,0,,,,,
J11,1,0,2260,8.12168141593,0.238053097345,0.00223597995452,0.000250953740168,971.848728924,586,0.124829911571,262.714229522,34.319112628,1821.62336867,4,0,0,,,,,
J12,1,0,1997,7.89083625438,0.255383074612,0.00226604432868,0.000261855455971,982.497792235,560,0.131300212264,299.187353291,31.2625,1937.21241977,4,0,0,,,,,
J13,1,0,2014,8.03326713009,0.267626613704,0.00225285635628,0.000272097457304,947.503402511,590,0.124861999032,262.11384824,29.9830508475,1758.32835831,4,0,0,,,,,
J14,1,0,2072,7.15106177606,0.24083011583,0.0018068147891,0.000259005626757,965.899545623,570,0.125745537242,236.188574596,30.6385964912,1638.08004672,4,0,0,,,,,
J15,1,0,1928,8.3112033195,0.258817427386,0.00223055034047,0.000269360056423,1018.15275429,545,0.128127596324,267.197394535,32.2532110092,1812.64807864,4,0,0,,,,,
J16,1,0,1892,9.12420718816,0.332980972516,0.00236017943696,0.00033920328105,955.783783176,697,0.12478071081,242.460674271,27.2941176471,1692.36300482,4,0,0,,,,,
J17,1,0,2015,10.0962779156,0.326550868486,0.00236646689303,0.000309256828425,959.283834567,720,0.126007527045,250.805171846,31.0361111111,1697.30890144,4,0,0,,,,,
J18,1,0,1989,8.67521367521,0.285570638512,0.00226337365999,0.000299665706199,963.073816364,614,0.127988242802,256.118362393,30.4332247557,1720.30433551,4,0,0,,,,,
J19,1,0,2014,7.70605759682,0.283515392254,0.00190984081889,0.000291524873532,927.273792441,639,0.121489164913,216.618439844,27.269170579,1573.7944591,4,0,0,,,,,
J20,1,0,1957,8.69902912621,0.25447112928,0.00242242845553,0.000273098034952,907.860298621,548,0.128561243037,240.636428496,34.352189781,1618.04671271,4,0,0,,,,,
J21,1,0,1945,9.18714652956,0.291516709512,0.0022945085859,0.000311077634032,863.250851274,628,0.119025358563,201.816555225,31.8837579618,1464.93177351,4,0,0,,,,,
J22,1,0,1988,12.8626760563,0.41046277666,0.00247139881511,0.00041238558178,862.466689022,905,0.115130058397,172.225965788,31.3348066298,1362.79973309,4,0,0,,,,,
J23,1,0,1862,12.6305048335,0.423200859291,0.00298844657607,0.000424333631685,878.278914636,868,0.1205640796,209.844004745,30.0944700461,1538.90368579,4,0,0,,,,,
J24,1,0,1951,10.1132752435,0.329062019477,0.00247412997839,0.000359055485012,853.466947553,719,0.11532032814,180.990977026,31.0180806676,1391.75747619,4,0,0,,,,,
K01,1,0,1826,13.7201533406,0.463307776561,0.00426275931487,0.000444792177256,922.074384808,939,0.134961162515,332.165510521,29.3727369542,2041.78728391,4,0,0,,,,,
K02,1,0,1606,10.7465753425,0.354296388543,0.00190932514152,0.00031106411617,898.146010873,636,0.116337805826,196.704725959,30.3993710692,1507.66443468,4,0,0,,,,,
K03,1,0,1841,9.69364475828,0.336773492667,0.00253940485838,0.000325641361775,916.305020837,689,0.123511951259,229.819618881,28.4876632801,1620.2447665,4,0,0,,,,,
K04,1,0,1868,8.36616702355,0.26391862955,0.00223707287041,0.000268321670355,1014.92887516,553,0.130423854562,279.239424373,31.8625678119,1881.44533883,4,0,0,,,,,
K05,1,0,1853,8.23799244468,0.245008094981,0.00263258283014,0.000249185027945,1048.40794943,499,0.136108188571,330.240814015,34.7094188377,2028.34737368,4,0,0,,,,,
K06,1,0,1771,10.790513834,0.355166572558,0.00341079209139,0.000348414305537,966.553291068,709,0.134828572341,328.628357263,30.4047954866,2078.36384795,4,0,0,,,,,
K07,1,0,1825,10.6010958904,0.322739726027,0.00284197701387,0.000320301929265,971.369943759,647,0.126658546959,277.176898982,32.6398763524,1900.68899232,4,0,0,,,,,
K08,1,0,1645,11.4534954407,0.36717325228,0.00322195776847,0.000389190678481,978.719886352,665,0.129515607077,287.970748794,31.3293233083,1924.32436205,4,0,0,,,,,
K09,1,0,1753,9.54877353109,0.335424985739,0.00244288130046,0.000342624206341,991.723844291,648,0.125531663852,240.898434458,28.8796296296,1723.88347401,4,0,0,,,,,
K10,1,0,1777,10.8193584693,0.312886888014,0.00383873509935,0.000308015292837,998.625217784,608,0.137376860631,368.818699899,34.7483552632,2240.45869934,4,0,0,,,,,
K11,1,0,1726,8.01332560834,0.264194669757,0.00203420989325,0.000268390310033,990.040134266,502,0.122428176603,252.517901943,30.6932270916,1776.17231653,4,0,0,,,,,
K12,1,0,1853,10.6988667026,0.324338909876,0.00298490985718,0.000318865055537,1032.25932193,660,0.128765379023,299.175758275,33.4863636364,1956.93801045,4,0,0,,,,,
K13,1,0,1891,9.039132734,0.300898995241,0.00255390827235,0.000312106379608,1025.09911744,624,0.129903138887,284.850382506,30.2483974359,1924.37553387,4,0,0,,,,,
K14,1,0,1955,9.42250639386,0.285933503836,0.00312923735084,0.000293355625183,989.639879399,603,0.136133367255,313.075098851,33.6915422886,1944.06875646,4,0,0,,,,,
K15,1,0,1911,9.19047619048,0.339089481947,0.00258690917669,0.000349389101915,976.436018364,715,0.128441173094,256.878806442,27.227972028,1754.90464697,4,0,0,,,,,
K16,1,0,1884,9.48195329087,0.324840764331,0.00235770953115,0.000330090399736,983.692772244,663,0.124701794405,246.115766615,29.790346908,1766.8012172,4,0,0,,,,,
K17,1,0,1822,9.55433589462,0.335345773875,0.0018777907105,0.000327386995331,970.617704162,671,0.117840526758,207.790684463,28.782414307,1587.05834853,4,0,0,,,,,
K18,1,0,1784,9.20683856502,0.301569506726,0.00210805276972,0.000284107272297,958.362041159,597,0.125404608957,252.946047464,30.8458961474,1723.97595228,4,0,0,,,,,
K19,1,0,1813,9.79757308329,0.314396028682,0.00226921090526,0.000325022189608,916.849821153,640,0.122284021239,219.586062156,31.815625,1556.97944548,4,0,0,,,,,
K20,1,0,1988,8.90543259557,0.264084507042,0.00195617534777,0.000267056552684,924.194510568,571,0.121334197722,201.968452405,33.8704028021,1528.29446325,4,0,0,,,,,
K21,1,0,1883,9.13011152416,0.288900690388,0.00256889765378,0.00030344176051,930.966320897,594,0.126521189685,262.495072678,31.2828282828,1757.55184789,4,0,0,,,,,
K22,1,0,2046,9.58846529814,0.336754643206,0.00233816625694,0.000343002275185,942.555458767,761,0.121322953424,220.439086855,28.6136662286,1551.89116823,4,0,0,,,,,
K23,1,0,2052,10.2753411306,0.310428849903,0.00280231131205,0.000368310847614,907.533298157,722,0.122632235244,219.298837469,32.7382271468,1576.18666754,4,0,0,,,,,
K24,1,0,1925,10.3127272727,0.420779220779,0.00232224049853,0.000412808260018,887.776716134,905,0.120916403849,192.912604579,24.7458563536,1449.50398885,4,0,0,,,,,
L01,1,0,1711,144.736411455,6.24839275278,0.056245643353,0.00710267924346,2113.08379506,11674,0.15471723933,715.199470477,23.3203700531,4143.56011705,4,0,0,,,,,
L02,1,0,2082,12.730067243,0.429875120077,0.00334497236978,0.000450832763749,916.769963995,1008,0.12220926017,229.406684183,29.7420634921,1633.34700403,4,0,0,,,,,
L03,1,0,1984,10.109375,0.357862903226,0.00226749216667,0.000345104681235,932.412178978,800,0.121510002873,221.369879236,28.18375,1634.03190327,4,0,0,,,,,
L04,1,0,2102,11.2702188392,0.363463368221,0.00278176097308,0.000388082018973,937.609945141,843,0.121697663289,230.116822309,31.4638196916,1689.37261817,4,0,0,,,,,
L05,1,0,2059,8.37251092763,0.272462360369,0.00214717101035,0.000290447869092,926.077761287,608,0.124871872396,226.801313362,30.7417763158,1633.87892564,4,0,0,,,,,
L06,1,0,2078,7.35274302214,0.251684311838,0.0023986623625,0.000276046660848,976.743255516,576,0.132473894283,296.299102632,29.3802083333,1907.79817243,4,0,0,,,,,
L07,1,0,2052,8.3693957115,0.267543859649,0.00246439115753,0.000286526062021,988.512585956,597,0.12926424895,275.409657964,32.0100502513,1851.28073229,4,0,0,,,,,
L08,1,0,1888,7.14194915254,0.266419491525,0.00181286452438,0.000272841747882,969.157752565,565,0.123646513288,246.990479007,26.7309734513,1733.70833594,4,0,0,,,,,
L09,1,0,2080,7.32355769231,0.252884615385,0.00192613931543,0.000268413755503,973.41675352,575,0.126938217455,247.158723578,29.4660869565,1712.23552113,4,0,0,,,,,
L10,1,0,2116,8.27268431002,0.271266540643,0.00254882357873,0.00032112917004,1008.27142983,622,0.127773774206,276.08086474,30.8392282958,1862.61789188,4,0,0,,,,,
L11,1,0,1965,8.4534351145,0.287022900763,0.00240076758528,0.00030550907793,976.55566628,615,0.130208970819,284.2000268,29.8260162602,1876.20962631,4,0,0,,,,,
L12,1,0,2114,7.98107852412,0.242194891202,0.00221166350629,0.000244177564416,990.306765846,566,0.128536084094,279.05728268,33.3551236749,1856.95671542,4,0,0,,,,,
L13,1,0,1908,10.0765199161,0.398846960168,0.00266693051969,0.000419235956523,969.090889423,849,0.123308755392,239.655262383,25.5041224971,1739.40236864,4,0,0,,,,,
L14,1,0,1965,7.30788804071,0.236641221374,0.00178685257155,0.000253290878483,940.422343386,519,0.121666174289,238.009731694,31.2504816956,1678.70031006,4,0,0,,,,,
L15,1,0,1902,7.4658254469,0.257097791798,0.00182648704189,0.000270967531251,934.217147707,538,0.121432658633,231.514423618,29.1431226766,1675.22223521,4,0,0,,,,,
L16,1,0,2074,6.54773384764,0.191417550627,0.00184575472855,0.000207029884809,964.471382349,438,0.122858277438,241.476691023,34.2511415525,1689.1419953,4,0,0,,,,,
L17,1,0,2136,7.40917602996,0.211142322097,0.00208639604298,0.000228197469936,971.899329098,496,0.127758701801,260.142499219,35.1975806452,1777.70015899,4,0,0,,,,,
L18,1,0,2073,8.52194886638,0.309696092619,0.00226928819908,0.000331216594783,965.914924731,679,0.125536890523,243.070551887,27.8365243004,1702.17064915,4,0,0,,,,,
L19,1,0,1971,7.91222729579,0.237442922374,0.00221362098549,0.000271750090888,915.506428861,527,0.124886227159,239.954126403,33.4724857685,1688.94967048,4,0,0,,,,,
L20,1,0,2133,7.99953117675,0.223159868729,0.00221453100681,0.000246217890382,917.254738923,522,0.12990227188,246.082284457,35.8908045977,1671.37810106,4,0,0,,,,,
L21,1,0,2040,9.50392156863,0.351470588235,0.0023970228008,0.000380966003359,918.444742973,779,0.121871062854,207.223895824,27.1784338896,1524.68246383,4,0,0,,,,,
L22,1,0,1930,11.3994818653,0.367875647668,0.00260384207759,0.000381280889808,885.847560534,784,0.121853502921,205.863886779,31.3329081633,1494.77770485,4,0,0,,,,,
L23,1,0,1998,10.2752752753,0.322322322322,0.0023322696455,0.000345373570454,886.014784504,718,0.118378829448,195.359415138,31.5752089136,1486.69231347,4,0,0,,,,,
L24,1,0,1564,154.278132992,5.61636828645,0.0554432796669,0.0065267508896,1952.93491044,9553,0.14838142359,578.856956929,27.680100492,3544.41894143,4,0,0,,,,,
M01,1,0,1681,165.233789411,5.78465199286,0.0637838525469,0.00666552108257,2348.27993947,10603,0.152248092232,732.187164106,28.7545034424,4456.58747949,4,0,0,,,,,
M02,1,0,1895,9.72084432718,0.311873350923,0.00313991519982,0.000293912902127,980.22515885,653,0.136912741087,358.245362432,31.1577335375,2113.29004298,4,0,0,,,,,
M03,1,0,1843,8.25393380358,0.255561584373,0.00234607509165,0.000263117678952,936.478747182,530,0.129011133956,249.951402542,32.0773584906,1694.19077861,4,0,0,,,,,
M04,1,0,2068,6.63007736944,0.202127659574,0.00207638649388,0.000204416631722,1217.67037373,462,0.135405194893,372.051873534,32.7683982684,2386.14053037,4,0,0,,,,,
M05,1,0,1978,10.8594539939,0.269464105157,0.00316584074083,0.000282703239692,975.7306433,584,0.130211159306,283.553260001,39.948630137,1887.52834116,4,0,0,,,,,
M06,1,0,2049,9.56368960469,0.33186920449,0.00318024808725,0.000330374333657,959.694976443,757,0.135546265392,350.890722366,28.9352708058,2258.0108618,4,0,0,,,,,
M07,1,0,1997,7.89334001002,0.252378567852,0.00256028263224,0.000259147377413,948.597298462,566,0.132591232385,309.320558047,32.1060070671,1961.18862795,4,0,0,,,,,
M08,1,0,1806,7.60188261351,0.242524916944,0.0020045004999,0.00022368952624,1059.99173788,485,0.13426933021,297.155397848,31.4329896907,1953.67230019,4,0,0,,,,,
M09,1,0,1962,8.56880733945,0.267584097859,0.0027856956135,0.000269470899209,983.125578767,578,0.135657861043,355.034518534,32.3875432526,2214.4619888,4,0,0,,,,,
M10,1,0,1920,10.9401041667,0.363541666667,0.00345360383218,0.000360173111371,998.801391837,786,0.1338477497,324.164723551,30.0737913486,2085.2591303,4,0,0,,,,,
M11,1,0,2097,9.46494992847,0.304244158321,0.00308748177885,0.000327177638156,1010.24974648,706,0.134607850268,324.00769529,31.4504249292,2003.91556155,4,0,0,,,,,
M12,1,0,2100,8.55,0.276666666667,0.00254070389538,0.000288394412806,970.32959134,643,0.129950473976,286.579126608,31.6438569207,1854.30016732,4,0,0,,,,,
M13,1,0,2150,8.23162790698,0.264186046512,0.00255515154179,0.000269331914817,997.380712723,641,0.134802010137,336.956451334,31.7425897036,2185.20130238,4,0,0,,,,,
M14,1,0,1870,7.77486631016,0.270053475936,0.00213158829086,0.000278219212287,963.805157058,557,0.127874891915,283.342526798,29.2298025135,1857.69839481,4,0,0,,,,,
M15,1,0,1979,8.91712986357,0.317331985851,0.0025720893449,0.000330058959544,971.485633273,675,0.126749861629,267.900795865,28.0725925926,1797.1270624,4,0,0,,,,,
M16,1,0,1969,11.6947689182,0.357034027425,0.00426110438056,0.000462976450368,1000.21021498,766,0.131859147385,316.261649292,32.4791122715,2047.32800182,4,0,0,,,,,
M17,1,0,1957,8.31732243229,0.279509453245,0.00259756994388,0.000289253770894,961.580153527,604,0.134388660051,297.314883868,29.8824503311,1847.70247094,4,0,0,,,,,
M18,1,0,1906,11.1972717733,0.350996852046,0.00335343355386,0.000387882536198,940.861784111,755,0.130193561042,279.042875888,32.4503311258,1834.83989618,4,0,0,,,,,
M19,1,0,1928,9.30653526971,0.284232365145,0.00272326416127,0.00029395544725,951.573443964,618,0.133273480355,285.320235033,33.2184466019,1837.75193886,4,0,0,,,,,
M20,1,0,1949,10.4356080041,0.374037968189,0.00276998361046,0.000369505984457,935.559972797,781,0.123332458138,260.191641658,27.9436619718,1775.44673629,4,0,0,,,,,
M21,1,0,2015,8.8888337469,0.291811414392,0.00237342723921,0.000329739134281,880.705656227,662,0.121743563365,234.915724553,30.7160120846,1653.04556767,4,0,0,,,,,
M22,1,0,2071,9.18734910671,0.279092225978,0.00224254834469,0.000299468644428,844.395334687,611,0.121643949596,208.220541964,32.9443535188,1488.82155037,4,0,0,,,,,
M23,1,0,2025,10.7501234568,0.342222222222,0.00258747763047,0.000379421058187,851.252062485,769,0.118521130873,182.790961313,31.4590377113,1382.08899931,4,0,0,,,,,
M24,1,0,1742,165.452353617,7.40757749713,0.0734947313981,0.00909446175029,2268.02715351,14038,0.158270816911,736.120285452,22.5369710785,4261.31532119,4,0,0,,,,,
N01,1,0,1948,12.6098562628,0.406057494867,0.0030295339774,0.000401917319404,954.158463298,852,0.127410170726,255.978470742,31.0704225352,1772.7892277,4,0,0,,,,,
N02,1,0,2061,156.200388161,5.18728772441,0.0654217704072,0.00683226460133,2326.5183251,11620,0.151450651346,701.799083005,30.1612736661,4276.68878917,4,0,0,,,,,
N03,1,0,1960,13.0760204082,0.430102040816,0.00306564403256,0.000444018408793,915.046997157,927,0.121704583897,211.627436289,30.402373247,1582.1206103,4,0,0,,,,,
N04,1,0,1873,7.51414842499,0.28830752803,0.00197561139317,0.000298426573014,933.281418048,618,0.122713703669,236.652323398,25.9870550162,1655.09001871,4,0,0,,,,,
N05,1,0,1957,8.61624936127,0.277976494635,0.0021229471891,0.000277132740267,947.061994757,604,0.123409152637,250.743860936,31.1059602649,1713.319128,4,0,0,,,,,
N06,1,0,1966,8.78331637843,0.3499491353,0.00245118662379,0.000365554983619,953.067640002,754,0.128372289781,261.554145058,25.1710875332,1796.22123049,4,0,0,,,,,
N07,1,0,2081,7.86448822681,0.267659778952,0.00221887907226,0.000297399916186,998.689409087,615,0.123709417802,249.26432888,29.4617886179,1761.80675662,4,0,0,,,,,
N08,1,0,1918,8.85453597497,0.309176225235,0.00244610727845,0.000313633730517,975.079162417,639,0.127292449,260.284168854,28.7746478873,1788.37584618,4,0,0,,,,,
N09,1,0,2054,5.90555014606,0.200584225901,0.00161488683514,0.000213767459472,1025.99192036,476,0.126551085629,287.883006127,29.5987394958,1931.36854367,4,0,0,,,,,
N10,1,0,1905,8.36850393701,0.282414698163,0.00258949392648,0.000297475861502,1028.99023513,617,0.131471054991,317.130514746,29.4311183144,2012.47605742,4,0,0,,,,,
N11,1,0,1937,8.47547754259,0.270005162623,0.0023133860878,0.000286285993678,987.746847234,573,0.129208550731,263.08146681,31.8464223386,1790.31653451,4,0,0,,,,,
N12,1,0,1913,7.8849973863,0.250392054365,0.00198964208431,0.000267746925559,957.381875104,510,0.125360531581,231.723709594,31.5392156863,1657.64688278,4,0,0,,,,,
N13,1,0,1909,8.32949188057,0.265060240964,0.00240482017451,0.000288885537213,951.776178891,568,0.125416012572,261.309015265,31.2799295775,1784.4829222,4,0,0,,,,,
N14,1,0,1909,9.02619172342,0.299109481404,0.00245674157598,0.000333478129176,959.458247322,633,0.12124807633,244.91438002,30.3902053712,1797.38153714,4,0,0,,,,,
N15,1,0,1942,8.57415036045,0.288877445932,0.00230684953924,0.00030254343863,920.036184292,618,0.125885654597,250.375275707,29.8948220065,1712.19582977,4,0,0,,,,,
N16,1,0,1980,9.30303030303,0.354545454545,0.00264914646831,0.000382555988281,938.395222135,791,0.126687632462,242.242226316,26.5031605563,1672.57849592,4,0,0,,,,,
N17,1,0,1903,10.2480294272,0.341040462428,0.00236673867997,0.000335199680574,997.990628458,703,0.12453241331,259.747538184,29.9089615932,1850.97688324,4,0,0,,,,,
N18,1,0,1865,8.6836461126,0.280428954424,0.00239121042859,0.000297103336387,957.54713473,582,0.126142387399,254.067201246,31.6718213058,1742.46974948,4,0,0,,,,,
N19,1,0,1881,13.2599681021,0.396597554492,0.00382836416226,0.000430660649228,1054.03536151,807,0.130986618652,375.254542345,33.0545229244,2407.98726936,4,0,0,,,,,
N20,1,0,1997,9.04106159239,0.347521281923,0.00237099982025,0.000390489149184,894.129958196,776,0.121108393118,218.782693841,26.2422680412,1596.51470259,4,0,0,,,,,
N21,1,0,1956,8.73312883436,0.297034764826,0.00235509201637,0.00033667115965,921.948057943,647,0.124855848698,238.414703303,29.455950541,1620.39599093,4,0,0,,,,,
N22,1,0,1956,10.5807770961,0.320552147239,0.00231927970024,0.000319448177914,880.362743447,686,0.122939218486,216.920965,33.0947521866,1532.40077669,4,0,0,,,,,
N23,1,0,1459,167.379712132,6.92871830021,0.0766056827416,0.00862255173973,2343.5430039,11285,0.159581162536,764.054381679,24.2846256092,4399.21035122,4,0,0,,,,,
N24,1,0,2029,10.7792015771,0.362247412518,0.00267156775718,0.000369271979337,878.980276985,791,0.123739098519,220.680880564,29.9747155499,1546.70122506,4,0,0,,,,,
O01,1,0,2010,11.2930348259,0.324378109453,0.00344857738813,0.000354076211738,949.876396996,738,0.132462282536,302.888969188,34.5514905149,1945.71246165,4,0,0,,,,,
O02,1,0,1969,149.852209243,5.10716099543,0.0540254624136,0.00607277613612,1775.18693938,10876,0.14673964325,514.065538815,29.6162191982,3221.69933744,4,0,0,,,,,
O03,1,0,2204,10.8039927405,0.305353901996,0.00268400648083,0.0003111112868,910.700266236,739,0.123852947116,228.689184895,35.4587280108,1612.3679999,4,0,0,,,,,
O04,1,0,2080,7.66875,0.251923076923,0.0023858480072,0.000272252687194,937.977964268,592,0.124558091102,266.361857648,30.3868243243,1826.905784,4,0,0,,,,,
O05,1,0,2258,6.83480956599,0.203720106289,0.00180317451184,0.000208304633005,916.28560063,528,0.129599609707,259.042522466,33.5587121212,1763.37315813,4,0,0,,,,,
O06,1,0,2117,8.02361832782,0.307510628248,0.00235650100668,0.000310628316518,924.871228687,726,0.131938690888,270.936921494,26.7506887052,1742.98531415,4,0,0,,,,,
O07,1,0,1969,8.41696292534,0.296089385475,0.00282572494805,0.0003220620486,957.471925189,652,0.133014289431,300.862740696,28.4325153374,1908.278912,4,0,0,,,,,
O08,1,0,2046,9.89638318671,0.292277614858,0.002719828228,0.000294320845484,961.781590197,655,0.130686304406,289.899030809,34.0091603053,1920.94802375,4,0,0,,,,,
O09,1,0,1993,8.57099849473,0.256397390868,0.00297138434248,0.000258179599863,1098.25596389,561,0.144132128862,386.350601933,33.7076648841,2321.13651875,4,0,0,,,,,
O10,1,0,2059,8.39873725109,0.2564351627,0.00245191699536,0.000260312478768,1032.49382269,599,0.136956399366,335.819205168,32.8113522538,2211.66962247,4,0,0,,,,,
O11,1,0,2184,7.7293956044,0.22847985348,0.00256323845597,0.000239808828495,1088.98669907,551,0.13709581468,337.845538875,33.8747731397,2105.14674647,4,0,0,,,,,
O12,1,0,2117,8.73452999528,0.252243741143,0.00258139035105,0.000254272144863,949.738371644,604,0.134651628089,290.91067443,34.548013245,1883.27438898,4,0,0,,,,,
O13,1,0,2127,9.9708509638,0.314527503526,0.00328740203813,0.000326220321224,978.214242816,744,0.134374213557,332.249896277,32.0107526882,2149.42253809,4,0,0,,,,,
O14,1,0,2235,9.03266219239,0.246532438479,0.00280552020774,0.000272576794318,1013.09075215,619,0.12963215296,295.715738386,36.7932148627,2002.74194961,4,0,0,,,,,
O15,1,0,2053,8.72576717,0.279590842669,0.0028149314351,0.000297705279811,942.581669676,659,0.138133327089,309.772817271,31.7602427921,1922.26228552,4,0,0,,,,,
O16,1,0,1919,8.66961959354,0.284523189161,0.00265498062987,0.000289742165281,1059.30638833,603,0.138923285794,336.624014216,31.232172471,2096.94330434,4,0,0,,,,,
O17,1,0,2026,8.10315893386,0.279861796644,0.00232352532643,0.000285034064122,921.299063609,646,0.129665623916,254.633637531,28.9318885449,1729.61698586,4,0,0,,,,,
O18,1,0,2124,8.93596986817,0.274952919021,0.00314150897799,0.000278931746145,932.861930175,643,0.136845200406,302.549820707,32.4774494557,1841.91338933,4,0,0,,,,,
O19,1,0,2013,10.8017883756,0.410332836562,0.0032028848826,0.000416585090247,951.873491092,905,0.133883583255,288.850537648,26.2154696133,1886.94410935,4,0,0,,,,,
O20,1,0,2001,10.071964018,0.326836581709,0.00305551418712,0.000342322640165,895.743183601,736,0.13429261306,280.954385392,30.6385869565,1743.63409214,4,0,0,,,,,
O21,1,0,1969,9.53834433723,0.30218384967,0.00280234813299,0.000309242541544,889.127194457,653,0.132129397843,270.525084698,31.4640122511,1736.95810145,4,0,0,,,,,
O22,1,0,2055,10.5727493917,0.347445255474,0.00342728904749,0.000374862375229,892.399873584,791,0.133670102548,283.375812824,30.6953223767,1787.59879421,4,0,0,,,,,
O23,1,0,1834,160.744274809,6.85714285714,0.0603496774935,0.0081307879661,1840.20966968,13951,0.150171478202,527.766510969,23.4422622034,3237.7857425,4,0,0,,,,,
O24,1,0,2143,12.6252916472,0.359776014932,0.00386186889974,0.00038000435678,932.034658629,827,0.135206512355,291.895077288,35.345828295,1852.56458155,4,0,0,,,,,
P01,1,0,2144,7.92024253731,0.235074626866,0.00209022493375,0.00021797741066,987.163741215,545,0.127280384734,299.755597093,33.3394495413,1935.24173091,4,0,0,,,,,
P02,1,0,2032,9.89566929134,0.364173228346,0.00250998374485,0.000358434248187,973.047778436,827,0.129164152558,266.034752028,27.5344619105,1759.71423737,4,0,0,,,,,
P03,1,0,2044,8.53228962818,0.286203522505,0.00217714579523,0.000299156275677,914.053810216,669,0.125092468616,241.433909351,30.4499252616,1687.57597121,4,0,0,,,,,
P04,1,0,2001,9.92453773113,0.351324337831,0.00270792752254,0.00036833742781,966.513449727,789,0.123735400064,246.913962913,28.2750316857,1758.73674471,4,0,0,,,,,
P05,1,0,1993,8.52734570998,0.280481685901,0.00202978793804,0.00029795126217,970.897325635,627,0.120029529587,220.499835401,30.4098883573,1643.7164466,4,0,0,,,,,
P06,1,0,2095,9.20286396181,0.31646778043,0.00254762184646,0.000331015615543,939.813841493,710,0.129467242419,260.138529279,29.3253521127,1707.78988744,4,0,0,,,,,
P07,1,0,2046,7.9550342131,0.282013685239,0.00265495467225,0.000311104586251,987.709796563,648,0.133145456212,289.017435422,28.7839506173,1903.49891151,4,0,0,,,,,
P08,1,0,1998,8.76226226226,0.309309309309,0.00228932470271,0.000307109621874,982.408053778,674,0.129163412406,270.945373394,28.6127596439,1857.92197856,4,0,0,,,,,
P09,1,0,2067,7.31156265119,0.2549588776,0.00248416620887,0.000267810759478,1129.27453401,598,0.139964620492,373.448810415,28.5568561873,2318.34700445,4,0,0,,,,,
P10,1,0,1946,7.00256937307,0.210688591984,0.00211135711633,0.000213122697007,1191.09492737,451,0.137606223756,360.24243078,32.822616408,2294.68825958,4,0,0,,,,,
P11,1,0,1958,6.6986721144,0.193564862104,0.00162281688976,0.000189656146022,993.964474013,428,0.125553889975,252.232891966,33.9439252336,1758.22378216,4,0,0,,,,,
P12,1,0,2055,7.43941605839,0.209732360097,0.00195168932666,0.000218321259758,1008.43742041,496,0.128011924267,261.924234599,35.8306451613,1824.65088437,4,0,0,,,,,
P13,1,0,1838,9.9972796518,0.290533188248,0.00299232087351,0.000288075736533,982.888674254,582,0.133462957748,302.30147107,34.4587628866,1916.61193405,4,0,0,,,,,
P14,1,0,2134,10.0665417057,0.321462043112,0.00338491576989,0.000326502718976,977.990005404,755,0.138888638567,362.585026271,31.4953642384,2192.57287114,4,0,0,,,,,
P15,1,0,2102,12.7778306375,0.373929590866,0.00450472617051,0.00049559034994,1082.75663767,851,0.131172862465,317.716744074,33.9870740306,2186.14067964,4,0,0,,,,,
P16,1,0,2008,9.20019920319,0.267430278884,0.002943909368,0.000280725369797,1023.14048109,605,0.141487272429,360.112264759,34.4545454545,2187.43434286,4,0,0,,,,,
P17,1,0,1927,8.92319667878,0.294758692268,0.00253879489477,0.000303550757262,983.100047898,636,0.130955034705,269.467575228,29.9213836478,1812.86666326,4,0,0,,,,,
P18,1,0,2010,9.36169154229,0.297512437811,0.00299016937963,0.000311912729181,959.858838478,657,0.131104994726,303.059890688,31.4718417047,1937.32699306,4,0,0,,,,,
P19,1,0,1899,8.50500263296,0.24065297525,0.00247522950791,0.00024930539837,947.468315533,515,0.135561427884,279.710400751,35.3883495146,1824.17673758,4,0,0,,,,,
P20,1,0,2072,8.18388030888,0.251447876448,0.00225448824344,0.000260319535005,894.620072631,579,0.130875798905,246.485434763,33.0932642487,1613.79273618,4,0,0,,,,,
P21,1,0,1937,10.5462054724,0.348477026329,0.00270977886789,0.000349261021752,947.021227101,748,0.128550293219,248.513044672,30.0855614973,1708.14720376,4,0,0,,,,,
P22,1,0,2081,9.47333012975,0.296972609322,0.00277535500504,0.000308599567375,894.454134,690,0.130183484363,268.921290276,32.4246376812,1757.27097703,4,0,0,,,,,
P23,1,0,1964,13.1965376782,0.436354378819,0.00452475708945,0.000419600900064,981.118556181,947,0.142297071331,354.884934443,30.3379091869,2091.2160159,4,0,0,,,,,
P24,1,0,1864,11.2392703863,0.327789699571,0.00399836593858,0.000320850080883,995.10927781,679,0.142159733433,396.691844913,34.7260677467,2328.21817426,4,0,0,,,,,
