Well,Plane,Timepoint,Cell Selected - Number of Objects,Cell Selected - Total Spot Area - Mean per Well,Cell Selected - Number of Spots - Mean per Well,Cell Selected - Relative Spot Intensity - Mean per Well,Cell Selected - Number of Spots per Area of Cytoplasm - Mean per Well,Cell Selected - Intensity Cytoplasm Mean - Mean per Well,Spots Selected - Number of Objects,Spots Selected - Relative Spot  Intensity - Mean per Well,Spots Selected - Corrected Spot  Intensity - Mean per Well,Spots Selected - Spot Area [px²] - Mean per Well,Spots Selected - Intensity Spot Mean - Mean per Well,Number of Analyzed Fields,Height [µm],Time [s],Compound,Concentration,Cell Type,Cell Count,
A01,1,0,2160,15.1694444444,0.426388888889,0.00389632855182,0.000361013941382,1051.92664123,1005,0.13036049401,326.385445834,35.7542288557,2095.64073964,4,0,0,,,,,
A02,1,0,1580,50.1436708861,1.70569620253,0.0118980146775,0.00172850535021,1180.78045285,3009,0.12649137795,296.288897559,29.3074111,2118.79503704,3,0,0,,,,,
A03,1,0,2204,15.2735934664,0.55444646098,0.00351035188977,0.000578592814495,1001.22780176,1322,0.119596990541,231.068743468,27.8903177005,1728.09892079,4,0,0,,,,,
A04,1,0,2288,14.2832167832,0.538024475524,0.00368945691417,0.000555233339785,968.343337247,1317,0.121543027592,236.21634509,26.7790432802,1691.90096198,4,0,0,,,,,
A05,1,0,2253,12.1220594763,0.388371060808,0.00379074732564,0.000426778076426,1011.52836111,988,0.126222255521,301.16872322,31.2125506073,2036.11116186,4,0,0,,,,,
A06,1,0,2265,12.6622516556,0.41059602649,0.00356344249451,0.000450223871639,985.127555602,1034,0.123251683091,255.18802904,30.8259187621,1766.13475602,4,0,0,,,,,
A07,1,0,2196,79.2850637523,2.84426229508,0.0203171169015,0.00317236338,1373.39629702,6817,0.126203849306,329.04595147,27.9719818102,2395.68448223,4,0,0,,,,,
A08,1,0,2306,38.199045967,1.27666955768,0.00943421090922,0.001340871594,1135.21293427,3192,0.123882280135,291.448031438,30.1503759398,2079.20227504,4,0,0,,,,,
A09,1,0,2399,13.3443101292,0.435598165902,0.00413410725315,0.000477150411384,1129.0822893,1159,0.130212914552,327.95799653,30.8636755824,2182.7184919,4,0,0,,,,,
A10,1,0,2143,11.3588427438,0.31684554363,0.00328500356806,0.000324258731607,1048.43384846,760,0.130534585762,346.159245694,36.1894736842,2193.06893931,4,0,0,,,,,
A11,1,0,2213,9.98328061455,0.30230456394,0.00292752749098,0.000320703151598,1050.62825471,739,0.124217095522,278.837696455,33.1826792963,1959.77602052,4,0,0,,,,,
A12,1,0,2256,9.75,0.34219858156,0.00279360781254,0.000391589409231,1032.38318369,834,0.121909056359,263.446849092,28.6642685851,1855.17980378,4,0,0,,,,,
A13,1,0,2060,112.319902913,4.66116504854,0.0362115451236,0.00585333645943,1525.64041737,10600,0.138130439535,395.143735569,24.3703773585,2633.54898579,4,0,0,,,,,
A14,1,0,2320,45.1961206897,1.57543103448,0.011702655328,0.00181720061584,1280.30784986,3938,0.125837632048,300.164204019,28.9923819198,2175.76910474,4,0,0,,,,,
A15,1,0,2330,15.3738197425,0.579399141631,0.00465886183667,0.000674879211384,1171.7615598,1478,0.124222278653,301.518137289,26.7090663058,2130.65901464,4,0,0,,,,,
A16,1,0,2350,9.25106382979,0.296170212766,0.00336717143566,0.000348194787504,1200.30326581,770,0.131164113521,361.132096918,31.5935064935,2350.57464268,4,0,0,,,,,
A17,1,0,2387,8.29199832426,0.253037285295,0.00232986975088,0.000283974704362,1073.13219409,645,0.123359865192,272.381639414,33.2682170543,1912.08513377,4,0,0,,,,,
A18,1,0,2377,11.1792175011,0.421119057636,0.00391674067338,0.000442607820909,1155.26052756,1107,0.135877717345,389.871189493,27.0207768744,2364.2396437,4,0,0,,,,,
A19,1,0,1946,63.3591983556,2.80781089414,0.0223474264144,0.00415726462398,1527.75951583,5898,0.131806454368,369.863915127,22.8441844693,2535.41730803,4,0,0,,,,,
A20,1,0,2320,11.0646551724,0.3625,0.00407077769772,0.000460222669397,1295.98379748,914,0.132473514331,387.252472072,30.9376367615,2452.68535504,4,0,0,,,,,
A21,1,0,2339,10.0534416417,0.316802052159,0.00318694714096,0.000343820324599,1138.67813284,825,0.129181317967,329.954561479,31.7478787879,2157.89500101,4,0,0,,,,,
A22,1,0,2370,9.34556962025,0.335443037975,0.00264842087437,0.000359316615616,1110.32199328,871,0.127516407369,282.760739142,27.8094144661,1923.63637191,4,0,0,,,,,
A23,1,0,2335,11.2890792291,0.460385438972,0.00321876378941,0.00048354897504,1041.58138486,1191,0.123799896398,286.262337789,24.5936188077,1941.11894249,4,0,0,,,,,
A24,1,0,2192,10.5565693431,0.376368613139,0.00322382866077,0.000418439834675,1039.2183388,921,0.130357919955,295.239021225,28.4180238871,1933.59690711,4,0,0,,,,,
B01,1,0,2123,14.6622703721,0.434291097504,0.0037488005463,0.000441995194633,925.164602301,1025,0.12212122903,241.294310525,33.516097561,1734.30591622,4,0,0,,,,,
B02,1,0,2183,12.1429225836,0.343563902886,0.00292988384351,0.000329909425838,956.534684772,837,0.125263094537,278.198943825,35.2281959379,1918.43619558,4,0,0,,,,,
B03,1,0,2484,96.2306763285,3.74516908213,0.0288662564369,0.00438959997962,1635.21643705,10200,0.130316129455,387.983465539,25.8574509804,2747.18217881,4,0,0,,,,,
B04,1,0,2179,50.8228545204,1.75585130794,0.0120434409744,0.00190535527675,1279.19604006,4151,0.119636703911,279.249371828,29.0284268851,2132.03975392,4,0,0,,,,,
B05,1,0,2226,27.2637017071,1.00943396226,0.00610643163619,0.00102342857488,1072.1374227,2420,0.117905156877,241.000630803,27.1132231405,1849.34529568,4,0,0,,,,,
B06,1,0,2248,18.384341637,0.64590747331,0.00480523551508,0.000701786967232,1039.06537071,1600,0.120863556064,268.38525487,28.855625,1912.34883587,4,0,0,,,,,
B07,1,0,2405,15.7588357588,0.452390852391,0.00402994095854,0.000488289552176,1002.95105126,1210,0.123422985353,269.191161675,35.194214876,1831.43269895,4,0,0,,,,,
B08,1,0,2057,126.01993194,5.57073407876,0.0487444682107,0.00631791514981,1944.82563316,12348,0.15603993637,693.36753087,22.7840945902,3974.93883921,4,0,0,,,,,
B09,1,0,2244,60.7794117647,2.51916221034,0.0165443871136,0.00271751406183,1238.76603652,6272,0.132990362113,331.60321614,24.3022959184,2235.95088145,4,0,0,,,,,
B10,1,0,2202,19.0386012716,0.63578564941,0.00581578884817,0.000670839886594,1071.42933202,1501,0.130368784649,330.088498281,30.4523650899,2106.21331633,4,0,0,,,,,
B11,1,0,2247,11.1784601691,0.366266132621,0.00335545395196,0.000372032533667,1014.0919341,921,0.129700647587,315.35553932,31.3279044517,2084.92791059,4,0,0,,,,,
B12,1,0,2365,9.64270613108,0.303594080338,0.00287743231874,0.000333868570753,1019.5368481,816,0.125503816558,288.513037515,32.4558823529,1966.22306715,4,0,0,,,,,
B13,1,0,2284,9.55560420315,0.310858143608,0.00282112545202,0.000319581095146,1041.34468149,790,0.129783528865,299.788789188,31.1278481013,1954.0234048,4,0,0,,,,,
B14,1,0,2167,102.461005999,4.07983387171,0.0292911574551,0.00474576972313,1733.47655977,9597,0.132381434159,434.674543449,25.368240075,3026.30984219,4,0,0,,,,,
B15,1,0,2313,13.5719844358,0.460873324687,0.00382383414421,0.000471992135053,1203.12861988,1171,0.12965579629,330.151311586,29.9120409906,2214.57357673,4,0,0,,,,,
B16,1,0,2362,10.4724809483,0.393310753599,0.00279308045418,0.000421729386041,1070.46911291,1010,0.127012027194,284.39216581,27.000990099,1954.73113791,4,0,0,,,,,
B17,1,0,2255,10.2833702882,0.314412416851,0.00380542228986,0.000333867884816,1109.02342411,786,0.133998272111,404.981154938,33.3015267176,2540.87751407,4,0,0,,,,,
B18,1,0,2337,11.4475823706,0.422336328626,0.00380408657945,0.000440474052872,1033.84461063,1086,0.132530950829,329.699040997,27.4815837937,2048.06513809,4,0,0,,,,,
B19,1,0,2380,10.512605042,0.373109243697,0.00279714274176,0.000390801166893,937.700504459,997,0.122999089054,239.88403236,28.4012036108,1694.85298092,4,0,0,,,,,
B20,1,0,1889,166.813128639,6.49814716781,0.0767827924545,0.00868506633787,2966.78000491,13266,0.153963443562,892.489534343,25.982511684,5376.06739722,4,0,0,,,,,
B21,1,0,2236,41.0872093023,1.57602862254,0.0098525233768,0.00173868830616,1114.15381553,3832,0.121311970057,241.790881103,26.236691023,1830.83672586,4,0,0,,,,,
B22,1,0,2215,40.3169300226,1.43566591422,0.00971426842207,0.0015917064176,1042.33111333,3458,0.12048156889,224.362998229,28.2379988433,1714.65669772,4,0,0,,,,,
B23,1,0,2356,15.3883701188,0.577674023769,0.0043970041547,0.000586636499829,904.685799598,1492,0.126936379305,246.38094727,26.9302949062,1626.45851977,4,0,0,,,,,
B24,1,0,2078,12.1905678537,0.440808469682,0.00327095722084,0.000441398105009,870.614547756,1032,0.126777792961,227.947884312,27.738372093,1534.61295608,4,0,0,,,,,
C01,1,0,2075,13.7860240964,0.492048192771,0.0035282179818,0.000490124529503,954.239412777,1132,0.124549323194,243.149021087,28.8851590106,1709.59568376,4,0,0,,,,,
C02,1,0,2055,12.0715328467,0.393673965937,0.00311614052554,0.000409024474846,952.496721362,892,0.126574228348,255.35129416,30.869955157,1761.30617417,4,0,0,,,,,
C03,1,0,2184,10.4441391941,0.35347985348,0.00293389105506,0.000396732151928,956.793733692,831,0.123064914537,270.530271974,29.9157641396,1820.86875539,4,0,0,,,,,
C04,1,0,2204,141.686932849,6.2831215971,0.0481714959651,0.00713859695079,2421.77991772,14958,0.143659233689,661.954119877,22.7220885145,4267.51001567,4,0,0,,,,,
C05,1,0,2218,70.0437330929,2.98151487827,0.0171492566586,0.00320996158528,1391.65798907,7198,0.124176034625,327.590171076,23.7099194221,2383.2964215,4,0,0,,,,,
C06,1,0,2200,15.2036363636,0.472727272727,0.003684895994,0.000492348619654,1059.61754875,1172,0.118392561562,266.899698732,32.0827645051,1887.34970463,4,0,0,,,,,
C07,1,0,2260,12.2734513274,0.423008849558,0.00306630394544,0.000459576801977,987.733197712,1066,0.119546210009,228.220061234,29.0393996248,1674.97786624,4,0,0,,,,,
C08,1,0,2331,11.317031317,0.421707421707,0.00280239093768,0.000440723983686,978.998754975,1103,0.119722886904,233.639643682,27.1223934723,1678.09857796,4,0,0,,,,,
C09,1,0,2239,10.717284502,0.321125502456,0.00300844664557,0.000328728091526,1033.79693125,777,0.129538103661,303.01691424,33.8056628057,1965.95389273,4,0,0,,,,,
C10,1,0,1825,168.34739726,6.3698630137,0.0816188669281,0.00883567948695,3158.85170809,12604,0.158012899741,991.109347504,26.5437162805,5882.97886861,4,0,0,,,,,
C11,1,0,2211,97.3573043872,3.89461781999,0.0312017628797,0.004503228829,2033.87147486,9271,0.141406971627,592.122844549,25.2133534678,3728.35776809,4,0,0,,,,,
C12,1,0,2262,25.3439434129,0.966843501326,0.00645781959365,0.00107535439541,1214.11599274,2380,0.121260170632,285.961965159,26.5004201681,2068.18200777,4,0,0,,,,,
C13,1,0,2126,12.0757290687,0.433207902164,0.00295913969439,0.000455948764579,1096.08149761,1020,0.119424615478,272.643690477,28.218627451,2035.61281682,4,0,0,,,,,
C14,1,0,2218,12.0455365194,0.358881875564,0.00411684746473,0.000367082994157,1052.6855128,884,0.137423977458,356.65570727,34.0022624434,2169.38913638,4,0,0,,,,,
C15,1,0,2120,10.8382075472,0.343396226415,0.00340963703778,0.000355849407613,995.292571688,805,0.128836991497,291.957641326,31.9527950311,1902.43476501,4,0,0,,,,,
C16,1,0,1919,118.993225638,4.7311099531,0.035570494038,0.00559118664139,1835.77475523,9828,0.13210035886,452.465171858,25.3253968254,3121.86019165,4,0,0,,,,,
C17,1,0,2182,29.528872594,1.12144821265,0.00777400011713,0.00124587272218,1215.07272206,2622,0.123666865968,295.090436571,26.5553012967,2113.14950064,4,0,0,,,,,
C18,1,0,2217,11.6887686062,0.47451511051,0.00331793685447,0.00049248766371,1017.68754499,1172,0.128960453099,278.261215826,25.3003412969,1852.49611747,4,0,0,,,,,
C19,1,0,2305,13.1479392625,0.45726681128,0.00365724826624,0.000488019135672,987.087627234,1189,0.126533956307,264.294086916,29.0487804878,1783.06126904,4,0,0,,,,,
C20,1,0,2138,15.7039289055,0.420954162769,0.00383813250232,0.000438528263588,954.678624482,1004,0.127227685412,230.621217133,37.4292828685,1584.39653114,4,0,0,,,,,
C21,1,0,2428,16.2191103789,0.530889621087,0.00420892577835,0.000589356538019,945.685524032,1444,0.12405289329,237.136611051,30.6274238227,1646.95439189,4,0,0,,,,,
C22,1,0,1946,94.8478931141,3.95837615622,0.0303286084197,0.00418655825373,1689.74381748,8340,0.145458843922,546.201908525,24.2071942446,3291.56283045,4,0,0,,,,,
C23,1,0,2057,11.4404472533,0.412736995625,0.00333922798904,0.000442427068852,923.107764786,935,0.127616364193,263.324878363,28.0042780749,1723.20533678,4,0,0,,,,,
C24,1,0,2359,25.7647308181,0.919457397202,0.00721150257622,0.00106741158601,1010.9430664,2337,0.125711659028,247.650963445,28.3581514763,1741.50735314,4,0,0,,,,,
D01,1,0,2124,53.3050847458,2.16996233522,0.0119509076103,0.0022601412896,1144.16792206,5017,0.124938934705,254.108086426,24.6167032091,1846.36939227,4,0,0,,,,,
D02,1,0,1347,13.4669636229,0.416481069042,0.00327903831374,0.000432527216704,890.643666514,626,0.121051337938,211.807454776,32.5495207668,1561.7137396,3,0,0,,,,,
D03,1,0,2230,13.0479820628,0.468161434978,0.00346045564375,0.000484443681834,958.474194318,1139,0.122400521854,250.447580144,28.1501316945,1740.0870471,4,0,0,,,,,
D04,1,0,2298,11.9255874674,0.389033942559,0.00338892886964,0.000408135100829,1010.73767934,962,0.128260557869,275.573996839,30.9875259875,1821.93703771,4,0,0,,,,,
D05,1,0,2148,12.6829608939,0.385474860335,0.00383109597242,0.000409545464757,981.299345153,919,0.125294755241,259.874704516,32.6245919478,1776.61610387,4,0,0,,,,,
D06,1,0,2167,12.4660821412,0.455006922012,0.00367145143791,0.000465766797004,1012.05005992,1113,0.131497969239,314.871677601,27.7448337826,1997.43522999,4,0,0,,,,,
D07,1,0,1969,114.404266125,4.87455561199,0.0364542976928,0.0056113487733,1722.22478108,10313,0.139316465938,473.471416971,23.5551246,3113.06756116,4,0,0,,,,,
D08,1,0,2063,102.778962676,4.5433834222,0.0292923134687,0.00512045619696,1700.87754993,10365,0.135479040835,426.953937623,22.8595272552,2885.15768342,4,0,0,,,,,
D09,1,0,2277,45.8186209925,1.59771629337,0.0107966844934,0.00178237116231,1257.70564574,3988,0.122420365053,272.643099078,28.9674022066,2053.91635264,4,0,0,,,,,
D10,1,0,2188,13.7106946984,0.468464351005,0.00329060082983,0.000480456483059,1056.12623721,1097,0.119846002233,244.947033766,30.128532361,1794.61019702,4,0,0,,,,,
D11,1,0,2110,10.5563981043,0.356872037915,0.00289525805648,0.000376659552827,1071.13904278,845,0.129204549815,296.447587884,29.8130177515,2010.34948866,4,0,0,,,,,
D12,1,0,2140,9.58317757009,0.339719626168,0.00283783110458,0.000358817779174,1026.50126562,792,0.128705164591,289.518038693,28.6111111111,1878.75729483,4,0,0,,,,,
D13,1,0,2139,84.9700794764,3.42496493689,0.0217351925156,0.00390922054551,1674.07170924,7969,0.123793257929,359.834366607,25.0819425273,2711.01646245,4,0,0,,,,,
D14,1,0,2252,30.9453818828,1.22335701599,0.00680430142479,0.00133293037982,1103.53645261,3020,0.116627676146,223.919421712,25.3612582781,1786.81649183,4,0,0,,,,,
D15,1,0,2254,14.5767524401,0.519077196096,0.00328961082242,0.000560592333991,1040.28104203,1286,0.117898366368,218.766447598,28.2908242613,1687.10894987,4,0,0,,,,,
D16,1,0,2317,9.73413897281,0.351316357359,0.00308552657718,0.000385353357331,1089.46940905,883,0.129937930414,328.665243171,28.1800679502,2123.59409865,4,0,0,,,,,
D17,1,0,2202,8.93778383288,0.281562216167,0.00293043011743,0.000284996589994,1135.41962486,678,0.136204574998,360.240075247,31.9852507375,2212.79180547,4,0,0,,,,,
D18,1,0,2278,11.4982440737,0.510096575944,0.00327775922503,0.000511755202434,1062.05414805,1307,0.128228153936,296.659974782,22.4697781178,1957.17767481,4,0,0,,,,,
D19,1,0,1992,146.040160643,6.0813253012,0.0571003934344,0.00756909059764,2211.59748155,13173,0.148374354945,651.972753036,24.2532452744,3969.24603894,4,0,0,,,,,
D20,1,0,2402,84.7960033306,3.44879267277,0.0250291406126,0.00404187700069,1486.20413994,9036,0.134874165179,392.23487769,24.8928729526,2568.6945136,4,0,0,,,,,
D21,1,0,2276,22.6335676626,0.723637961336,0.00503548167634,0.000762457252044,991.057853893,1833,0.118366272223,206.760764467,31.2924168031,1570.1795371,4,0,0,,,,,
D22,1,0,2230,13.8080717489,0.478475336323,0.00347195312449,0.000507563035585,920.805642156,1161,0.121546638793,212.005178873,29.0361757106,1507.86043146,4,0,0,,,,,
D23,1,0,2169,11.1567542646,0.386353158137,0.00325896633124,0.000387966188161,910.436974046,927,0.128500045967,243.762823856,29.2934196332,1589.01681706,4,0,0,,,,,
D24,1,0,2080,136.414903846,4.89423076923,0.0423097473921,0.00568671890429,1735.47561425,11208,0.140583917268,446.217997937,27.988579586,2897.03398816,4,0,0,,,,,
E01,1,0,1500,149.723333333,5.282,0.0477717015954,0.00592524496586,1700.64650174,8733,0.145269869504,488.112621898,28.3332188251,3056.09116735,4,0,0,,,,,
E02,1,0,1987,12.2989431303,0.41217916457,0.00305933105385,0.000436842135114,926.01247977,901,0.121241700312,222.988956018,29.6703662597,1636.99558787,4,0,0,,,,,
E03,1,0,2093,16.0649784998,0.542283803153,0.00409329308665,0.000551485148352,933.324199828,1273,0.125964927211,242.34421932,29.8146111548,1641.34846969,4,0,0,,,,,
E04,1,0,1879,193.570516232,7.04417243214,0.0894038722513,0.00826247464923,3527.55345906,14463,0.158998185653,1144.99131653,27.5626080343,6719.73046863,4,0,0,,,,,
E05,1,0,2148,163.476722533,6.9739292365,0.061844590987,0.00787489659314,2490.37597435,16366,0.146863753379,731.321735175,23.5788830502,4588.18090469,4,0,0,,,,,
E06,1,0,2409,68.9692818597,2.79825653798,0.0170928532514,0.00303102664256,1381.37289152,7397,0.12498991245,320.675972022,24.7063674463,2338.79679122,4,0,0,,,,,
E07,1,0,2140,22.453271028,0.883177570093,0.00475910153794,0.000962606576364,1051.67443117,2062,0.114986673477,217.873115645,25.4830261882,1734.7449344,4,0,0,,,,,
E08,1,0,2211,15.7218453189,0.507914970602,0.00416947112915,0.000516654136303,1089.36026771,1214,0.124912598804,287.823829132,31.3294892916,1960.81597373,4,0,0,,,,,
E09,1,0,2299,11.4380165289,0.36320139191,0.00255997540323,0.000369155267251,1020.42040146,908,0.118962737418,237.13006782,31.8975770925,1747.81099952,4,0,0,,,,,
E10,1,0,1918,153.205943691,6.22627737226,0.090244171354,0.0084862022596,4132.30847496,12900,0.162159495793,1497.98011892,24.7646511628,8534.06010842,4,0,0,,,,,
E11,1,0,2035,146.469287469,5.85847665848,0.0583150795319,0.00704751946087,2773.99971666,13016,0.145819248752,834.18791213,25.2369391518,5269.77870969,4,0,0,,,,,
E12,1,0,2048,63.7373046875,2.4814453125,0.0160940536546,0.00274692178369,1345.0879406,5588,0.124147962926,317.452920258,25.8228346457,2354.47797291,4,0,0,,,,,
E13,1,0,2147,11.6870051234,0.375407545412,0.00355577322852,0.00038096320694,1069.90289642,883,0.131203650201,316.403018699,31.6964892412,2064.19330669,4,0,0,,,,,
E14,1,0,2139,9.74941561477,0.314633006078,0.00262269076481,0.000334208229059,1046.17939976,741,0.128223645434,285.711355753,31.2199730094,1902.38862023,4,0,0,,,,,
E15,1,0,2257,9.83119184759,0.324324324324,0.00290258780304,0.000330249060747,1197.32023547,779,0.132550564965,353.943821933,30.8446726573,2295.54304608,4,0,0,,,,,
E16,1,0,2008,120.752988048,4.50996015936,0.0285969201531,0.00496137575572,1675.17172811,10067,0.12373732949,330.593374892,26.8981821794,2539.81071827,4,0,0,,,,,
E17,1,0,2167,61.6119058606,2.20258421781,0.0138172002313,0.00229683311652,1371.31232394,5208,0.120382922637,298.324470316,28.1226958525,2278.93791612,4,0,0,,,,,
E18,1,0,1707,19.0714704159,0.802577621558,0.00488147283126,0.000851049581281,1054.01977868,1529,0.123204967278,264.987594361,23.9175931982,1845.77678381,3,0,0,,,,,
E19,1,0,2180,13.2935779817,0.449082568807,0.00337632681318,0.000462805451687,997.210308486,1072,0.124660465403,252.118461886,30.328358209,1733.17018185,4,0,0,,,,,
E20,1,0,2096,16.2919847328,0.496660305344,0.00439088905806,0.000508931966189,975.800921789,1137,0.127295746896,265.051791736,32.8795074758,1778.28765796,4,0,0,,,,,
E21,1,0,2258,13.5363153233,0.416297608503,0.00365614551345,0.000417296533386,953.614999571,1045,0.129401764997,292.577596575,32.843062201,1905.93075593,4,0,0,,,,,
E22,1,0,2039,70.3732221677,2.26434526729,0.0191354119138,0.00267461117513,1261.89138161,5116,0.122036453617,277.946647805,31.5125097733,2130.41078282,4,0,0,,,,,
E23,1,0,2148,29.9315642458,0.97113594041,0.00707044128152,0.0010553485822,1055.30280597,2313,0.118051453257,223.288995153,31.0929528751,1700.55490153,4,0,0,,,,,
E24,1,0,2173,105.697192821,4.72112287161,0.0315041376213,0.00538722252804,1581.18823209,11238,0.138888283586,402.10920958,22.5562377647,2604.13029667,4,0,0,,,,,
F01,1,0,2105,18.6845605701,0.67648456057,0.0046881165358,0.000741436094342,1052.31362863,1570,0.119422063058,246.529534845,28.1114649682,1854.86931743,4,0,0,,,,,
F02,1,0,2049,146.199121523,6.12249877989,0.0528808698833,0.00782038321582,2407.01846907,13716,0.146203181279,607.142251776,24.0741469816,3845.79533255,4,0,0,,,,,
F03,1,0,2188,20.7134369287,0.696526508227,0.00419243473443,0.0007236400329,1002.19665086,1685,0.116235246078,212.162732547,29.7827893175,1646.32064164,4,0,0,,,,,
F04,1,0,2146,16.0340167754,0.590866728798,0.00361350664344,0.000630674860759,981.908962443,1409,0.118991627942,223.233913212,27.5400993612,1668.35026141,4,0,0,,,,,
F05,1,0,2220,15.5851351351,0.609009009009,0.0036983417408,0.000628115005733,1060.95290106,1522,0.118579881923,250.892144114,25.7036793693,1848.84076337,4,0,0,,,,,
F06,1,0,2115,120.076122931,4.89598108747,0.0383047748172,0.0057932088626,1908.77449292,11331,0.135649215152,493.012458388,24.5395816786,3353.59775237,4,0,0,,,,,
F07,1,0,2200,42.7259090909,1.57727272727,0.0102950824168,0.00175249419941,1306.23262094,3738,0.120337969007,291.914452096,27.2001070091,2215.75376986,4,0,0,,,,,
F08,1,0,2241,13.8665774208,0.474788041053,0.00373683032134,0.00051496329406,1060.67714744,1156,0.121872224538,280.013150266,29.6262975779,1998.2686922,4,0,0,,,,,
F09,1,0,2186,10.9981701738,0.365965233303,0.00337128692347,0.000388993591952,1036.13068466,878,0.12816380741,298.30752822,30.6776765376,1959.62751297,4,0,0,,,,,
F10,1,0,2223,10.5047233468,0.355825461089,0.00306075801912,0.000386972145399,1028.70742865,859,0.12524246748,264.039860877,29.5389988359,1824.88361231,4,0,0,,,,,
F11,1,0,2368,9.14949324324,0.312922297297,0.00284971636969,0.000332115949086,1081.4891848,813,0.12844337431,330.664856779,29.3665436654,2236.761431,4,0,0,,,,,
F12,1,0,2181,104.907381935,4.49289316827,0.0276629996261,0.0051123495117,1716.02190227,10541,0.12897600622,388.815450997,23.5257565696,2800.7824785,4,0,0,,,,,
F13,1,0,2291,12.9445656918,0.429506765605,0.00332519699724,0.000482783818736,1072.79453588,1076,0.118867098408,250.817022313,30.6672862454,1865.42115153,4,0,0,,,,,
F14,1,0,2200,12.2118181818,0.414545454545,0.00287435063448,0.000430670417508,1099.26374101,1008,0.119878706176,246.28109555,29.8303571429,1818.96376831,4,0,0,,,,,
F15,1,0,2228,11.1674147217,0.38644524237,0.00305362982283,0.000409046759243,1024.81062227,939,0.12747710946,275.00277353,29.1863684771,1846.70120634,4,0,0,,,,,
F16,1,0,2207,10.4694154961,0.346624376982,0.0030139117221,0.000361737232997,1008.0120017,860,0.1258280856,268.458800302,30.9139534884,1807.39456084,4,0,0,,,,,
F17,1,0,2151,12.4063226406,0.410971641097,0.0035627917754,0.000415318867778,1038.20990139,991,0.129062351137,282.886922558,30.2310797175,1874.29747376,4,0,0,,,,,
F18,1,0,2166,78.649122807,2.16297322253,0.0208695808179,0.00252702007297,1505.78232681,5122,0.121221139414,334.048474065,36.6690745802,2600.50492587,4,0,0,,,,,
F19,1,0,2070,24.4,0.820289855072,0.00567587537559,0.000884687286896,1295.8765041,1890,0.118250344505,272.111761994,30.0947089947,2066.5705063,4,0,0,,,,,
F20,1,0,2046,18.2883675464,0.609970674487,0.00385652386644,0.000626503823375,1031.26599191,1377,0.118217561228,209.335206562,30.0777051561,1607.19096576,4,0,0,,,,,
F21,1,0,2061,14.8466763707,0.461426491994,0.00390778293288,0.000486628647536,1051.66826032,1039,0.126061111358,290.485790027,32.6900866218,1979.0179007,4,0,0,,,,,
F22,1,0,2156,10.7894248609,0.35667903525,0.00262703583794,0.00040267295488,907.423924827,856,0.119454394386,203.775530393,30.566588785,1482.23700177,4,0,0,,,,,
F23,1,0,1746,160.483390607,6.99942726231,0.0591168815095,0.0085794377611,2236.08386036,13284,0.149428320145,619.823847341,23.1343721771,3830.31882018,4,0,0,,,,,
F24,1,0,2109,13.1948790896,0.454717875771,0.00311270513762,0.000471238180436,969.061737426,1033,0.122292649108,221.669984681,28.9138431752,1578.54520765,4,0,0,,,,,
G01,1,0,1930,119.636787565,4.64507772021,0.0497633080547,0.00545579562151,1800.84976963,9968,0.163197798194,728.999878468,25.7435794543,3943.54976634,4,0,0,,,,,
G02,1,0,1934,128.765770424,4.88004136505,0.0401646617375,0.00575914261566,1691.9139687,10259,0.140962610923,462.579046459,26.5274393216,2984.37656736,4,0,0,,,,,
G03,1,0,2114,46.1773888363,1.85383159886,0.0148744664555,0.00202284942686,1254.99006611,4324,0.144495315796,443.557529747,25.1121646623,2617.20855007,4,0,0,,,,,
G04,1,0,1996,18.9509018036,0.634769539078,0.00545130246664,0.000657749146675,1141.87724074,1421,0.128864938947,308.467752022,29.8353272343,2075.69510033,4,0,0,,,,,
G05,1,0,2083,13.040806529,0.436389822372,0.00387677448979,0.000440779383733,1036.56634832,1017,0.128504436019,314.323717025,30.0609636185,2088.42908875,4,0,0,,,,,
G06,1,0,2244,12.4799465241,0.492424242424,0.00346633657187,0.000505492153133,988.361003872,1222,0.123958438348,263.317694875,25.236497545,1757.8904342,4,0,0,,,,,
G07,1,0,2086,10.1313518696,0.321188878236,0.00304021899882,0.000328889866172,1034.6792017,736,0.131308781911,316.222465705,31.5461956522,1973.27025731,4,0,0,,,,,
G08,1,0,1969,156.061452514,5.32148298629,0.0500970286368,0.00578745838047,2012.65953795,11491,0.147199798053,571.268142634,29.3475763641,3560.84294789,4,0,0,,,,,
G09,1,0,2142,49.1722689076,1.8664799253,0.0110411948165,0.00195046643415,1171.50056492,4391,0.123616679175,263.124114519,26.551582783,1954.20521774,4,0,0,,,,,
G10,1,0,1870,14.8764705882,0.535294117647,0.00343834489983,0.000527096362677,1202.60556449,1134,0.12107454615,255.169586033,27.8209876543,1798.59310611,4,0,0,,,,,
G11,1,0,1992,11.2570281124,0.377008032129,0.00334339497093,0.00035937651681,1019.11366332,830,0.135076952774,338.539475135,30.2096385542,2064.01078418,4,0,0,,,,,
G12,1,0,2045,9.39657701711,0.279706601467,0.00261201591679,0.000272658766723,1061.08105263,640,0.133402331945,335.300998606,34.115625,2135.006419,4,0,0,,,,,
G13,1,0,2007,10.8858993523,0.368709516692,0.00302069037914,0.000358965847226,1026.96962138,835,0.128255890787,313.338511068,30.1341317365,2053.81803507,4,0,0,,,,,
G14,1,0,1930,132.364766839,5.62279792746,0.0501367183909,0.00635976617035,2195.20323063,11907,0.153979743399,717.767469416,23.7013521458,4237.02883421,4,0,0,,,,,
G15,1,0,2221,61.6019810896,2.94371904548,0.0230616938002,0.00328505997819,1361.23141735,7239,0.154299020268,512.162031521,21.0950407515,2906.75691203,4,0,0,,,,,
G16,1,0,2315,17.4051835853,0.663498920086,0.00531378934388,0.00071913410715,1301.63506517,1682,0.134229721508,371.373160949,26.7485136742,2451.10560109,4,0,0,,,,,
G17,1,0,2116,12.070415879,0.436672967864,0.00325548204657,0.000446948082772,1005.03875089,1028,0.124400173824,246.926344608,27.7675097276,1723.08286597,4,0,0,,,,,
G18,1,0,2157,11.3184979138,0.319425127492,0.0034225188913,0.00033955333566,1078.65353352,774,0.135657034463,355.55721574,35.7816537468,2164.93050756,4,0,0,,,,,
G19,1,0,2337,12.4749679076,0.38296961917,0.00412741443883,0.000389748059622,1126.64960448,994,0.137946867791,399.646375681,32.814889336,2369.65937262,4,0,0,,,,,
G20,1,0,1867,158.304767006,6.65881092662,0.0592419582487,0.0087802739548,2137.8319007,13819,0.144857601191,552.146875388,23.955423692,3555.14854135,4,0,0,,,,,
G21,1,0,2051,106.451487079,4.30619210141,0.0282368376923,0.00494926248728,1517.78077131,9888,0.131069407831,350.346025205,24.8047127832,2494.39132485,4,0,0,,,,,
G22,1,0,2116,40.8180529301,1.99243856333,0.00968558624278,0.00209862895616,1018.4020634,4706,0.125317441298,234.467148344,20.6160220994,1719.94987986,4,0,0,,,,,
G23,1,0,1658,156.554282268,6.06272617612,0.0505759731712,0.00688932302968,1912.39623457,11030,0.144046738683,508.605992709,25.9439709882,3237.60933161,4,0,0,,,,,
G24,1,0,2134,13.9859418932,0.590909090909,0.0033613172212,0.000624846491284,959.525342539,1425,0.121183197672,217.0239518,23.9768421053,1597.49217821,4,0,0,,,,,
H01,1,0,2034,11.5029498525,0.351032448378,0.00275125635582,0.00035564414468,880.564611124,795,0.120473666334,221.406800396,32.8779874214,1641.81390596,4,0,0,,,,,
H02,1,0,2285,12.3689277899,0.436761487965,0.00319087051171,0.000474125671141,918.529204072,1116,0.123097717746,252.890630447,28.3772401434,1765.14094102,4,0,0,,,,,
H03,1,0,2259,14.5714918105,0.499335989376,0.00382933779206,0.000519299518912,909.200925149,1269,0.121752524759,238.321703863,28.8636721828,1652.41771297,4,0,0,,,,,
H04,1,0,1998,172.360860861,6.55105105105,0.0693957790945,0.00731434062915,2225.18884521,14421,0.15684425551,763.117319284,26.5389362735,4417.07366149,4,0,0,,,,,
H05,1,0,2203,91.4325919201,3.17930095325,0.0240797402036,0.00341152359625,1505.10100285,7729,0.132358780742,398.091696636,28.7844481822,2693.69764989,4,0,0,,,,,
H06,1,0,2164,26.4385397412,0.879390018484,0.00585778295525,0.000916083474695,1129.86046828,2113,0.11888712315,259.319243858,30.3970657832,1969.45963928,4,0,0,,,,,
H07,1,0,2138,14.5542563143,0.472404115996,0.00370564489891,0.000442406762802,1034.65868143,1108,0.127394103041,268.942687143,31,1832.44180048,4,0,0,,,,,
H08,1,0,2015,11.8918114144,0.406451612903,0.0038439409283,0.000406559022235,1022.90665305,920,0.131766011466,348.700769464,29.3369565217,2199.25877524,4,0,0,,,,,
H09,1,0,2258,11.2032772365,0.358724534987,0.00413972505297,0.000369457244132,1077.63473557,898,0.1391492996,502.53978499,31.1770601336,2910.26810773,4,0,0,,,,,
H10,1,0,2174,24.4346826127,0.780128794848,0.00621294422986,0.000861720157363,1166.3540774,1870,0.124637825142,301.596528254,31.7080213904,2163.9163561,4,0,0,,,,,
H11,1,0,2098,13.4227836034,0.424213536702,0.00328834069616,0.000438148302123,1047.58083831,980,0.121842851846,262.087049816,32.2214285714,1877.48668717,4,0,0,,,,,
H12,1,0,2064,12.1802325581,0.333333333333,0.00349054310267,0.000377225027959,1075.88786353,745,0.129184529643,302.355859499,36.9932885906,2034.44731278,4,0,0,,,,,
H13,1,0,1850,9.94540540541,0.290810810811,0.00203929109623,0.000272351916112,1209.87720051,608,0.12435305214,289.167364845,34.6776315789,2079.98333382,4,0,0,,,,,
H14,1,0,1763,99.9273964833,4.49858196256,0.0371328604237,0.0054643999475,1782.4344056,8706,0.148093259561,589.929046882,22.3080634045,3433.07918008,4,0,0,,,,,
H15,1,0,1879,71.1777541245,3.19425226184,0.0222235916005,0.00358806504658,1450.96160517,6598,0.141609132075,441.7416782,22.4793876932,2699.44100612,4,0,0,,,,,
H16,1,0,1761,139.958546281,6.45883021011,0.0619392605273,0.00848123639494,2169.14194836,12355,0.152044113491,685.5642229,21.8109267503,4078.11788967,4,0,0,,,,,
H17,1,0,2210,59.0484162896,2.47737556561,0.0149267034935,0.00265592717771,1236.21769446,6051,0.127779487565,302.050540902,24.0042968104,2131.2674334,4,0,0,,,,,
H18,1,0,2128,63.094924812,2.53618421053,0.0159181847156,0.00273152761853,1155.63724993,5909,0.129025949242,281.889424183,25.0154002369,1975.15561688,4,0,0,,,,,
H19,1,0,2098,14.6544327931,0.527168732126,0.00386870801151,0.000541862964299,982.070583437,1242,0.124572488148,261.669347881,28.1771336554,1792.63704017,4,0,0,,,,,
H20,1,0,2141,11.9953292854,0.387669313405,0.00323163969241,0.000394069825042,969.260957046,936,0.129658295768,261.450842865,31.5373931624,1699.26783147,4,0,0,,,,,
H21,1,0,2145,12.5263403263,0.456876456876,0.00340955179165,0.000481093192639,918.559352464,1071,0.126037855128,237.528876454,27.5051353875,1585.83159104,4,0,0,,,,,
H22,1,0,2032,80.1530511811,3.47834645669,0.0240111171376,0.00419292907051,1151.48331174,7678,0.135463475095,302.374291921,23.1654076582,2022.19595357,4,0,0,,,,,
H23,1,0,2055,46.0798053528,1.92165450122,0.0107026112358,0.00205254692182,964.700519333,4352,0.122526141619,206.158873885,24.1240808824,1548.5029352,4,0,0,,,,,
H24,1,0,2108,9.75759013283,0.315939278937,0.00270117363535,0.000322088450202,1082.50241558,727,0.129452663074,289.039033305,30.7991746905,1928.12120315,4,0,0,,,,,
I01,1,0,1960,13.2260204082,0.398469387755,0.00411939837902,0.00042558651267,880.525302489,887,0.128558843059,281.325830479,32.7001127396,1804.36342818,4,0,0,,,,,
I02,1,0,2038,17.2365063788,0.638861629048,0.00417735045059,0.00068225346807,893.055524903,1464,0.119068121137,203.859901995,26.8579234973,1550.77761372,4,0,0,,,,,
I03,1,0,2165,11.2577367206,0.353348729792,0.00339836289564,0.000359783065722,926.078390741,843,0.127267740882,291.778546534,31.9786476868,1898.00828547,4,0,0,,,,,
I04,1,0,2234,11.842435094,0.380035810206,0.00316256515798,0.000404669625537,936.886844362,944,0.121902708065,246.33704263,30.998940678,1752.49075781,4,0,0,,,,,
I05,1,0,2216,15.2982851986,0.439981949458,0.00380176944461,0.000468442506762,941.998272783,1083,0.12380950943,245.844950986,35.1911357341,1697.84524553,4,0,0,,,,,
I06,1,0,2014,77.3242303873,3.0868917577,0.0192655836916,0.00353294190464,1276.9322635,6828,0.124644530162,292.43538475,25.2171939074,2182.40234781,4,0,0,,,,,
I07,1,0,2158,23.3475440222,0.874884151993,0.00558958427954,0.000940501580005,1036.01096738,2054,0.118831059089,240.953055869,26.7263875365,1811.43436281,4,0,0,,,,,
I08,1,0,2028,12.0552268245,0.409270216963,0.00345365868999,0.000412694994796,1015.65957837,922,0.127290611935,291.731552315,29.6800433839,1968.3705378,4,0,0,,,,,
I09,1,0,2015,12.8679900744,0.445657568238,0.00330793953353,0.000451719249237,1025.62966403,1001,0.124667658156,276.26020144,29.0969030969,1907.08169866,4,0,0,,,,,
I10,1,0,2055,11.3635036496,0.38102189781,0.00276862627743,0.000376611732509,1025.34983428,856,0.125566745899,274.87801425,30.0735981308,1893.66446441,4,0,0,,,,,
I11,1,0,2038,10.9798822375,0.346908734053,0.00326808581694,0.000353212537869,1021.98123153,770,0.128858321576,287.752323402,31.8753246753,1870.65820353,4,0,0,,,,,
I12,1,0,2079,105.430976431,4.10726310726,0.0284345481976,0.00462908830831,1693.75110037,9288,0.130305674462,411.013262753,25.8951335056,2903.49948122,4,0,0,,,,,
I13,1,0,2056,22.1031128405,0.725680933852,0.00535351227966,0.000777083812743,1134.37809922,1675,0.120779888388,266.367021621,31.0202985075,1954.87610553,4,0,0,,,,,
I14,1,0,2219,12.2947273547,0.402433528616,0.00315189931244,0.000409725912286,1050.58087283,986,0.123956058763,267.113805589,30.8640973631,1856.48045626,4,0,0,,,,,
I15,1,0,2236,13.4548300537,0.485688729875,0.00362033544195,0.000513197624485,1024.8316841,1222,0.123596814045,268.052258938,28.2258592471,1840.19188547,4,0,0,,,,,
I16,1,0,2056,11.4377431907,0.421692607004,0.00309581626576,0.000441246932499,1078.36828837,955,0.124644091439,278.674176689,27.5193717277,1867.41373264,4,0,0,,,,,
I17,1,0,2192,12.5346715328,0.428375912409,0.00330493616532,0.000455186362216,993.487784401,1063,0.125226843719,248.187439079,29.4534336783,1710.85155187,4,0,0,,,,,
I18,1,0,2003,159.659510734,5.40439340989,0.054067736717,0.00649995289734,2174.09196941,11849,0.141957020802,569.81066842,29.7386277323,3720.83593148,4,0,0,,,,,
I19,1,0,2107,76.1371618415,3.33175130517,0.0195548215402,0.00390156914101,1394.06574196,7702,0.124923270977,301.273927915,23.0193456245,2244.56375314,4,0,0,,,,,
I20,1,0,2201,23.1976374375,0.832348932303,0.00568524531398,0.000901140157855,996.517248128,1998,0.11987559069,227.876585672,28.2197197197,1676.6467605,4,0,0,,,,,
I21,1,0,2123,12.3221855864,0.435704192181,0.00358578770655,0.000445893535903,976.086747253,1017,0.124248856299,246.74223483,28.4641101278,1690.92744223,4,0,0,,,,,
I22,1,0,2159,12.9907364521,0.515979620195,0.00330437210312,0.000527555357367,863.140922299,1240,0.12335653834,213.097084619,25.3701612903,1488.13436671,4,0,0,,,,,
I23,1,0,2271,10.9282254513,0.373403786878,0.00365476038837,0.000406930187783,994.857570991,956,0.131394360801,308.158660664,29.309623431,1924.5298603,4,0,0,,,,,
I24,1,0,2037,13.0176730486,0.491899852725,0.00365027159131,0.000492814662939,921.658496585,1119,0.12882904206,251.201931053,26.9803395889,1675.08935853,4,0,0,,,,,
J01,1,0,1801,117.036091061,4.30705163798,0.0383835771235,0.00511218222653,1446.27428254,8452,0.14347703672,405.699791906,27.2036204449,2574.03630135,4,0,0,,,,,
J02,1,0,1857,63.914916532,2.47872913301,0.0143954632404,0.00261986806243,1029.63690087,5050,0.125422101583,237.594382229,25.8067326733,1756.38924955,4,0,0,,,,,
J03,1,0,2171,21.1414094887,0.793182865039,0.00428020214156,0.000799436324238,921.067609827,1909,0.116033470189,196.600265619,26.6223153483,1545.33435039,4,0,0,,,,,
J04,1,0,2144,11.5326492537,0.361007462687,0.00289545112548,0.000372392484912,929.856638842,849,0.122521327318,236.094989916,31.7455830389,1653.31856996,4,0,0,,,,,
J05,1,0,2081,11.4968765017,0.36040365209,0.00311257594569,0.000372717184532,948.258538744,851,0.125203650617,254.251946305,31.6016451234,1717.49867039,4,0,0,,,,,
J06,1,0,2136,13.1296816479,0.472846441948,0.00293442719815,0.000501051299475,947.595945866,1116,0.119262597044,205.368348906,28.0949820789,1555.8225036,4,0,0,,,,,
J07,1,0,1951,121.522296258,4.21014864172,0.0363520944808,0.00494492282732,1636.26957753,9012,0.13164373613,407.175537135,29.031846427,2865.88832863,4,0,0,,,,,
J08,1,0,2053,42.8363370677,1.5314174379,0.00990012717245,0.0017043427176,1198.1057942,3494,0.118524874502,257.669447723,28.2501431025,2003.52244254,4,0,0,,,,,
J09,1,0,2124,14.6803201507,0.495762711864,0.00349015551841,0.000540523391293,1029.59852557,1145,0.118489743418,222.598703573,29.5650655022,1701.08947982,4,0,0,,,,,
J10,1,0,2181,12.3631361761,0.421366345713,0.0035454825762,0.000427566827198,1030.0616003,1016,0.128706626634,298.819053275,29.4183070866,1964.01689561,4,0,0,,,,,
J11,1,0,2213,10.582467239,0.328061455038,0.00297257868175,0.000323400742285,1040.42022444,793,0.129711192828,323.027107206,32.8524590164,2074.05928001,4,0,0,,,,,
J12,1,0,2183,11.1580393953,0.409070087036,0.00309020422839,0.000431730402098,1035.04281356,1007,0.124792182706,265.937133621,27.6683217478,1817.59287464,4,0,0,,,,,
J13,1,0,2197,104.026399636,4.03413746017,0.0274978447946,0.00461460079776,1455.63448984,9656,0.127004578232,332.747763278,25.9853976802,2443.29571918,4,0,0,,,,,
J14,1,0,2072,41.2717181467,1.66891891892,0.00903039343688,0.00186716346398,1105.88615233,3780,0.11667261839,221.257507306,24.973015873,1772.32950927,4,0,0,,,,,
J15,1,0,2129,17.0751526538,0.621418506341,0.00411150253251,0.000654936504251,979.861372158,1472,0.11880332353,234.069445781,27.8260869565,1708.01988428,4,0,0,,,,,
J16,1,0,2431,14.2188399835,0.473056355409,0.00369432870579,0.000535020243466,1026.64777147,1287,0.122662329635,248.251291414,30.3278943279,1775.51348114,4,0,0,,,,,
J17,1,0,2011,13.5325708603,0.442068622576,0.00401940370252,0.000449858467557,971.820881964,977,0.129272077086,293.672149732,31.1576253838,1861.15631063,4,0,0,,,,,
J18,1,0,2165,11.6018475751,0.378752886836,0.00315403564999,0.000404165834303,963.523988188,908,0.125079229973,258.324572349,30.8149779736,1755.97775683,4,0,0,,,,,
J19,1,0,2010,120.583084577,5.59353233831,0.032047614485,0.00620258418846,1604.39477496,12372,0.131120824349,366.483751388,21.7909796314,2600.25334548,4,0,0,,,,,
J20,1,0,2045,56.5770171149,2.17114914425,0.0130520478897,0.00233218865106,1072.33018403,4916,0.121904266584,236.437629201,26.2239625712,1779.48397566,4,0,0,,,,,
J21,1,0,2182,18.996791934,0.640696608616,0.00441227363208,0.000688266492608,920.204177606,1552,0.119428260942,203.286535189,29.6855670103,1513.98582757,4,0,0,,,,,
J22,1,0,2088,12.6230842912,0.48132183908,0.00339245206155,0.000486858363408,888.281735332,1122,0.124275826281,231.875313352,26.7112299465,1563.45727413,4,0,0,,,,,
J23,1,0,2236,12.957960644,0.490161001789,0.00398594311382,0.000517333039188,862.832039895,1213,0.126275029943,258.388969223,26.638911789,1694.16546184,4,0,0,,,,,
J24,1,0,2128,10.2142857143,0.382518796992,0.00246015768463,0.000384978132408,954.748690411,901,0.12483993247,230.678365295,26.859045505,1608.2284922,4,0,0,,,,,
K01,1,0,2041,152.493875551,6.33414992651,0.0720698295526,0.00782394578886,2520.66534775,14054,0.163165004146,942.019854175,24.1854987904,5300.38185239,4,0,0,,,,,
K02,1,0,1850,11.5378378378,0.398918918919,0.0028185695445,0.000412153830745,898.665052363,829,0.121813872808,221.067014723,29.2123039807,1598.63774848,4,0,0,,,,,
K03,1,0,1899,161.279620853,6.42969984202,0.0703469722279,0.00744193840075,2379.68387956,13402,0.160356673516,855.781319838,25.2453365169,4944.16853742,4,0,0,,,,,
K04,1,0,2144,141.252798507,5.68423507463,0.0589509421913,0.00654713947494,2372.39875413,13377,0.152849323158,822.188826971,25.0410405921,4889.7059736,4,0,0,,,,,
K05,1,0,2071,15.9695799131,0.589087397393,0.00373944701479,0.000629603405947,958.643700488,1365,0.120954985638,226.707864313,26.8827838828,1663.84289163,4,0,0,,,,,
K06,1,0,2095,9.90453460621,0.335560859189,0.00240300185198,0.000340359180284,985.471813339,775,0.121685260636,244.737137868,30.1535483871,1734.04439689,4,0,0,,,,,
K07,1,0,1989,9.59577677225,0.295625942685,0.00256647353098,0.000314330591796,958.689022714,661,0.124754852429,269.605893649,32.363086233,1838.12267207,4,0,0,,,,,
K08,1,0,1892,96.6506342495,3.65591966173,0.0262123084867,0.00447023126721,1490.58678597,7476,0.125282885801,332.41132549,26.5876136972,2474.40478577,4,0,0,,,,,
K09,1,0,2036,38.0908644401,1.60117878193,0.00894468630159,0.00175970183296,1225.86340437,3556,0.121018084444,281.761876414,23.9330708661,2113.3204923,4,0,0,,,,,
K10,1,0,1976,11.0617408907,0.358805668016,0.00280649029053,0.000395142767648,1016.95301564,793,0.119730645808,240.117589068,31.1210592686,1757.45667183,4,0,0,,,,,
K11,1,0,2144,9.19822761194,0.277518656716,0.00277900411673,0.000323451574032,1010.93889819,691,0.130218952406,316.512246002,33.0347322721,2043.29267601,4,0,0,,,,,
K12,1,0,1865,8.34959785523,0.25308310992,0.00203230301325,0.000252899090004,1099.27202493,526,0.124250282381,264.412077472,33.4106463878,1881.3525974,4,0,0,,,,,
K13,1,0,1942,10.3846549949,0.333676622039,0.00240554889034,0.000329663319608,1012.0232746,720,0.124340985917,255.716988577,31.6763888889,1781.68877105,4,0,0,,,,,
K14,1,0,2108,11.9639468691,0.364326375712,0.00272046419019,0.000386970179763,1003.0192617,842,0.121676404425,228.937389857,33.1923990499,1673.39566431,4,0,0,,,,,
K15,1,0,2153,11.4584300975,0.395262424524,0.00350047671318,0.000425361595453,1009.96975732,957,0.127427112254,308.482640215,29.486938349,1977.66795356,4,0,0,,,,,
K16,1,0,2076,10.6579961464,0.360308285164,0.00256119630501,0.000359207229908,1007.48095694,853,0.122430116869,239.644170908,30.1899179367,1704.91048742,4,0,0,,,,,
K17,1,0,1984,96.0453629032,3.66179435484,0.0225841740885,0.00401555633505,1460.41786129,7932,0.121759858602,306.89456663,26.4368381241,2342.37779628,4,0,0,,,,,
K18,1,0,2067,37.8132559265,1.34591194969,0.00863896734357,0.00138737421268,1312.72835333,3001,0.122163814365,303.212518103,28.2635788071,2227.89648558,4,0,0,,,,,
K19,1,0,2305,20.9700650759,0.851193058568,0.00505450978443,0.000884723435216,1142.83516903,2190,0.120399028003,279.241445265,24.7452054795,1996.00130265,4,0,0,,,,,
K20,1,0,2060,113.630097087,4.14126213592,0.0271141164551,0.00456538994235,1379.29507278,9477,0.124900562879,285.648270978,27.6661390735,2142.80088469,4,0,0,,,,,
K21,1,0,2139,62.347826087,2.39504441328,0.0177174828161,0.00259803184479,1160.14588901,5606,0.133360898153,335.471750096,26.2681056011,2197.65179199,4,0,0,,,,,
K22,1,0,2165,16.7602771363,0.660969976905,0.00385748954505,0.000683200390474,945.672008124,1587,0.120201273518,203.843873721,25.456836799,1513.55650414,4,0,0,,,,,
K23,1,0,2159,11.5261695229,0.405743399722,0.00325630714255,0.000435570526702,901.785992171,992,0.124506586525,225.79735885,28.6058467742,1547.886664,4,0,0,,,,,
K24,1,0,2108,12.509487666,0.467741935484,0.00353632243103,0.000480206348612,975.202767871,1076,0.127932361821,271.243903173,26.7583643123,1799.29619731,4,0,0,,,,,
L01,1,0,1964,80.8935845214,2.92820773931,0.0206385305019,0.00313166876684,1461.07449116,6481,0.131114195292,360.7136631,27.5536182688,2478.85775596,4,0,0,,,,,
L02,1,0,2046,10.8450635386,0.342619745846,0.00286817969883,0.000353156077551,908.795598743,789,0.123468821753,255.353127817,32.1305449937,1751.43547668,4,0,0,,,,,
L03,1,0,2193,11.6187870497,0.380300957592,0.00312644647361,0.000389005663589,928.744755336,917,0.124685891198,260.783287378,30.7513631407,1764.6805865,4,0,0,,,,,
L04,1,0,2186,10.8458371455,0.357273559012,0.002421216846,0.000355729497411,925.700153634,880,0.119970106263,214.746922428,30.7647727273,1587.64971452,4,0,0,,,,,
L05,1,0,1926,60.0134994808,2.19626168224,0.0189106195055,0.00237247403361,1436.99932491,4688,0.144118087912,458.359685291,27.4705631399,2727.79328162,4,0,0,,,,,
L06,1,0,1996,31.2269539078,1.39478957916,0.00786778872145,0.00145161651374,1082.31580292,3051,0.128110629039,276.791899495,22.4654211734,1911.75005176,4,0,0,,,,,
L07,1,0,2020,17.5881188119,0.657425742574,0.00483758841605,0.00067779329553,1079.03665278,1485,0.124917101948,282.188762205,26.8902356902,1932.56519042,4,0,0,,,,,
L08,1,0,2130,11.2568075117,0.384976525822,0.00291251125754,0.000392886836016,1075.9762132,900,0.124137315372,269.864546351,29.6355555556,1922.78546622,4,0,0,,,,,
L09,1,0,2181,12.3429619441,0.421366345713,0.00368778597432,0.000499789057297,1045.35193383,1040,0.126826448213,298.467863031,29.7211538462,2037.70826009,4,0,0,,,,,
L10,1,0,2140,10.9074766355,0.338785046729,0.0031950574549,0.000374550356488,1030.7913252,791,0.126757221284,298.667717487,32.417193426,1993.79197719,4,0,0,,,,,
L11,1,0,1909,100.129387114,3.96752226296,0.0317348350274,0.0042941251117,1803.80406378,8382,0.146496768015,566.938462621,25.396206156,3400.46895383,4,0,0,,,,,
L12,1,0,2026,55.6554787759,1.94866732478,0.0128431982246,0.00197396072325,1245.56770869,4434,0.124321754362,314.391493966,28.651330627,2205.34101772,4,0,0,,,,,
L13,1,0,1989,24.313222725,0.992961287079,0.00606243454503,0.000956378003916,1081.04853898,2235,0.126855667602,288.893734653,24.8375838926,1940.77394493,4,0,0,,,,,
L14,1,0,2074,11.3220829315,0.311475409836,0.00308787493037,0.000309013483254,1042.19949249,739,0.131684370494,294.92139877,36.7672530447,1908.10830019,4,0,0,,,,,
L15,1,0,2132,12.0117260788,0.479362101313,0.0029477139591,0.00047187587494,997.418791141,1126,0.12440152878,263.070836522,25.4813499112,1787.14954322,4,0,0,,,,,
L16,1,0,2247,10.9937694704,0.362260792167,0.00266658958157,0.000370101922659,981.785258109,896,0.122778913653,239.459044047,30.8816964286,1686.7979754,4,0,0,,,,,
L17,1,0,2036,101.40324165,5.00540275049,0.0401823900442,0.00537966570572,2180.99341919,11269,0.159950491453,864.057195428,20.4117490461,4737.85629702,4,0,0,,,,,
L18,1,0,1949,64.8830169318,2.38583889174,0.0177509655536,0.00247790841521,1635.40009244,5212,0.136471671895,476.766746385,27.5393323101,3101.39299879,4,0,0,,,,,
L19,1,0,2259,28.8818061089,1.00664010624,0.00682586882443,0.00104325806191,1181.12845189,2468,0.122910425321,289.539693275,28.7240680713,2053.02397419,4,0,0,,,,,
L20,1,0,2280,17.1469298246,0.551754385965,0.0049486004667,0.000630301551663,1132.15635824,1432,0.127492680075,299.562411606,31.7262569832,2012.98043816,4,0,0,,,,,
L21,1,0,2158,10.4156626506,0.331325301205,0.00285589574541,0.000341787839377,990.366110456,800,0.124500967007,260.061459008,31.6075,1809.26719899,4,0,0,,,,,
L22,1,0,2304,12.2256944444,0.413194444444,0.00358652796218,0.000431190583866,1003.57640763,1057,0.128785908856,268.36749374,29.7237464522,1766.76146033,4,0,0,,,,,
L23,1,0,2054,11.5457643622,0.378286270691,0.00309298536555,0.000383791519013,969.323202965,863,0.125480705045,233.950898144,30.6523754345,1617.86808415,4,0,0,,,,,
L24,1,0,1917,144.017736046,6.28899321857,0.0483571935744,0.00748827076345,1789.49104165,13150,0.144874260131,479.632198115,23.0541444867,3032.01623986,4,0,0,,,,,
M01,1,0,1939,142.877256318,5.37648272305,0.047610854107,0.00642653949356,2362.41598643,11283,0.146021867516,645.875453181,26.6484091111,4067.242493,4,0,0,,,,,
M02,1,0,1834,14.9918211559,0.5239912759,0.00510552997242,0.000514126913269,1076.81969003,1042,0.138076570842,385.540825952,28.8454894434,2370.98511664,4,0,0,,,,,
M03,1,0,1941,11.9211746522,0.375579598145,0.0036192202135,0.000392175554868,968.081882732,825,0.129066612932,300.04189208,31.6278787879,1916.49059056,4,0,0,,,,,
M04,1,0,2022,11.1177052423,0.403066271019,0.00318185926478,0.000425857183986,937.175283547,912,0.126069251587,260.751406334,27.5997807018,1793.39183302,4,0,0,,,,,
M05,1,0,1597,100.350657483,3.65936130244,0.0297244766078,0.0036309716395,1439.66967292,6441,0.147227446189,497.101734771,27.3656264555,2976.35344444,4,0,0,,,,,
M06,1,0,1910,34.7539267016,1.37172774869,0.00997817803049,0.00145011339788,1228.65312192,2855,0.134512661792,352.330124192,25.3898423818,2261.97851279,4,0,0,,,,,
M07,1,0,2098,14.3388941849,0.459961868446,0.00437878010916,0.000492421020156,1023.53212903,1064,0.130571505022,287.379385959,31.3646616541,1901.154679,4,0,0,,,,,
M08,1,0,1469,122.937372362,4.29475833901,0.0438722224736,0.00530164586378,1918.0578765,6947,0.143616710631,550.948859346,28.5452713401,3475.510008,4,0,0,,,,,
M09,1,0,1790,69.4765363128,2.29497206704,0.0175097342954,0.00260981664536,1359.24616403,4513,0.127165315759,321.443731522,30.1723908708,2294.52130396,4,0,0,,,,,
M10,1,0,2068,22.2780464217,0.800773694391,0.00559928673058,0.000870358057835,1173.28052832,1823,0.120946205672,275.779761989,27.8041689523,2018.00014815,4,0,0,,,,,
M11,1,0,2187,10.442615455,0.30361225423,0.00345711502895,0.000358565426059,997.323651536,724,0.130621738785,291.699160094,34.7389502762,1913.57537245,4,0,0,,,,,
M12,1,0,2116,11.3672022684,0.369565217391,0.00319642542443,0.000393152081727,973.916101831,870,0.123503482497,271.170755431,31.2873563218,1809.8904919,4,0,0,,,,,
M13,1,0,2202,10.1707538601,0.342870118074,0.00290938330889,0.000377435859849,1047.24210588,868,0.123981824083,274.902034851,29.7811059908,1850.10708633,4,0,0,,,,,
M14,1,0,1910,117.511518325,3.83089005236,0.0341446142378,0.00407967142224,1745.56573718,8013,0.135409711785,485.923534252,30.8924248097,3185.41924442,4,0,0,,,,,
M15,1,0,2172,44.9949355433,1.99125230203,0.011379963688,0.00210752980382,1254.37670324,4808,0.126298381211,313.406816991,22.8681364393,2213.18034744,4,0,0,,,,,
M16,1,0,2214,18.256097561,0.638663053297,0.00397478388671,0.000710366974451,1046.4115123,1583,0.118107029499,232.843028541,28.6279216677,1777.50468434,4,0,0,,,,,
M17,1,0,1954,14.8925281474,0.509211873081,0.00370986294596,0.000483979413457,1113.68884694,1097,0.126386946641,336.343549696,29.7857793984,2296.93806238,4,0,0,,,,,
M18,1,0,2160,12.2805555556,0.365740740741,0.00261812800185,0.000367585602525,978.535776505,864,0.119355914044,213.94236714,34.1238425926,1593.15392117,4,0,0,,,,,
M19,1,0,2069,14.0536491058,0.528274528758,0.00399173277492,0.000530835144818,1002.7015681,1217,0.12982307945,290.464062004,26.6836483155,1846.71162264,4,0,0,,,,,
M20,1,0,2075,147.517108434,6.40963855422,0.0546724665728,0.00769634148012,1845.58244114,14585,0.148473055395,552.948819473,23.1380870758,3345.51635846,4,0,0,,,,,
M21,1,0,2000,96.19,3.9975,0.0276403579823,0.00463115322587,1367.95450225,8674,0.134317186435,342.707977145,24.2342633157,2316.06579905,4,0,0,,,,,
M22,1,0,2187,14.5436671239,0.484224965706,0.00358238339889,0.000506258871133,931.465242568,1156,0.118665025599,236.0283566,30.1539792388,1695.40217761,4,0,0,,,,,
M23,1,0,2138,12.1913002806,0.434985968195,0.00350715021129,0.000452346559348,1043.71902274,1013,0.125934603442,261.357644933,28.602171767,1779.3799124,4,0,0,,,,,
M24,1,0,1987,166.602415702,6.92903875189,0.0609504876593,0.00825558597437,2153.38008615,15087,0.14949718199,603.199771493,24.28388679,3719.27430888,4,0,0,,,,,
N01,1,0,2035,14.7611793612,0.503685503686,0.00527234227636,0.000536401789413,1004.26469504,1113,0.136176300467,363.199132167,29.3414195867,2173.4260148,4,0,0,,,,,
N02,1,0,1721,162,6.33352701917,0.0588082702662,0.00770747426533,2049.46687837,11969,0.149303051813,589.643171993,25.7216141699,3627.39028601,4,0,0,,,,,
N03,1,0,2047,14.5896433806,0.487542745481,0.00353855576288,0.000491987259176,954.415284042,1117,0.119898560779,249.949358012,29.7000895255,1761.11221602,4,0,0,,,,,
N04,1,0,1870,160.199465241,5.78128342246,0.0778736754707,0.00799753951321,2486.59718031,11565,0.15589182608,803.506964453,27.8944228275,4756.95540796,4,0,0,,,,,
N05,1,0,2003,156.134797803,5.27159261108,0.0723871245146,0.00660063685712,2474.17513057,11691,0.15609661531,872.497870012,29.6047386879,4946.894985,4,0,0,,,,,
N06,1,0,2145,59.5608391608,1.93939393939,0.0197597628705,0.00220028115044,1421.50275694,4727,0.138388668016,472.512946699,30.3596361329,2983.84309414,4,0,0,,,,,
N07,1,0,2227,13.7997305793,0.413560844185,0.00333029837502,0.000419844767005,1145.96524834,1025,0.12509128825,293.198435563,33.3385365854,2034.67115968,4,0,0,,,,,
N08,1,0,2149,13.254536994,0.500232666356,0.00329428853367,0.000513441279819,973.082280785,1215,0.121589216291,227.199185999,26.3975308642,1675.05002434,4,0,0,,,,,
N09,1,0,2082,12.5475504323,0.421709894332,0.00317586653761,0.000448545796739,1017.61496317,996,0.12317213913,242.502033948,29.5341365462,1723.25621571,4,0,0,,,,,
N10,1,0,1897,157.673695308,5.6114918292,0.0666387417792,0.00740837022043,2135.36198653,11685,0.150651078136,639.24330379,28.264356012,3898.16219546,4,0,0,,,,,
N11,1,0,2080,118.865384615,4.23028846154,0.0389057023905,0.00476601859868,1612.57946022,9627,0.143437992835,510.787112456,28.2087877844,3119.5903682,4,0,0,,,,,
N12,1,0,1910,56.7879581152,2.07382198953,0.014421254115,0.00219874512721,1193.37847386,4418,0.129947658133,317.646116722,27.5744680851,2175.67903979,4,0,0,,,,,
N13,1,0,2124,14.4034839925,0.428436911488,0.00374635123323,0.000447501341183,1029.17614744,1022,0.124992737622,284.90625493,33.7818003914,1997.90461531,4,0,0,,,,,
N14,1,0,2171,10.8889912483,0.356057116536,0.00265507660314,0.000341961550261,1120.92350008,863,0.124827917988,304.344304703,30.674391657,2110.22192005,4,0,0,,,,,
N15,1,0,2076,13.2273603083,0.522157996146,0.0037005037324,0.000567374911304,1006.48149589,1224,0.125705942683,279.542375501,25.6764705882,1914.93000696,4,0,0,,,,,
N16,1,0,942,84.1380042463,3.00106157113,0.016130005405,0.00235502922028,1234.1002007,3156,0.125721324991,290.912289706,27.9901774398,2109.71991838,4,0,0,,,,,
N17,1,0,873,45.3424971363,1.74455899198,0.0107147093667,0.00145686754417,1104.69972523,1732,0.125155890518,269.18064513,26.3158198614,1902.96380833,4,0,0,,,,,
N18,1,0,794,33.120906801,1.10831234257,0.00777982416131,0.000928117458073,1009.22325243,987,0.126532235811,264.968469301,29.6220871327,1763.96460056,4,0,0,,,,,
N19,1,0,811,24.1837237978,0.743526510481,0.00586480136488,0.000600279270697,966.327180043,683,0.129099089628,262.807737447,32.5270863836,1737.16627963,4,0,0,,,,,
N20,1,0,741,23.3009446694,0.696356275304,0.0059554678892,0.000560613243318,946.254992584,604,0.129832890919,270.327018792,33.1589403974,1737.52982187,4,0,0,,,,,
N21,1,0,876,24.4086757991,0.745433789954,0.00712186061233,0.000624438040143,950.584966972,737,0.13315094173,298.658224923,32.5237449118,1828.60515354,4,0,0,,,,,
N22,1,0,1724,155.125290023,5.51160092807,0.0464567369873,0.00617791050007,1655.3312253,10694,0.136050873449,401.530597511,28.4420235646,2765.81219515,4,0,0,,,,,
N23,1,0,1809,166.259812051,6.20729684909,0.0624229133144,0.00798170836234,2202.47881838,12266,0.148466497039,600.400919913,27.0017935757,3728.10120046,4,0,0,,,,,
N24,1,0,2018,75.9623389495,2.88255698712,0.017787535293,0.00304563387192,1126.84802714,6464,0.123970083094,247.855116413,26.5323329208,1848.35056299,4,0,0,,,,,
O01,1,0,1830,16.3704918033,0.56393442623,0.00501526863419,0.000549510490082,1005.27986745,1125,0.134987920641,335.926632367,29.0053333333,2071.56924857,4,0,0,,,,,
O02,1,0,1882,145.693411265,5.13230605739,0.0461785592129,0.0060256734914,1871.77853103,10548,0.142541127652,517.012359013,28.4999051953,3324.64384003,4,0,0,,,,,
O03,1,0,1990,23.6618090452,0.847738693467,0.00527597263123,0.000891850910354,967.322312114,1875,0.117774027588,216.279182704,27.8506666667,1667.6386705,4,0,0,,,,,
O04,1,0,2139,20.7414679757,0.712482468443,0.00510071146435,0.000780163480878,1038.17932437,1667,0.120360865049,258.99754058,29.0113977205,1851.21149202,4,0,0,,,,,
O05,1,0,2282,16.3496932515,0.510078878177,0.00362916135466,0.000527455094063,957.260379398,1270,0.120754322029,224.363885207,32.2291338583,1627.62812983,4,0,0,,,,,
O06,1,0,2108,11.2186907021,0.361480075901,0.00280339619936,0.000370657281616,1003.77501286,859,0.125452934734,244.370641177,30.9569266589,1669.13474321,4,0,0,,,,,
O07,1,0,1802,65.7841287458,2.17203107658,0.0184452134223,0.0025038682184,1348.45196623,4262,0.128256099715,356.114943881,30.4603472548,2512.85827548,4,0,0,,,,,
O08,1,0,2151,19.9228265923,0.697350069735,0.00569797863324,0.000757394820004,1035.15357384,1648,0.124041129014,280.17805428,28.4508495146,1963.78439508,4,0,0,,,,,
O09,1,0,2012,13.2862823062,0.415009940358,0.00387599964082,0.000442576298388,977.624319787,906,0.126080236061,267.497359376,32.2041942605,1831.40375338,4,0,0,,,,,
O10,1,0,2271,12.1228533686,0.409951563188,0.00336885606456,0.000433842663345,981.436612077,1040,0.125552160716,269.742719048,29.5442307692,1781.18150162,4,0,0,,,,,
O11,1,0,2372,10.6214165261,0.326728499157,0.00324575565251,0.000333582595333,1010.14220931,869,0.132270067918,300.90739352,32.5638665132,1860.81141348,4,0,0,,,,,
O12,1,0,2146,11.7315936626,0.427306616962,0.00312145295963,0.000424203532655,994.273430614,993,0.129558681537,279.827521242,27.5498489426,1879.57937433,4,0,0,,,,,
O13,1,0,1853,53.7118186724,1.96222342148,0.0134938478695,0.00207204633127,1286.98623014,3957,0.130173105102,334.203448019,27.5706343189,2306.6781181,4,0,0,,,,,
O14,1,0,2207,25.9429089261,0.882646125963,0.00660638574101,0.000952948316839,1106.34980467,2136,0.125081674087,292.722871082,29.5978464419,2028.99069347,4,0,0,,,,,
O15,1,0,2084,16.2288867562,0.702495201536,0.00460208372218,0.00072083187062,1010.38416642,1629,0.1219468195,273.634420072,23.1645181093,1929.76640154,4,0,0,,,,,
O16,1,0,2073,14.4896285576,0.552821997106,0.00365219231134,0.000567389104407,978.993865757,1258,0.12262217335,236.009877101,26.0818759936,1702.07494372,4,0,0,,,,,
O17,1,0,2100,13.6271428571,0.504761904762,0.00327931565731,0.000510895643868,945.835376944,1155,0.118963665233,219.909543478,26.9316017316,1618.29113794,4,0,0,,,,,
O18,1,0,2125,12.5425882353,0.418352941176,0.00347264758544,0.000435855231986,1012.85935772,966,0.128212850808,283.792530969,30.2039337474,1889.49615325,4,0,0,,,,,
O19,1,0,1895,144.475461741,5.48337730871,0.0557403490859,0.00671248228608,2022.93219237,11217,0.151831091722,620.751379842,26.4675046804,3708.60340969,4,0,0,,,,,
O20,1,0,1892,86.6971458774,3.45665961945,0.0226116391523,0.00386892360524,1226.17511624,7188,0.130451330678,294.430708458,25.2479131886,2079.60189506,4,0,0,,,,,
O21,1,0,1964,63.6904276986,2.32637474542,0.0146986127704,0.00252601581432,1100.55211737,5085,0.122129084368,240.513860075,27.5484759095,1811.21327087,4,0,0,,,,,
O22,1,0,2205,55.6426303855,2.20861678005,0.0124266466712,0.00227415060682,1070.07030804,5373,0.123281669713,236.55557335,25.3679508654,1747.61986529,4,0,0,,,,,
O23,1,0,2095,119.757995227,4.73365155131,0.0343932609211,0.00534507673384,1720.92487517,10809,0.138228939772,436.676593885,25.5605513924,2876.95631735,4,0,0,,,,,
O24,1,0,2045,13.8107579462,0.467481662592,0.00314899240038,0.000457087382017,872.420546913,1061,0.11778492391,209.949295484,30.0311027333,1520.29731619,4,0,0,,,,,
P01,1,0,2185,9.94187643021,0.29885583524,0.00292616807149,0.000277932908045,1239.14031847,707,0.141418084573,423.940261531,33.297029703,2579.43082674,4,0,0,,,,,
P02,1,0,2317,27.4108761329,0.946050927924,0.00816935358573,0.00106137968372,1211.2725093,2382,0.127455211864,324.378277408,28.9084802687,2204.08249026,4,0,0,,,,,
P03,1,0,2195,22.9088838269,0.703416856492,0.00649545664961,0.000788862506915,1021.11633965,1707,0.123766903679,286.424290437,32.6250732279,1983.36219567,4,0,0,,,,,
P04,1,0,1707,160.697129467,5.9021675454,0.0662204887698,0.00734230631753,2918.17678276,10960,0.150034022317,909.225470437,27.4395072993,5587.53930104,4,0,0,,,,,
P05,1,0,2048,64.0991210938,2.2412109375,0.0161868916442,0.00255888539508,1382.23926445,4999,0.124119529302,328.413196479,28.7773554711,2460.5219868,4,0,0,,,,,
P06,1,0,1903,19.690488702,0.609038360483,0.00470298158315,0.000652040269673,1005.44127368,1259,0.119418800982,245.012695399,32.3772835584,1798.11012032,4,0,0,,,,,
P07,1,0,2087,12.9238140872,0.420699568759,0.00334636830814,0.000444783084248,960.622700103,958,0.125083224287,260.278866744,30.6419624217,1789.63411525,4,0,0,,,,,
P08,1,0,2206,13.7452402539,0.437443336355,0.00406031389924,0.000456602643259,1039.31309558,1071,0.128722558294,297.243275749,31.2829131653,1913.44034994,4,0,0,,,,,
P09,1,0,2207,10.1812415043,0.366560942456,0.00307204423874,0.000396048609821,976.909389659,909,0.127855110951,272.130906469,27.8789878988,1808.91278533,4,0,0,,,,,
P10,1,0,1966,106.179043744,4.08697863683,0.0433421905189,0.00465522322541,1772.41947791,8773,0.152573646112,688.735025387,26.1169497321,3906.56005445,4,0,0,,,,,
P11,1,0,1811,56.3942573164,2.02816123689,0.0190234475861,0.00219872773398,1223.94000217,4129,0.142760598426,435.505933824,27.9665778639,2682.52224915,4,0,0,,,,,
P12,1,0,2039,24.0117704757,0.82000980873,0.00684842225444,0.00081931462343,1078.91560508,1841,0.12952992814,316.053302459,29.1205866377,2083.07293414,4,0,0,,,,,
P13,1,0,2257,13.2281789987,0.436863092601,0.00375145197206,0.000467202153471,980.182684102,1090,0.127851895957,282.692331275,30.4495412844,1864.59093913,4,0,0,,,,,
P14,1,0,1997,15.5393089634,0.629444166249,0.0041529824246,0.000647763852047,988.814568155,1413,0.124073150271,250.543561123,24.9568294409,1765.84540757,4,0,0,,,,,
P15,1,0,2150,13.8209302326,0.54511627907,0.00427352265471,0.000579199240793,1049.46860055,1284,0.132627622701,314.817260989,25.7079439252,2030.57967071,4,0,0,,,,,
P16,1,0,1617,148.968460111,4.98577612863,0.0605467232198,0.00599451958115,3039.72377497,8918,0.1569215349,1025.17765238,29.774613142,5944.56551767,4,0,0,,,,,
P17,1,0,1781,45.1044357103,1.77147669848,0.0134250995473,0.0019265085927,1152.53089469,3548,0.139492537283,360.463900711,25.6169673055,2225.54930694,4,0,0,,,,,
P18,1,0,1995,15.1303258145,0.473684210526,0.00373470586504,0.000486491559546,936.433193329,1028,0.122033117922,231.505092204,31.8647859922,1623.54727551,4,0,0,,,,,
P19,1,0,2180,10.6050458716,0.283027522936,0.00247061838733,0.000293729656904,928.290794449,707,0.123110478278,209.971257534,37.3974540311,1528.54384522,4,0,0,,,,,
P20,1,0,2014,14.2199602781,0.441906653426,0.00321643937222,0.000436745613528,910.042557306,976,0.122318685353,210.096261918,32.3217213115,1501.87012886,4,0,0,,,,,
P21,1,0,2000,14.558,0.424,0.00377461971725,0.000433059437839,931.006658559,949,0.123411021968,242.041913584,34.7913593256,1661.50226207,4,0,0,,,,,
P22,1,0,1894,98.1694825766,3.43241816262,0.0238982252756,0.00362330257361,1291.26095737,7104,0.127416722151,302.247293994,28.7490146396,2190.85529615,4,0,0,,,,,
P23,1,0,2047,57.5652173913,2.04738641915,0.0131758859235,0.00217168024545,1245.83933359,4608,0.122427464868,271.178554263,28.3776041667,2016.33605323,4,0,0,,,,,
P24,1,0,1871,11.1133083912,0.377872795297,0.00254911488921,0.000365002551116,1040.98887652,785,0.123723024486,246.314673878,29.4700636943,1760.8781318,4,0,0,,,,,
