Database Name	Phenix ODA 2
Database Location	http://opera2.dyn.scilifelab.se/ODA/OdaService.asmx
Evaluation Signature	abe4979a-e36f-4e43-8b60-d2c0baf1606e
Plate Name	P103628
Measurement	Measurement 1
Evaluation	Evaluation1

[Data]
Row	Column	Plane	Timepoint	Cell Selected - Number of Objects	Cell Selected - Total Spot Area - Mean per Well	Cell Selected - Number of Spots - Mean per Well	Cell Selected - Relative Spot Intensity - Mean per Well	Cell Selected - Number of Spots per Area of Cytoplasm - Mean per Well	Cell Selected - Intensity Cytoplasm Mean - Mean per Well	Spots Selected - Number of Objects	Spots Selected - Relative Spot  Intensity - Mean per Well	Spots Selected - Corrected Spot  Intensity - Mean per Well	Spots Selected - Spot Area [px²] - Mean per Well	Spots Selected - Intensity Spot Mean - Mean per Well	Number of Analyzed Fields	Height [µm]	Time [s]	Compound	Concentration	Cell Type	Cell Count	
1	1	1	0	2164	10.2999075786	0.372458410351	0.00324207978713	0.000378835339832	917.369850594	887	0.130472836372	301.709757256	28.0090191657	1890.444803	4	0	0					
1	2	1	0	2301	140.429813125	5.28943937419	0.0687575119446	0.00684269778274	2363.38642213	13021	0.154454794205	846.761309903	26.832578143	4880.67727942	4	0	0					
1	3	1	0	2357	75.7335596097	3.22104369962	0.0284015881312	0.00373530382511	1339.1976489	8383	0.14498363247	471.055078853	23.6423714661	2785.13728394	4	0	0					
1	4	1	0	2253	19.6542387927	0.723923657346	0.00454969403951	0.000731858995663	961.896708873	1820	0.121421368438	223.495268838	27.4747252747	1618.9435567	4	0	0					
1	5	1	0	2180	11.4252293578	0.450917431193	0.0035735486525	0.000461063972212	941.91311505	1075	0.129449416876	291.132959441	25.4586046512	1869.61496207	4	0	0					
1	6	1	0	2242	10.5722569135	0.395628902765	0.00290472099774	0.00040091145306	945.833959818	984	0.126179287174	267.236532792	27.0335365854	1775.61749704	4	0	0					
1	7	1	0	2326	8.4011177988	0.274720550301	0.00274290643321	0.000295592790032	989.511298449	707	0.129978145216	318.028967876	30.9589816124	2020.35617934	4	0	0					
1	8	1	0	2117	162.615021256	7.95134624469	0.0648824299149	0.00974939587427	2180.91815311	18435	0.148824971738	634.663543105	20.6483319772	4004.31999798	4	0	0					
1	9	1	0	2145	129.081585082	5.58834498834	0.0435587648605	0.00624953464763	1689.96853162	13036	0.141483776874	484.053557576	23.2700981896	3085.18355751	4	0	0					
1	10	1	0	2090	91.0937799043	4.11435406699	0.0287628209158	0.00462368059167	1380.36815746	9449	0.137785220025	393.672975472	22.3299820087	2549.27218469	4	0	0					
1	11	1	0	2161	20.3405830634	0.708005552985	0.0050677217803	0.000723592515486	1045.98281535	1673	0.119817473265	243.432276089	28.9468021518	1792.14719763	4	0	0					
1	12	1	0	2065	9.90702179177	0.382566585956	0.00262392415496	0.000386017793113	956.359887973	895	0.123753584817	245.197890294	26.2837988827	1709.52588427	4	0	0					
1	13	1	0	2284	7.30735551664	0.235551663748	0.00213476459334	0.000235115348613	962.151874168	588	0.129681523938	276.429696942	31.2210884354	1808.36615151	4	0	0					
1	14	1	0	2303	138.696917065	5.50282240556	0.0405584634806	0.00615043557927	1722.39522876	13921	0.134465701083	430.069481778	25.5337260254	3000.94305234	4	0	0					
1	15	1	0	2391	17.7616060226	0.665411961522	0.00419703692989	0.000676144366776	1034.28099859	1724	0.116771101065	224.105614992	26.7645011601	1708.05245842	4	0	0					
1	16	1	0	2273	9.40871095469	0.293444786626	0.00280298801842	0.000307427329856	1002.59846842	741	0.128094479932	279.610910209	32.4480431849	1882.42669792	4	0	0					
1	17	1	0	2304	8.98654513889	0.26171875	0.0026839391022	0.000270972551763	931.679439071	667	0.131575541562	275.118118511	35.0254872564	1778.98493417	4	0	0					
1	18	1	0	2164	7.81284658041	0.219038817006	0.00253931264349	0.000229840241947	920.146198485	521	0.134790779818	289.020376683	36.5297504798	1773.95404576	4	0	0					
1	19	1	0	2355	8.56093418259	0.268789808917	0.00315658838723	0.000282888698339	956.818751596	697	0.135352627203	308.355165018	32.175035868	1933.64241868	4	0	0					
1	20	1	0	1845	184.693224932	6.48943089431	0.0859162551451	0.00799578433903	2910.67906113	12959	0.15735126873	929.999544138	28.8012963963	5495.32756822	4	0	0					
1	21	1	0	2093	143.712852365	5.38939321548	0.0543980329842	0.00615575864313	1864.68077903	12262	0.146537390553	574.43362795	26.9717827434	3522.99352432	4	0	0					
1	22	1	0	2163	43.5852981969	1.54553860379	0.0104372097329	0.00158037239657	1036.10368429	3622	0.123230347105	260.604552355	28.777747101	1878.05770081	4	0	0					
1	23	1	0	2311	22.334487235	0.677628732151	0.00539644775266	0.000719601127592	930.314265435	1733	0.119501920178	210.390381975	33.1892671668	1576.52017916	4	0	0					
1	24	1	0	2181	8.98257679963	0.27739569005	0.00263399387325	0.000293612028113	858.56349983	680	0.126808774827	249.364273816	32.8632352941	1666.28680853	4	0	0					
2	1	1	0	2233	9.64218540081	0.335423197492	0.00260112312005	0.000336956177528	873.059172847	831	0.123096257994	237.561760585	29.5078219013	1617.04846942	4	0	0					
2	2	1	0	2140	12.1018691589	0.409813084112	0.00253455657622	0.000397733177635	897.848658432	994	0.115944024119	196.13018488	29.9557344064	1522.88327078	4	0	0					
2	3	1	0	2247	12.3377837116	0.506898086337	0.00423357961041	0.000561148221311	913.649293868	1248	0.127862971023	278.920661638	24.5384615385	1816.99366243	4	0	0					
2	4	1	0	2133	149.661978434	6.33989685888	0.0486159658136	0.00742436244011	1786.43016298	14938	0.139644584844	449.623916015	23.8402731289	2988.6875448	4	0	0					
2	5	1	0	2195	70.8956719818	3.28792710706	0.0188897105699	0.00354962887507	1176.95230495	7927	0.129457710594	293.062177337	21.6576258358	2057.96131436	4	0	0					
2	6	1	0	2294	14.3727114211	0.611159546643	0.00403065946287	0.0006213395571	964.912017018	1581	0.122444311945	246.905891374	23.7552182163	1768.82936263	4	0	0					
2	7	1	0	2134	10.4587628866	0.375351452671	0.00325618697615	0.000369028953106	961.361522647	877	0.129519636665	312.530777313	28.2166476625	1940.406745	4	0	0					
2	8	1	0	2228	9.36983842011	0.354129263914	0.00308597897679	0.000373744319765	982.00411433	876	0.130383993142	306.764260198	26.6586757991	1958.77828985	4	0	0					
2	9	1	0	2081	8.10908217203	0.287842383469	0.0026687152388	0.000295631911651	957.491160722	671	0.129179295873	280.354641312	28.5812220566	1877.68483919	4	0	0					
2	10	1	0	2352	109.746598639	4.99192176871	0.0337296738779	0.00607993763873	1576.7549919	12748	0.133121532947	394.858096383	22.1909319109	2774.0424292	4	0	0					
2	11	1	0	2406	12.0344970906	0.402743142145	0.00403743737323	0.000429880895773	1012.33446102	1045	0.128135252528	293.934371248	29.9502392344	1946.03854312	4	0	0					
2	12	1	0	2332	9.33790737564	0.304459691252	0.0026821870341	0.000329150942748	981.28658153	795	0.124337240685	260.862073204	30.8616352201	1856.95412932	4	0	0					
2	13	1	0	2370	8.04345991561	0.254430379747	0.0026900552952	0.000271432715954	965.776190601	662	0.133399340512	293.063301485	31.5679758308	1871.84275459	4	0	0					
2	14	1	0	2619	12.0374188622	0.339060710195	0.0041464330654	0.000465876986874	1037.50212107	972	0.130405959061	305.565758146	35.9146090535	2040.60199495	4	0	0					
2	15	1	0	2374	8.11078348778	0.272535804549	0.00267227003406	0.000284246563159	976.240713461	716	0.136050021287	316.343515554	30.1382681564	1960.44682498	4	0	0					
2	16	1	0	2247	109.398308856	5.08188696039	0.035944892976	0.00561035839626	1687.34624365	12515	0.14428419098	515.998415404	21.7640431482	3161.78058902	4	0	0					
2	17	1	0	2012	22.7002982107	0.814115308151	0.00632341185936	0.00080388588698	1100.15988509	1821	0.130003810399	326.996885754	28.2915980231	2119.89449126	4	0	0					
2	18	1	0	2081	42.2075925036	1.51898125901	0.0116187992714	0.00149717565116	1103.19823745	3465	0.130090144457	345.191555306	28.1197691198	2174.76850806	4	0	0					
2	19	1	0	2157	7.68057487251	0.199814557255	0.00244790925264	0.000191561317968	904.291863423	478	0.140992642239	309.92104848	38.3807531381	1852.48419758	4	0	0					
2	20	1	0	2076	9.6859344894	0.389210019268	0.00317143580855	0.00037959818128	1009.79956689	897	0.130780798158	309.304045126	25.2686733556	1988.63638143	4	0	0					
2	21	1	0	2150	8.90046511628	0.27488372093	0.00302632055851	0.000276486946671	861.554938959	647	0.133276594158	280.615595969	32.6723338485	1708.98378042	4	0	0					
2	22	1	0	2145	178.424242424	6.90955710956	0.0741586000863	0.00847590058549	2218.21623833	16078	0.154199293273	664.370967779	26.1036198532	3985.29401237	4	0	0					
2	23	1	0	1962	141.104994903	4.79204892966	0.0446305381866	0.00547387363904	1486.21114673	10271	0.140764459201	384.204707089	29.7214487392	2503.9223667	4	0	0					
2	24	1	0	2183	9.55061841503	0.326614750344	0.00276165370955	0.000338903916606	842.227566071	765	0.12951916471	239.032795187	30.0967320261	1571.72215225	4	0	0					
3	1	1	0	2180	53.8096330275	1.97752293578	0.012545949779	0.00208225560237	1018.22084513	4704	0.123209489528	230.086253462	27.3794642857	1717.74555223	4	0	0					
3	2	1	0	2324	11.5516351119	0.346385542169	0.00280681149518	0.0003272402418	879.578436681	897	0.123838958951	223.379600829	33.6666666667	1532.07792018	4	0	0					
3	3	1	0	2140	12.2429906542	0.41261682243	0.0034024501725	0.000425808800974	877.531160182	966	0.125320815748	228.781942703	29.8405797101	1579.05150434	4	0	0					
3	4	1	0	2160	9.95277777778	0.361111111111	0.00279592111156	0.000371159669757	888.112463522	860	0.123427789623	235.216456055	27.7209302326	1634.57193376	4	0	0					
3	5	1	0	2215	7.77291196388	0.257336343115	0.00226323961604	0.000266191688043	913.50989313	649	0.126996762136	253.259196123	30.2588597843	1718.52419919	4	0	0					
3	6	1	0	1997	152.327491237	7.44566850275	0.0737394810049	0.010656214041	2465.52161793	16216	0.155337079574	725.271909849	20.6261716823	4448.49549275	4	0	0					
3	7	1	0	2112	135.401041667	5.70928030303	0.0467207476817	0.0070713736907	1686.1832699	13058	0.142603113696	452.221783603	23.9882830449	2935.71856985	4	0	0					
3	8	1	0	2168	57.9248154982	2.45802583026	0.0130149408762	0.00253346055472	1146.27857564	5750	0.122438959407	247.407487627	23.7566956522	1895.22468477	4	0	0					
3	9	1	0	2298	9.48302872063	0.319843342037	0.00338479904127	0.000330081509976	962.97341465	822	0.136753507137	328.754163194	29.6715328467	1986.28460775	4	0	0					
3	10	1	0	2081	8.57472369053	0.316194137434	0.00251943537864	0.000318931251837	943.997569863	741	0.130374483731	264.829375925	27.4358974359	1775.90185499	4	0	0					
3	11	1	0	2113	8.89682915286	0.30099384761	0.00308765399857	0.000316231207658	1008.30792431	698	0.131313021576	310.490935853	29.6446991404	1993.26342867	4	0	0					
3	12	1	0	2083	118.495919347	3.89726356217	0.0389865801218	0.00509423570841	1438.12031725	8606	0.129493803244	332.142934501	30.664652568	2440.67497727	4	0	0					
3	13	1	0	2239	19.793657883	0.707458686914	0.0066052863556	0.000810871578903	1061.8299758	1710	0.13474508575	356.552932041	28.250877193	2263.20910704	4	0	0					
3	14	1	0	2243	17.2987070887	0.699509585377	0.00578577536325	0.000793882418576	1075.96216593	1716	0.131535154559	331.319051443	24.9254079254	2143.97666315	4	0	0					
3	15	1	0	2465	7.37322515213	0.239350912779	0.00197793899428	0.000251098296049	965.237164873	651	0.127562879511	261.620784385	31.2857142857	1762.06980372	4	0	0					
3	16	1	0	2611	12.7050938338	0.317885867484	0.00455721945782	0.000380185917506	1051.91053518	906	0.140004517421	379.774513552	40.1534216336	2376.86806347	4	0	0					
3	17	1	0	2214	7.80036133695	0.240740740741	0.00272872224697	0.000242184418315	953.300088762	594	0.138941526545	321.574889515	33.0622895623	1868.56366884	4	0	0					
3	18	1	0	2092	16.8217017208	0.533938814532	0.00488334536332	0.000534705623572	974.026504017	1252	0.136035765853	287.87686367	32.2364217252	1794.53268557	4	0	0					
3	19	1	0	2163	16.6333795654	0.54461396209	0.00499915011493	0.000540260673986	934.232925125	1314	0.135018787641	289.378833348	30.9908675799	1792.04921784	4	0	0					
3	20	1	0	2218	18.7236248873	0.608205590622	0.00543921174563	0.000635367669456	936.767472164	1501	0.132823336816	267.223754987	31.2471685543	1690.97858644	4	0	0					
3	21	1	0	2146	70.2162162162	2.55591798695	0.0168799697717	0.00279836796512	1228.64080253	6010	0.125684070388	293.630429915	27.7562396007	2062.91061356	4	0	0					
3	22	1	0	2217	33.7708615246	1.09742895805	0.00720802082783	0.00115510095031	967.157280989	2702	0.120050533725	205.916564253	31.1225018505	1581.21997231	4	0	0					
3	23	1	0	2279	8.66652040369	0.270732777534	0.00292886519197	0.000284852205566	865.40710143	678	0.132355042471	276.447088923	32.4955752212	1664.89408752	4	0	0					
3	24	1	0	2249	22.1742996888	0.711427301023	0.0048423155166	0.000699856616097	898.825873671	1783	0.124018487214	210.072990198	31.6152551879	1510.62815165	4	0	0					
4	1	1	0	2233	99.0161218092	4.48768472906	0.0259998770031	0.00504025767556	1244.24521877	10959	0.131273186704	298.746142858	22.3257596496	2109.26243462	4	0	0					
4	2	1	0	2140	10.7700934579	0.348130841121	0.00391139589202	0.000386276554097	863.898883517	815	0.131507429873	267.085271787	31.109202454	1710.6890998	4	0	0					
4	3	1	0	2322	109.033591731	4.44013781223	0.0391950454527	0.00528749621435	1477.2575639	11227	0.141574178057	475.746358769	24.6294646834	2946.35361575	4	0	0					
4	4	1	0	2189	17.2466879854	0.660118775697	0.00484368828992	0.000716558799124	948.547403066	1602	0.122320566013	238.812587306	26.2553058677	1712.65268388	4	0	0					
4	5	1	0	2212	9.87296564195	0.389240506329	0.00298718169711	0.000411606842367	924.586356655	954	0.125203826711	241.982609365	25.2463312369	1631.82650336	4	0	0					
4	6	1	0	2163	9.20573277855	0.346740638003	0.00310163143276	0.000372955435036	940.749046013	812	0.1311731133	278.388504278	27.1896551724	1808.67343339	4	0	0					
4	7	1	0	2227	7.68837000449	0.226313426134	0.00260972714511	0.000233078974783	967.787456256	571	0.132899619885	315.61761659	34.4518388792	2005.73892974	4	0	0					
4	8	1	0	2180	9.1128440367	0.347247706422	0.0035001237689	0.000382258154323	1002.0410049	838	0.134655649689	328.277949396	26.8138424821	2087.44458519	4	0	0					
4	9	1	0	2243	176.056174766	7.56442264824	0.0692204503449	0.0095403326269	2942.45505177	18407	0.146090603709	791.190605465	23.4728092573	5191.73453115	4	0	0					
4	10	1	0	2157	19.2929995364	0.865090403338	0.00506411778397	0.000949279604784	1057.99042105	2060	0.120118579108	242.289099312	22.4087378641	1821.16525626	4	0	0					
4	11	1	0	2279	14.2040368583	0.52961825362	0.00334898185729	0.000570354678865	1006.3622895	1326	0.117249313473	221.274772573	27.2880844646	1680.94329112	4	0	0					
4	12	1	0	2208	7.4035326087	0.244112318841	0.00258136487344	0.000264564849823	992.813779141	584	0.13156425847	320.428755669	30.625	2025.71367173	4	0	0					
4	13	1	0	2082	7.26176753122	0.258405379443	0.00216682887109	0.000267779475103	952.613892528	598	0.131559365834	277.958985871	28.1856187291	1805.5507923	4	0	0					
4	14	1	0	2217	7.20748759585	0.2350022553	0.0021560962924	0.000249015411778	984.450241264	584	0.12873490216	287.918761581	30.8167808219	1935.58435313	4	0	0					
4	15	1	0	2227	88.8208352043	3.28423888639	0.0233453694241	0.00381594082985	1354.06377753	7923	0.123989143539	303.437005433	27.3417897261	2280.49539663	4	0	0					
4	16	1	0	2136	36.6694756554	1.43398876404	0.0084324472653	0.00157919389112	1055.89981157	3376	0.118538580968	221.227787535	25.7968009479	1737.42076481	4	0	0					
4	17	1	0	2226	9.59703504043	0.327942497754	0.00283457011201	0.000341054737244	973.600114397	810	0.130122965123	279.168345388	29.4728395062	1815.57036781	4	0	0					
4	18	1	0	2050	9.1	0.347804878049	0.00230462022226	0.000349772169301	955.759528941	787	0.126943090115	243.748049896	26.3939008895	1679.59822116	4	0	0					
4	19	1	0	1935	9.46563307494	0.280620155039	0.00269723144573	0.000272191405547	915.108444631	621	0.131513968954	275.278826045	34.0466988728	1729.50079241	4	0	0					
4	20	1	0	2218	8.1992786294	0.260595130748	0.0026042954366	0.000275029886161	913.55489388	635	0.132289554314	265.99226478	31.6472440945	1718.40983764	4	0	0					
4	21	1	0	2024	145.184288538	5.50098814229	0.046239468105	0.00638133796515	1594.92990364	12163	0.137640486474	408.991554893	26.6886458933	2773.10502463	4	0	0					
4	22	1	0	2264	75.4098939929	3.24514134276	0.0189905929707	0.00357963725622	1159.48883046	8038	0.125987921606	261.224987806	23.3925105748	1922.55163768	4	0	0					
4	23	1	0	2260	8.81371681416	0.335840707965	0.00251314274732	0.000365220466389	823.926809685	843	0.123456593483	203.517424824	26.7817319098	1445.55440799	4	0	0					
4	24	1	0	2018	167.065411298	6.31020812686	0.0616712237447	0.00745024200495	1903.8016212	13962	0.147883449755	530.902280339	26.6929522991	3304.89115261	4	0	0					
5	1	1	0	1869	150.545746388	6.61102193686	0.0507532759822	0.00739184455645	1564.7943493	13626	0.145422629912	457.128982001	23.0317040951	2882.86759844	4	0	0					
5	2	1	0	2021	31.3577436912	1.40079168728	0.00684195346294	0.00143197938595	917.50892445	3119	0.119766655087	202.525728581	22.3921128567	1532.39937967	4	0	0					
5	3	1	0	1943	10.8219248585	0.389089037571	0.00368262973042	0.000390471349172	923.118480543	825	0.132192838983	307.179719154	27.6775757576	1890.60607129	4	0	0					
5	4	1	0	2071	8.14244326412	0.321100917431	0.00217528252872	0.000317484019048	872.068917559	758	0.125105913001	235.156321276	25.7493403694	1629.72952621	4	0	0					
5	5	1	0	2228	7.07585278276	0.250448833034	0.00225098495801	0.000258029156935	916.009219294	628	0.130007878487	264.540191722	29.0445859873	1720.24170966	4	0	0					
5	6	1	0	1804	149.666297118	6.36640798226	0.0747636614947	0.00811047363179	2519.61470026	12529	0.158072807617	923.188153712	23.6713225317	5390.45608002	4	0	0					
5	7	1	0	2130	126.601877934	5.55868544601	0.0499198547642	0.00672129150515	1909.62440888	12748	0.146581923576	637.001885927	22.9724662692	3953.83327386	4	0	0					
5	8	1	0	2053	20.8139308329	0.871407696055	0.0057548987708	0.000902905081803	1043.22255524	2006	0.124663248683	278.655608662	24.0523429711	1911.98418344	4	0	0					
5	9	1	0	2079	10.3208273208	0.405964405964	0.00333392041298	0.000415664834564	1024.2987684	928	0.127880905634	303.105757631	25.4407327586	1920.40065962	4	0	0					
5	10	1	0	2025	9.27111111111	0.337777777778	0.00285246861173	0.000333991410925	984.138485382	755	0.130873197368	277.68526797	27.2397350993	1825.85504433	4	0	0					
5	11	1	0	1874	8.28601921025	0.307897545358	0.00255368919742	0.000303986443072	944.068720187	638	0.132162469191	274.981862135	27.1347962382	1776.47153857	4	0	0					
5	12	1	0	2108	125.272296015	5.34060721063	0.0380170703418	0.00620296395284	1626.82518322	12286	0.133330663312	403.788714665	23.7019371643	2835.51008719	4	0	0					
5	13	1	0	2202	25.3796548592	0.945049954587	0.00581237509034	0.000975611645277	1018.07319831	2278	0.117864520572	224.565259054	27.3077260755	1714.4062122	4	0	0					
5	14	1	0	2167	15.7328103369	0.568527918782	0.0037792856291	0.000570024352063	986.131361883	1348	0.117815209405	228.130188882	27.9888724036	1683.64190546	4	0	0					
5	15	1	0	2150	9.13627906977	0.288837209302	0.0031285163926	0.00030700555708	954.245766818	682	0.134687480664	310.726468241	31.6803519062	1919.63659046	4	0	0					
5	16	1	0	2284	8.76094570928	0.272767075306	0.00261361859978	0.000281585753369	995.43087871	680	0.1319223143	318.564191135	32.3088235294	2069.40773926	4	0	0					
5	17	1	0	2255	8.34634146341	0.215077605322	0.00272486316959	0.000229401200142	967.129716961	541	0.134321927141	319.422933572	39.1312384473	1989.01298706	4	0	0					
5	18	1	0	1719	121.868528214	4.0634089587	0.0642918377772	0.00630240928034	1897.84236017	7581	0.146938218075	569.188360219	30.2249043662	3570.41812708	4	0	0					
5	19	1	0	2040	125.168137255	4.7862745098	0.043681180486	0.00580966207273	1647.88537907	10704	0.136809329647	441.352300936	26.389387145	2939.53709219	4	0	0					
5	20	1	0	2174	96.1844526219	3.21021159154	0.027832473871	0.00365216132593	1359.16347058	7713	0.127063126565	348.608519669	30.2545053805	2435.70921308	4	0	0					
5	21	1	0	2097	18.3695755842	0.602765855985	0.0045087785647	0.000616362942068	897.629554085	1390	0.121614017563	220.193787625	30.5575539568	1609.89762847	4	0	0					
5	22	1	0	2148	9.21229050279	0.301675977654	0.00277546662257	0.000312243957542	847.802122931	709	0.130057011896	254.629223444	31.2750352609	1641.73890491	4	0	0					
5	23	1	0	2122	9.13195098963	0.318567389255	0.0026447825412	0.000320410117081	864.289788026	745	0.127572399637	240.490993902	28.6483221477	1605.97229925	4	0	0					
5	24	1	0	1961	158.414584396	6.12442631311	0.0563478525581	0.00718274839644	1694.68319767	13194	0.14502814133	468.589394668	26.1255873882	2969.39441825	4	0	0					
6	1	1	0	2106	164.303893637	6.20132953466	0.0588350045926	0.00683204475508	2118.11257244	14384	0.144354197855	627.400352128	26.5606229143	3944.27646839	4	0	0					
6	2	1	0	2091	126.852702056	5.92443806791	0.038691832348	0.00661072913042	1383.60480032	13640	0.139726374802	371.799523928	21.5675953079	2471.47289581	4	0	0					
6	3	1	0	2017	85.0932077343	3.68319286068	0.0201831929175	0.00376595982229	1164.29468026	8176	0.125533999186	269.843604848	23.252446184	1999.02107623	4	0	0					
6	4	1	0	2100	25.0785714286	1.12714285714	0.00594498033277	0.00119585590103	1004.09161151	2597	0.120070611641	235.311209579	22.5425490951	1769.30979262	4	0	0					
6	5	1	0	2221	8.93561458802	0.273300315173	0.00297518171369	0.000303213197386	993.055112615	690	0.129888447124	298.215294305	32.5014492754	2049.57692314	4	0	0					
6	6	1	0	2093	9.02866698519	0.337314859054	0.0032430091873	0.000345789643217	933.399536329	783	0.130695752095	292.709513619	26.9833971903	1840.26208836	4	0	0					
6	7	1	0	1988	9.1916498994	0.343561368209	0.00273400384759	0.000347496357696	941.415661684	763	0.131748769534	310.615003615	27.0681520315	1992.25237242	4	0	0					
6	8	1	0	2211	134.151062867	5.14744459521	0.0475974073644	0.00592939122881	1825.16089325	12425	0.140037396235	516.650472655	26.2490140845	3436.19051035	4	0	0					
6	9	1	0	2065	75.4837772397	3.42033898305	0.0188365697385	0.00370536546868	1188.59678946	7795	0.125450221485	276.819215619	22.2419499679	2071.29400476	4	0	0					
6	10	1	0	2125	23.4263529412	1.05788235294	0.00539362829257	0.0010982708825	994.435657462	2492	0.117185691998	213.660123086	22.2813001605	1659.41656801	4	0	0					
6	11	1	0	2191	11.6581469649	0.372432679142	0.00457410061063	0.000406310427987	1040.04193296	921	0.139137667969	391.233109658	31.9446254072	2358.08564242	4	0	0					
6	12	1	0	1965	9.27175572519	0.309923664122	0.00309195480617	0.000317810616502	996.215747595	677	0.132839090463	304.556514904	30.3131462334	1904.22063828	4	0	0					
6	13	1	0	1924	10.9204781705	0.339916839917	0.00323859799408	0.00034327231001	961.182573857	713	0.132611316332	285.992867328	32.5666199158	1838.06677138	4	0	0					
6	14	1	0	2192	67.9201642336	2.56113138686	0.0154875935646	0.0027617761268	1226.33071848	6144	0.120126955735	262.102444926	26.8720703125	2042.51679776	4	0	0					
6	15	1	0	2173	25.9282098481	0.976069949379	0.00622157522389	0.00104503892828	1044.19177688	2327	0.117818022009	228.850989216	26.8633433606	1731.10627434	4	0	0					
6	16	1	0	2277	15.2512077295	0.563021519543	0.00348708953683	0.000602235145467	972.443020824	1402	0.116749186401	207.96296045	27.4436519258	1601.2242848	4	0	0					
6	17	1	0	2122	11.0683317625	0.345428840716	0.00311526014295	0.000376142846821	946.986762823	789	0.12496495213	259.129389951	32.2091254753	1754.22369383	4	0	0					
6	18	1	0	2052	11.2880116959	0.387914230019	0.00340514131366	0.000411124570253	945.120949495	864	0.13078148211	271.537233002	29.1261574074	1764.25100514	4	0	0					
6	19	1	0	2040	8.71666666667	0.274019607843	0.00305432273552	0.000282584744222	896.380416939	627	0.134150470547	307.771784428	31.9043062201	1921.73747554	4	0	0					
6	20	1	0	2177	110.696830501	4.15296279283	0.0338857444922	0.00497487887217	1371.52454499	9945	0.131049554649	338.217400934	26.9013574661	2408.62010135	4	0	0					
6	21	1	0	2148	50.8794227188	1.70856610801	0.0115141300781	0.00188061231974	972.311163522	4038	0.118487019725	203.753351225	30.1433878158	1602.90077536	4	0	0					
6	22	1	0	2186	16.5622140897	0.604757548033	0.00408997726658	0.00066791546953	912.827445864	1434	0.117690623945	195.847626147	27.4923291492	1475.87581333	4	0	0					
6	23	1	0	1759	170.672541217	6.76691301876	0.0681235093553	0.00826053857454	2023.12249063	13036	0.150253887889	576.101698246	25.3871586376	3576.23380735	4	0	0					
6	24	1	0	2026	8.91066140178	0.286278381046	0.00253629291427	0.000303294684028	839.909342873	655	0.122085479757	214.088057239	31.334351145	1482.11263546	4	0	0					
7	1	1	0	1914	13.0088819227	0.440961337513	0.00387288820373	0.000442939017273	850.454522805	935	0.129077574592	270.899513314	29.0545454545	1783.34925658	4	0	0					
7	2	1	0	1979	131.962607377	5.21121778676	0.0379893767472	0.00571199154693	1316.39603374	11322	0.138377240572	353.947127877	25.3666313372	2364.07703555	4	0	0					
7	3	1	0	2053	8.29225523624	0.315635655139	0.00253720021509	0.000314820872654	859.024083649	737	0.12847997769	256.557399235	26.263229308	1665.05692239	4	0	0					
7	4	1	0	2114	104.797540208	4.47492904447	0.0282745711135	0.00483410294442	1325.85215707	10394	0.13031632847	326.111936829	23.5285741774	2340.72383638	4	0	0					
7	5	1	0	2080	35.3413461538	1.34134615385	0.00774186385997	0.00132996975135	1013.68512974	3084	0.120776595493	232.702920235	26.3712710765	1766.79618835	4	0	0					
7	6	1	0	2233	12.7859381997	0.535602328706	0.00307222283957	0.000566771102948	927.463335111	1305	0.117021886859	203.818083863	23.9279693487	1565.07727626	4	0	0					
7	7	1	0	2284	10.1663747811	0.419439579685	0.00353702442522	0.000457814523836	963.517023623	1074	0.12940653547	314.236073434	24.6545623836	2026.08461148	4	0	0					
7	8	1	0	2012	8.72813121272	0.337475149105	0.00285823123633	0.000356259054316	945.888193133	782	0.129348796628	281.235808835	26.3913043478	1813.5929211	4	0	0					
7	9	1	0	1936	9.34607438017	0.352789256198	0.002874346195	0.000357333852301	967.440009951	761	0.13099433829	291.998976201	26.6819973719	1881.66675214	4	0	0					
7	10	1	0	2016	143.490079365	6.87599206349	0.0654529098325	0.00983687059326	2241.37964786	15116	0.150051997022	641.534180529	20.9857105054	4029.74552093	4	0	0					
7	11	1	0	1892	103.247885835	4.56923890063	0.0275721067543	0.00512428780298	1364.28206536	9536	0.131151511194	326.764415178	22.7723364094	2315.63377611	4	0	0					
7	12	1	0	1887	89.7827239004	3.45098039216	0.0212037913562	0.00375086311305	1288.24439813	7117	0.124887047928	281.348005379	26.2269214557	2105.44370045	4	0	0					
7	13	1	0	2064	9.27761627907	0.306201550388	0.00334322550134	0.000321333423729	1014.36961201	701	0.135014780799	331.634159609	30.9614835949	2032.257511	4	0	0					
7	14	1	0	2015	8.12009925558	0.287344913151	0.0023727202913	0.000304876244923	946.92316028	645	0.130385666506	291.918562027	28.8914728682	1888.92196229	4	0	0					
7	15	1	0	2297	9.59773617762	0.303003918154	0.0029128108168	0.000326360108369	984.426961811	755	0.132247937129	288.180783244	31.7721854305	1892.77931938	4	0	0					
7	16	1	0	1931	165.129466598	6.4401864319	0.0622335393085	0.00748319730994	2180.69504526	13594	0.146701678226	632.79680634	25.7638664117	4024.89767402	4	0	0					
7	17	1	0	1959	115.054109239	4.52271567126	0.0313516169851	0.00495322574275	1338.59424413	9594	0.132953561681	328.833433835	25.667604753	2300.95576319	4	0	0					
7	18	1	0	2086	24.5541706616	0.83748801534	0.00579849100983	0.000961896135514	985.338659213	1968	0.117432889906	207.912362317	29.4700203252	1610.8198058	4	0	0					
7	19	1	0	2050	11.6282926829	0.347804878049	0.0037317213492	0.000359873708675	958.46239603	792	0.132146680437	300.943860574	33.6464646465	1852.51844473	4	0	0					
7	20	1	0	2077	9.68319691863	0.305247953779	0.00282184864652	0.00030810552818	977.411439904	684	0.13072356326	290.653284329	32.5350877193	1857.64617598	4	0	0					
7	21	1	0	2154	10.7042711235	0.332404828227	0.00362896886926	0.000364071561533	876.114535527	792	0.133047470831	270.553129659	31.7373737374	1686.01768263	4	0	0					
7	22	1	0	1859	103.30661646	3.45454545455	0.0314240417648	0.0040040032062	1325.59717929	7095	0.130695888487	335.148244057	29.9852008457	2373.99950333	4	0	0					
7	23	1	0	1823	160.785518376	6.63137685134	0.0565446774517	0.00756234755718	1875.46504617	13254	0.146303693583	519.956028234	24.3842613551	3285.28548931	4	0	0					
7	24	1	0	2208	18.1259057971	0.632246376812	0.0046180233783	0.000694248517639	941.082629459	1559	0.119095126198	219.394590334	28.9230275818	1636.72054188	4	0	0					
8	1	1	0	2110	10.7682464455	0.300473933649	0.00305783152282	0.000308715823019	901.181378714	719	0.129322660154	271.201529611	36.0222531293	1732.34793826	4	0	0					
8	2	1	0	2218	10.5928764653	0.389990982867	0.00279932486485	0.000389544839845	857.383157118	949	0.124771986234	227.954135193	27.4436248683	1566.9817148	4	0	0					
8	3	1	0	1998	9.7977977978	0.388388388388	0.00272797354119	0.000404158476719	847.744832395	872	0.124529152348	214.186212661	25.4071100917	1477.8315606	4	0	0					
8	4	1	0	2299	8.38016528926	0.312744671596	0.00268647515797	0.000326974980996	890.322041807	815	0.126480334571	252.364466271	26.8490797546	1668.9429176	4	0	0					
8	5	1	0	2063	8.53320407174	0.292777508483	0.00255177068864	0.00029585515619	909.203342839	672	0.125917985536	262.078590765	29.068452381	1737.85329676	4	0	0					
8	6	1	0	2105	98.8679334917	4.64180522565	0.0272945097841	0.00514505734508	1343.30022271	10704	0.13012831187	326.21648433	21.4914050822	2337.28839759	4	0	0					
8	7	1	0	2124	33.4844632768	1.58898305085	0.00733810575859	0.0017085525925	1003.74464806	3726	0.118777027259	208.046989238	21.242619431	1640.45755087	4	0	0					
8	8	1	0	2014	12.9185700099	0.538232373386	0.00363583965736	0.000539579125448	982.480790486	1191	0.124203182284	257.911112036	24.2753988245	1759.02112375	4	0	0					
8	9	1	0	2076	9.68497109827	0.347302504817	0.00301392669173	0.000340995076006	1016.40016475	814	0.13319032879	323.203344839	27.9422604423	1975.81900496	4	0	0					
8	10	1	0	2120	8.01037735849	0.296226415094	0.00256739463476	0.000332575986524	960.938337924	709	0.128535543005	302.243548675	27.0677009873	1959.20668387	4	0	0					
8	11	1	0	2049	8.2093704246	0.272327964861	0.00213172162586	0.000276977329463	929.166918737	614	0.12787398484	245.490037308	30.4592833876	1640.88290979	4	0	0					
8	12	1	0	2050	93.9414634146	4.14634146341	0.0249701328131	0.00457660988226	1317.26235679	9314	0.128269771808	312.276699189	22.8480781619	2278.99499849	4	0	0					
8	13	1	0	2165	13.6900692841	0.458660508083	0.00393562496912	0.000499140857236	1012.79264306	1132	0.12366394016	277.795882042	30.5318021201	1896.15221298	4	0	0					
8	14	1	0	2099	10.0762267747	0.388280133397	0.00290041920592	0.000398875708009	955.989231132	890	0.126995587466	263.285703181	26.0617977528	1809.85885627	4	0	0					
8	15	1	0	2098	8.33889418494	0.3012392755	0.00325234307193	0.000332955967985	967.769709905	710	0.13645913007	309.968487764	27.6901408451	1906.25403159	4	0	0					
8	16	1	0	2048	7.06494140625	0.2373046875	0.00227477225145	0.000246402182711	947.897619435	548	0.139489101111	320.246590718	30.3430656934	1944.47804096	4	0	0					
8	17	1	0	2058	8.8508260447	0.287657920311	0.00319829406315	0.000304020111784	951.475554165	673	0.13640686527	339.304745244	31.2377414562	2061.86791996	4	0	0					
8	18	1	0	1765	101.811331445	4.17280453258	0.029640877915	0.00476141284116	1346.778098	7999	0.133091103832	343.083204384	24.5860732592	2377.36548585	4	0	0					
8	19	1	0	2011	43.1074092491	1.60914967678	0.0100519890153	0.00170019103743	1108.66194745	3508	0.119938481228	238.941834846	27.2457240593	1823.14691734	4	0	0					
8	20	1	0	2074	13.6046287367	0.46962391514	0.00416391341045	0.000472534234892	924.510411616	1075	0.128837386458	278.990263046	29.2511627907	1810.52455537	4	0	0					
8	21	1	0	2154	8.56545961003	0.284122562674	0.00278305632391	0.000287636952684	891.289367973	681	0.131211374604	274.887729262	30.2760646109	1717.42811043	4	0	0					
8	22	1	0	2019	8.88657751362	0.297176820208	0.00321182561483	0.000315055420293	895.789921093	673	0.132868398649	302.862475871	30.1381872214	1832.57233544	4	0	0					
8	23	1	0	2235	8.21476510067	0.274272930649	0.00270776966297	0.000283749701098	856.025795466	679	0.131054001379	278.553366912	30.4344624448	1729.25117306	4	0	0					
8	24	1	0	2108	7.63567362429	0.190227703985	0.0021832854035	0.000199651723574	909.779605447	459	0.131886573584	273.583022287	39.2178649237	1839.6227288	4	0	0					
9	1	1	0	1892	14.9978858351	0.394291754757	0.00364246457238	0.000372922081668	835.772453553	849	0.122514048779	226.999403359	38.5041224971	1551.9158093	4	0	0					
9	2	1	0	1802	184.655937847	7.97114317425	0.0766469271381	0.00935032337591	2501.42459401	15951	0.155504616029	790.196222389	23.2589179362	4839.51613195	4	0	0					
9	3	1	0	1983	64.4251134644	2.67120524458	0.014449226931	0.00270612294103	1022.37987458	5947	0.124690110697	233.696170446	24.1106440222	1746.87814012	4	0	0					
9	4	1	0	1767	48.0752688172	2.09507640068	0.0107803257455	0.0021382310738	1015.82579153	4122	0.121709804972	236.781534128	23.3032508491	1784.09044366	4	0	0					
9	5	1	0	2080	9.58557692308	0.312980769231	0.00278607082934	0.000328189034945	903.863306015	712	0.127476897819	260.657675216	30.6362359551	1747.11725582	4	0	0					
9	6	1	0	2049	9.14934114202	0.343582235237	0.00259945344871	0.000358673434826	906.975842353	796	0.123539642431	223.07733139	26.8278894472	1594.56502692	4	0	0					
9	7	1	0	2105	9.14631828979	0.306888361045	0.00288842992281	0.000326165935219	940.183796595	702	0.128108548957	284.984423721	30.0726495726	1906.22239294	4	0	0					
9	8	1	0	1828	97.1641137856	4.5295404814	0.0291883912554	0.00517001280984	1368.80382721	9136	0.131638047914	349.045192328	21.6495183888	2472.16147275	4	0	0					
9	9	1	0	2115	30.5035460993	1.26619385343	0.00823590841962	0.00144486506088	1117.67105423	2917	0.123215827384	274.14907625	24.2756256428	1984.56526608	4	0	0					
9	10	1	0	1858	15.5925726588	0.660387513455	0.00388206047305	0.000664400611086	976.988855701	1350	0.124654493432	249.505523246	23.7977777778	1728.108924	4	0	0					
9	11	1	0	1939	9.35224342445	0.344507478081	0.00274901512795	0.000334242900423	973.714403431	744	0.129980343147	279.460915571	26.9569892473	1798.95659538	4	0	0					
9	12	1	0	2068	8.99032882012	0.319632495164	0.00321319651384	0.000328432341286	991.990488106	743	0.133548109598	325.693664679	28.1776581427	2058.76541287	4	0	0					
9	13	1	0	2049	7.14348462665	0.242069302099	0.00260677540904	0.000253471032318	989.481594284	565	0.134925728175	367.635697531	30.3805309735	2238.75709339	4	0	0					
9	14	1	0	2251	79.9213682808	2.95513105287	0.0207073508993	0.00329641253916	1307.16690789	7322	0.125659505741	306.379475431	27.3254575253	2261.66975645	4	0	0					
9	15	1	0	2054	19.8091528724	0.804771178189	0.00544547997338	0.000897897779868	987.382092148	1783	0.118630602232	232.460551334	24.8715647785	1714.8679019	4	0	0					
9	16	1	0	2065	10.4726392252	0.341404358354	0.00315588640326	0.00035936053372	962.595159895	784	0.127460018129	275.503082036	30.9017857143	1805.01924888	4	0	0					
9	17	1	0	1982	7.67911200807	0.252270433905	0.00236527510299	0.000271689029695	924.315615404	550	0.132077603621	287.023769857	31.0909090909	1843.09618527	4	0	0					
9	18	1	0	1987	9.19224962255	0.290387518873	0.00289546677463	0.000293530423936	960.764392057	638	0.138491425027	331.29447162	31.7539184953	2054.91771549	4	0	0					
9	19	1	0	1993	8.90316106372	0.269944806824	0.00274940989659	0.000287412426645	889.756999852	605	0.128580139164	268.766079288	32.9537190083	1756.48174121	4	0	0					
9	20	1	0	1814	168.562293275	6.33076074972	0.0719604586602	0.00777930972221	2441.84159021	12510	0.151032628789	748.066268071	26.8339728217	4587.65604765	4	0	0					
9	21	1	0	1966	127.002034588	5.33112919634	0.0383885403977	0.0060907372506	1319.47579316	11595	0.135385327339	331.021315661	24.054937473	2277.96941977	4	0	0					
9	22	1	0	2015	52.4898263027	1.96873449132	0.0112525361771	0.0020075135568	953.202423352	4427	0.121089950881	202.391161164	27.065733002	1565.56749159	4	0	0					
9	23	1	0	1987	12.5943633619	0.418721690991	0.00342817010611	0.000425989843577	919.545733177	947	0.124496971367	227.967459472	30.0158394931	1593.32206797	4	0	0					
9	24	1	0	2137	12.202620496	0.347683668694	0.00311308392734	0.000340158099877	834.546807301	829	0.126999322265	225.97492632	35.2436670688	1507.36454859	4	0	0					
10	1	1	0	2104	10.8426806084	0.322718631179	0.00314743267548	0.000319095854409	842.930959969	776	0.125986244853	262.360976564	33.9832474227	1716.0170957	4	0	0					
10	2	1	0	2063	11.0261754726	0.429471643238	0.00287761914993	0.000430044062623	839.268008035	973	0.124755860286	213.460638599	26.1264131552	1499.09294585	4	0	0					
10	3	1	0	1984	98.8623991935	3.63256048387	0.0321896423586	0.00416910912262	1276.85584282	7917	0.133587646985	390.639530304	27.3695844385	2490.76613407	4	0	0					
10	4	1	0	2141	21.7963568426	0.955161139654	0.00504891036762	0.000999378103643	943.4192146	2252	0.119577598234	214.443794798	23.2211367673	1633.19863456	4	0	0					
10	5	1	0	2042	10.7845249755	0.319294809011	0.00421889619033	0.00032661626052	944.906668355	708	0.135315219642	397.462815907	34.290960452	2364.63763606	4	0	0					
10	6	1	0	1982	8.31634712412	0.292129162462	0.0025186867838	0.000291702051211	989.404431899	630	0.12901807354	287.105742649	28.8047619048	1889.74411908	4	0	0					
10	7	1	0	2169	9.24112494237	0.319502074689	0.00295271892494	0.000323383461659	928.650562279	779	0.131380107044	297.241155377	28.9114249037	1920.27502904	4	0	0					
10	8	1	0	2049	9.25671059053	0.267447535383	0.00326525518082	0.000283312399418	955.062674799	613	0.137466685414	341.676418064	35.0032626427	2012.78254904	4	0	0					
10	9	1	0	1655	165.425377644	6.99274924471	0.0799699804163	0.00925056510151	2585.15394929	12678	0.15579267063	806.284885265	23.8498974602	4922.64610953	4	0	0					
10	10	1	0	1908	155.541928721	7.23532494759	0.0572665650764	0.00858286791585	1776.04667997	15204	0.148281374407	510.263426982	21.6865956327	3191.62173976	4	0	0					
10	11	1	0	1968	91.9171747967	4.13617886179	0.0225181243668	0.00443270116542	1270.27798523	8985	0.128785462644	294.462847024	22.4198107958	2118.86022753	4	0	0					
10	12	1	0	2005	10.3875311721	0.34463840399	0.00343073848451	0.000372921764152	1021.36465426	747	0.128025729018	320.060244068	30.6024096386	2053.58012416	4	0	0					
10	13	1	0	2196	7.69353369763	0.264116575592	0.00214265403278	0.000268834300367	944.889123239	635	0.128621542626	257.835053642	29.1779527559	1725.16548164	4	0	0					
10	14	1	0	2118	7.2417374882	0.279981114259	0.00195662347424	0.000300206562251	935.061382053	656	0.123154859611	234.82993068	26.0137195122	1705.60229365	4	0	0					
10	15	1	0	2049	97.2669594924	4.47730600293	0.028845035145	0.00520097832338	1469.78367885	10109	0.13180771469	368.360637871	21.9761598576	2603.16047212	4	0	0					
10	16	1	0	2070	13.3019323671	0.489371980676	0.00358385590219	0.000516147684918	967.345531641	1129	0.119775372421	246.01389507	27.2382639504	1759.49887381	4	0	0					
10	17	1	0	2011	8.88761810045	0.281452013923	0.00256221234605	0.000288762624065	912.467792636	625	0.127747345157	254.604762875	31.8272	1668.43696171	4	0	0					
10	18	1	0	2001	10.2178910545	0.308845577211	0.00285671194943	0.000312838636605	892.65711419	686	0.1278249668	231.933846316	33.0320699708	1563.24735517	4	0	0					
10	19	1	0	2171	12.6176877015	0.400276370336	0.00397707333398	0.000461390223309	947.733623361	957	0.12584132206	273.277473741	31.6133751306	1827.84037417	4	0	0					
10	20	1	0	2083	9.70283245319	0.298127700432	0.00279115608333	0.000313669149312	857.343939651	676	0.126683759269	227.587202365	32.6775147929	1519.90185894	4	0	0					
10	21	1	0	1517	177.726433751	5.94660514173	0.0873316714644	0.00815781828964	2525.98434819	9665	0.15504561789	740.417803241	30.036006208	4463.84686549	4	0	0					
10	22	1	0	1906	145.190975866	6.02990556139	0.0499550886979	0.00714048576462	1481.37438506	12586	0.143236725603	400.373637641	24.3832830129	2600.90200146	4	0	0					
10	23	1	0	2100	66.2680952381	2.68523809524	0.0157301215462	0.00295601352951	990.688517831	6142	0.123877879654	217.891135536	25.0211657441	1637.56503117	4	0	0					
10	24	1	0	2115	12.4661938534	0.412765957447	0.00300128248457	0.000409707000059	844.416129562	959	0.120228860356	209.042702198	30.4692387904	1506.38496696	4	0	0					
11	1	1	0	1844	11.5835140998	0.405097613883	0.00264179273729	0.000385631125039	856.426483432	823	0.121666427106	213.664276027	29.1178614824	1538.12607494	4	0	0					
11	2	1	0	1765	10.2821529745	0.410764872521	0.00265722581197	0.000382775515139	831.872341424	791	0.123643166616	218.099213043	24.9734513274	1522.17027432	4	0	0					
11	3	1	0	1974	11.0283687943	0.38399189463	0.00280430247266	0.000389332607333	909.541552915	840	0.122814938785	240.91374665	28.8738095238	1764.56455385	4	0	0					
11	4	1	0	2114	121.532639546	4.94181646168	0.0407175774094	0.00660435321426	1505.83047354	11431	0.135171789039	372.797880289	24.8193508879	2605.19904637	4	0	0					
11	5	1	0	1942	104.165808445	3.71163748713	0.0293122655119	0.00467322229129	1325.00820993	7899	0.12658976714	298.347436245	28.102164831	2231.36352617	4	0	0					
11	6	1	0	1910	89.9486910995	3.57015706806	0.0229915884781	0.00412852309165	1307.74141455	7495	0.123592497627	289.250160791	25.2201467645	2187.6183111	4	0	0					
11	7	1	0	1831	68.5570726379	2.59311851447	0.016068508285	0.00278953560581	1207.78909701	5286	0.121208726748	267.240099626	26.5007567159	2055.37521014	4	0	0					
11	8	1	0	2028	33.7820512821	1.56558185404	0.00770925529034	0.00164087661896	1012.39735139	3499	0.121077267364	232.925665567	21.635038582499998	1774.19700569	4	0	0					
11	9	1	0	2002	12.6118881119	0.436563436563	0.00305380669184	0.000428484821551	966.716508945	988	0.122372409671	241.697718604	29.4817813765	1726.20994329	4	0	0					
11	10	1	0	1854	171.806903991	7.33117583603	0.0670132629188	0.00847273233389	2338.01529417	14949	0.146084213195	666.632074427	23.6789082882	4320.88477269	4	0	0					
11	11	1	0	1995	121.084711779	5.49473684211	0.0345958713989	0.00620665725131	1512.49946957	12147	0.131467862485	366.203380162	22.2401415987	2627.87421674	4	0	0					
11	12	1	0	2111	56.2117479867	2.24301279015	0.0123736988695	0.00241476061909	1130.69081809	5133	0.11881374256	234.543292276	25.3167738165	1853.48740676	4	0	0					
11	13	1	0	2129	20.0906528887	0.732738374824	0.00441846229301	0.000787273361254	1051.84166744	1721	0.115314739978	225.569694364	27.576990122	1780.89942305	4	0	0					
11	14	1	0	1905	12.8157480315	0.462992125984	0.00248492905424	0.000461916488108	935.532478281	975	0.115826355925	189.327693494	28.0769230769	1497.64260633	4	0	0					
11	15	1	0	2088	11.8271072797	0.457375478927	0.00279866601723	0.000487913253404	932.797399157	1061	0.119516219764	223.632911132	26.0574929312	1581.38178772	4	0	0					
11	16	1	0	2049	8.97413372377	0.285505124451	0.00226772784882	0.000303908415011	913.465196829	641	0.121540990147	227.721503792	31.655226209	1611.0507168	4	0	0					
11	17	1	0	1862	10.9280343716	0.348012889366	0.00279917286264	0.000338542861201	911.227500365	718	0.130397412272	233.816950029	31.6991643454	1572.58789637	4	0	0					
11	18	1	0	1966	10.517293998	0.294506612411	0.00310551808768	0.000293100621455	945.312384403	650	0.132640003145	323.342560894	36.1369230769	2019.27247183	4	0	0					
11	19	1	0	2202	84.4990917348	3.37511353315	0.0214179206985	0.00387043465989	1143.35492969	8111	0.124801215756	254.26580226	25.3016890642	1912.32736586	4	0	0					
11	20	1	0	1941	27.7063369397	0.940236991242	0.00611618929851	0.00099973221982	929.033073575	2013	0.115861757358	190.304177378	29.6025832091	1507.46484564	4	0	0					
11	21	1	0	1967	11.532282664	0.382308083376	0.00284769592938	0.000393754455144	851.003276659	834	0.11619325117	197.37839097	29.9784172662	1482.64405345	4	0	0					
11	22	1	0	2469	107.755366545	4.13446739571	0.0337053651391	0.00499922679297	1562.98447666	11088	0.132515203011	354.354305672	26.3479437229	2499.47722863	4	0	0					
11	23	1	0	1907	9.45778710016	0.354483481909	0.00235634917846	0.000353707967755	809.223519689	733	0.11865270179	184.851362588	26.795361528	1347.67398257	4	0	0					
11	24	1	0	1931	20.8845157949	0.76903158985	0.00428872572389	0.000758430219229	965.413732646	1633	0.117592021663	206.738480656	27.1898346601	1603.18061583	4	0	0					
12	1	1	0	1817	149.212438085	5.29939460649	0.0449031688672	0.00540271832185	1636.13466062	10473	0.142299961295	490.072572948	28.3727680703	3149.25766829	4	0	0					
12	2	1	0	1974	7.96301925025	0.25937183384	0.00224425327493	0.000263155846624	854.43764528	583	0.123349289477	233.536972068	30.5831903945	1612.6927051	4	0	0					
12	3	1	0	2290	9.6423580786	0.384279475983	0.00240619033552	0.0003945752913	902.843699293	977	0.121921818085	215.135358893	25.2681678608	1549.32233811	4	0	0					
12	4	1	0	2016	9.2316468254	0.334821428571	0.00242537351509	0.000338559081568	901.051198454	754	0.127384567368	254.701474006	28.0954907162	1709.02080328	4	0	0					
12	5	1	0	2054	7.17770204479	0.257546251217	0.00214532938991	0.000266786775257	889.272358686	585	0.121999649341	228.874533544	27.7914529915	1603.43280638	4	0	0					
12	6	1	0	1886	9.12089077413	0.332449628844	0.00239455277563	0.00033403191703	920.697236411	690	0.124806400037	242.008543002	27.2826086957	1682.21210017	4	0	0					
12	7	1	0	1917	141.123630673	6.30672926448	0.0791539747389	0.00899132420257	2321.39455732	13257	0.161824664276	824.471982767	22.5423549823	4748.68145057	4	0	0					
12	8	1	0	1897	151.018977333	7.09646810754	0.0721666222536	0.00959502923601	2380.91625205	14781	0.156137839376	776.72844109	21.3840064948	4600.91628509	4	0	0					
12	9	1	0	2228	49.3447037702	2.08662477558	0.0130568463449	0.00232507352411	1219.49308227	5069	0.127027429878	297.831281756	23.7895048333	2122.97033319	4	0	0					
12	10	1	0	2018	13.7467789891	0.554509415263	0.00342941121164	0.000570946617169	951.207180026	1246	0.122728743881	235.965315642	24.8747993579	1679.94247818	4	0	0					
12	11	1	0	1904	8.96271008403	0.346113445378	0.00236506791049	0.00035714349114	924.010761358	734	0.123508635978	229.631367965	26.2465940054	1601.31617229	4	0	0					
12	12	1	0	2074	8.43972999036	0.300867888139	0.00278395015057	0.000312372287008	958.188684419	684	0.128516500376	301.951633027	28.5453216374	1989.56135067	4	0	0					
12	13	1	0	2190	8.1296803653	0.262100456621	0.00348368077873	0.000277472865866	1035.53803809	636	0.139337310643	429.092404657	31.1933962264	2715.12151867	4	0	0					
12	14	1	0	1945	6.96658097686	0.216966580977	0.00220865235663	0.000228503989006	984.353092241	477	0.135171336757	313.810779039	31.928721174	1968.46186465	4	0	0					
12	15	1	0	2101	9.59400285578	0.3469776297	0.00329467937621	0.000365585859559	992.942818627	805	0.129700299756	317.58252098	27.5093167702	1998.33495794	4	0	0					
12	16	1	0	1821	7.84129599121	0.24601867106	0.00229038301058	0.000266750844334	924.465720021	498	0.12828853177	261.480230229	31.9497991968	1742.6639773	4	0	0					
12	17	1	0	1996	56.2279559118	1.97244488978	0.0132519945172	0.0021875988675	1060.94059709	4323	0.121371699323	230.075490396	28.5484617164	1755.66126362	4	0	0					
12	18	1	0	1890	20.3391534392	0.734920634921	0.00506837372326	0.000777434944742	972.244580952	1502	0.120583824389	223.400525539	28.0952063915	1657.64595956	4	0	0					
12	19	1	0	1747	180.688036634	6.7985117344	0.087476519371	0.0088690947506	3244.76525766	13125	0.155932038392	1002.14863241	26.8505142857	6131.78108381	4	0	0					
12	20	1	0	2016	125.260416667	5.08779761905	0.0560035168322	0.00614672129138	1931.42150698	11086	0.146544247391	675.22240435	24.8977088219	4083.56111879	4	0	0					
12	21	1	0	2269	16.5469369766	0.466284706919	0.00526773528445	0.000556238751144	1085.08527247	1137	0.128731762067	330.031550291	35.5206684257	2259.1691416	4	0	0					
12	22	1	0	2041	10.6903478687	0.372366487016	0.00337836254751	0.00038569422231	884.008187522	843	0.13004926478	266.586088864	28.8102016607	1744.54658098	4	0	0					
12	23	1	0	1918	10.1897810219	0.360271115746	0.00263164963743	0.000357971512366	819.345814626	754	0.124221331903	222.357050497	28.7891246684	1529.68182531	4	0	0					
12	24	1	0	1806	159.627906977	6.68549280177	0.0561540095379	0.00758078752996	1857.456569	13199	0.146721579988	524.007066989	24.0665959542	3319.12748621	4	0	0					
13	1	1	0	1946	170.534429599	5.96197327852	0.0627764606533	0.00714696871748	1841.85139772	12674	0.147217916192	524.657142708	28.6909420862	3307.07696532	4	0	0					
13	2	1	0	2023	11.1290163124	0.376173999011	0.00353874229405	0.000338033786535	961.884271178	872	0.135724676493	347.909524885	29.994266055	2190.69537783	4	0	0					
13	3	1	0	2028	8.4117357002	0.284023668639	0.0025357896297	0.000287988838096	915.996478715	639	0.129061138765	274.783117259	29.2175273865	1791.39496469	4	0	0					
13	4	1	0	1948	85.7890143737	3.05287474333	0.023211217519	0.00318377098825	1301.89702435	6484	0.12701002809	340.957972495	28.105490438	2505.9248487	4	0	0					
13	5	1	0	1932	34.3234989648	1.14699792961	0.00820154015908	0.00120262862326	1045.19081486	2458	0.120261875098	257.420391109	29.9064279902	1935.03304326	4	0	0					
13	6	1	0	2025	24.0474074074	0.832098765432	0.00554870388965	0.000812883771436	995.41650733	1899	0.119568873114	236.767079084	28.9010005266	1752.04168057	4	0	0					
13	7	1	0	2151	14.5137145514	0.476522547652	0.00379424337102	0.000486481655059	971.089704017	1134	0.126254475377	286.70566059	30.8342151675	1917.84285779	4	0	0					
13	8	1	0	1968	11.5223577236	0.387703252033	0.00371179320541	0.000406095861253	991.204058869	867	0.130706397555	322.720836232	29.7577854671	2168.14653158	4	0	0					
13	9	1	0	1858	11.3729817008	0.40796555436	0.00354680064066	0.000413958135134	939.557794478	833	0.128482965192	264.50391065	27.7515006002	1733.63390032	4	0	0					
13	10	1	0	1861	161.080064481	6.76249328318	0.0751738568461	0.00920161991735	2335.95887063	13689	0.154217998912	729.785276686	23.9207392797	4461.22753093	4	0	0					
13	11	1	0	2190	79.9940639269	2.80410958904	0.0225844014783	0.00336120123806	1514.34964266	6783	0.128922678677	324.910988639	28.8247088309	2303.25250527	4	0	0					
13	12	1	0	2044	12.9300391389	0.458904109589	0.00364208740534	0.000459393641112	983.406973536	1003	0.126791886906	285.505543524	28.3180458624	1899.96227287	4	0	0					
13	13	1	0	2060	10.8485436893	0.324757281553	0.00327962007601	0.000345168671056	955.114667529	740	0.130562391271	290.511886744	33.8283783784	1806.23868238	4	0	0					
13	14	1	0	1993	10.1836427496	0.33818364275	0.00293579885325	0.000353512128549	994.930495056	748	0.130212089106	290.38491837	30.5	1951.10123054	4	0	0					
13	15	1	0	1975	10.7706329114	0.36	0.00309991374599	0.000369247404414	946.348964265	793	0.131422921816	284.31205752	30.1122320303	1793.9079863	4	0	0					
13	16	1	0	2021	157.781296388	6.17169717961	0.062704700714	0.00735908892986	2006.06345995	13788	0.147870808269	608.775971415	25.6745720917	3808.85397481	4	0	0					
13	17	1	0	1938	62.2301341589	2.05056759546	0.0152287532739	0.00215384537199	1070.15155208	4292	0.125658614036	264.020091288	30.4909133271	1935.17167561	4	0	0					
13	18	1	0	1963	16.9597554763	0.650534895568	0.00426312526663	0.000674637094071	930.982604629	1379	0.123257068319	231.660992913	26.1218274112	1656.550253	4	0	0					
13	19	1	0	1989	10.6490698844	0.3604826546	0.00364339171257	0.000372660210555	893.586370487	784	0.135114799204	320.959509967	29.487244898	1929.97715927	4	0	0					
13	20	1	0	1996	9.53406813627	0.300601202405	0.00290187859665	0.000311206044805	877.117997155	665	0.132276821198	266.118138643	31.5233082707	1675.19451931	4	0	0					
13	21	1	0	2028	9.08333333333	0.274654832347	0.00262658872275	0.000279367649137	861.11288758	617	0.130967415573	248.176381252	33.1393841167	1596.22502669	4	0	0					
13	22	1	0	1974	136.320162107	5.53748733536	0.0472417867786	0.00634676006899	1575.98047562	12072	0.140964784989	443.621812708	24.8864314115	2935.24856639	4	0	0					
13	23	1	0	2088	15.7586206897	0.561781609195	0.00372592714182	0.000603170457099	877.750072184	1286	0.117801240712	214.990381061	28.0684292379	1596.88316425	4	0	0					
13	24	1	0	1855	160.238814016	6.99191374663	0.0565292720024	0.00785737397401	1733.43634091	14206	0.147209691995	495.412935593	23.1771786569	3107.52898875	4	0	0					
14	1	1	0	2130	11.8863849765	0.337089201878	0.00335502538083	0.000359204219968	870.281511783	782	0.129123446848	268.127636529	35.037084399	1771.9963834	4	0	0					
14	2	1	0	1605	175.997507788	6.33956386293	0.0701914765423	0.00761648566408	2058.61307024	11122	0.151528955092	619.666041263	27.9223161302	3818.15983296	4	0	0					
14	3	1	0	2120	11.2080188679	0.391981132075	0.00281062070921	0.000386270054673	901.52477605	911	0.123965580402	232.367725698	28.3435784852	1615.63970392	4	0	0					
14	4	1	0	2079	9.8835978836	0.391053391053	0.00290663635751	0.000409592956127	890.140300728	889	0.126499127738	250.274878379	24.994375703	1668.71055013	4	0	0					
14	5	1	0	1878	8.68317358892	0.354632587859	0.00222632117892	0.000351827627216	908.576661236	750	0.122959335411	218.199756614	24.5013333333	1574.11411281	4	0	0					
14	6	1	0	1981	16.956587582	0.769308430086	0.00385050617057	0.000775589499568	910.332880321	1669	0.120289882703	204.975136493	22.2013181546	1536.6183657	4	0	0					
14	7	1	0	2048	10.0161132813	0.3505859375	0.00281989347238	0.000358081092922	955.305865113	797	0.1277691671	263.046885783	28.6373902133	1820.88931299	4	0	0					
14	8	1	0	2043	8.47332354381	0.281448849731	0.0021400590074	0.000294649641226	941.942086454	656	0.123658024427	223.551530363	30.2423780488	1631.15406994	4	0	0					
14	9	1	0	2235	8.97673378076	0.295302013423	0.00285637466846	0.000284837294236	936.6742791	725	0.130045790603	299.035126456	30.404137931	1903.54469791	4	0	0					
14	10	1	0	2001	9.43228385807	0.316341829085	0.00298965201377	0.000328404910557	945.040091991	689	0.132349800507	285.849471721	30.0159651669	1818.77460492	4	0	0					
14	11	1	0	2079	164.974025974	5.63443963444	0.0652318933016	0.00676488349129	2087.82234037	12760	0.145490305771	611.133198182	29.4191222571	3860.50304889	4	0	0					
14	12	1	0	1953	46.3712237583	1.57808499744	0.0134798249291	0.00172847197902	1115.04894727	3427	0.12927027346	331.014159384	29.6168660636	2259.58973826	4	0	0					
14	13	1	0	1888	11.9179025424	0.413665254237	0.00341466547003	0.000426466614293	939.945616707	863	0.127962644216	290.853478767	28.8458864426	1946.41880036	4	0	0					
14	14	1	0	1881	9.34609250399	0.304093567251	0.00236286504083	0.000313924618704	919.172209157	629	0.12492626289	227.273316605	30.5039745628	1597.56064133	4	0	0					
14	15	1	0	1974	9.22695035461	0.294326241135	0.00277804636835	0.000296332992829	914.86738579	640	0.125157312423	278.643836988	31.1703125	1888.30789962	4	0	0					
14	16	1	0	1894	11.0649419219	0.358500527983	0.00262758444621	0.000363134623099	921.884925486	766	0.128316752418	238.133692887	31.4020887728	1612.96929978	4	0	0					
14	17	1	0	1828	143.819474836	5.12089715536	0.0572026810834	0.00664597626967	1892.44780014	10271	0.145067396295	541.248216102	28.3909064356	3435.50402814	4	0	0					
14	18	1	0	1876	91.3763326226	3.34168443497	0.0238037901692	0.00371164088232	1173.17755917	6908	0.128009756427	276.65360911	27.3876664737	2012.16164177	4	0	0					
14	19	1	0	2021	17.9544779812	0.633844631371	0.00403437024927	0.000666720784112	915.365913823	1390	0.116437461904	192.61314045	28.3374100719	1487.8442808	4	0	0					
14	20	1	0	2111	9.49313121743	0.339175746092	0.0024974838082	0.000344499193573	875.134265276	809	0.120829331548	213.861504864	28.3288009889	1556.15125102	4	0	0					
14	21	1	0	2055	8.16496350365	0.271532846715	0.00276275823106	0.000292321092944	925.875190054	620	0.130097733871	277.252995331	30.9080645161	1768.01070214	4	0	0					
14	22	1	0	2119	9.7140160453	0.340254837187	0.00268730278999	0.000344514382034	894.914598724	795	0.12371354866	235.510103179	28.5534591195	1613.05574541	4	0	0					
14	23	1	0	1767	167.268251273	5.8986983588	0.0676188010134	0.00725041697508	1885.15402093	11477	0.149794642407	544.077313911	28.4904591792	3362.42626143	4	0	0					
14	24	1	0	1953	83.1515616999	2.85714285714	0.0199958439959	0.00313149389574	1267.5337781	6180	0.123679633027	274.110951711	29.513592233	2070.98898229	4	0	0					
15	1	1	0	1760	12.4318181818	0.336363636364	0.00288898220503	0.000228593038085	968.175645554	647	0.141525638253	339.265542057	37.3523956723	2040.50469363	4	0	0					
15	2	1	0	1816	141.356277533	5.90693832599	0.0483429645383	0.00686498853672	1630.46322229	11714	0.143316055518	460.424881346	24.0777701895	2963.03108137	4	0	0					
15	3	1	0	2018	38.6253716551	1.3875123885	0.00790419099014	0.00151949763546	1180.45241557	3119	0.115455565645	204.001457464	27.7502404617	1680.69128919	4	0	0					
15	4	1	0	2093	16.6937410416	0.638318203536	0.0041918598179	0.000685645933404	954.552373182	1480	0.119954106963	236.181083366	26.0297297297	1734.10840227	4	0	0					
15	5	1	0	1984	10.3286290323	0.344758064516	0.00273005428488	0.000357810092356	903.512187158	761	0.124224291907	228.473156951	29.9710906702	1599.15139501	4	0	0					
15	6	1	0	2194	8.33773928897	0.278486782133	0.00215151464528	0.000284299009913	919.812304759	662	0.121940402716	228.636366892	30.0105740181	1645.02590722	4	0	0					
15	7	1	0	1889	8.97300158814	0.313393329804	0.00253063249925	0.000305512281317	932.25407375	659	0.12671501749	263.402873028	28.9256449165	1788.95540291	4	0	0					
15	8	1	0	1904	157.486869748	7.25262605042	0.0639850430672	0.00903616106071	1956.12316766	15160	0.153685894874	606.636043437	21.8388522427	3654.80538319	4	0	0					
15	9	1	0	1925	129.28987013	5.46493506494	0.0420710232591	0.006425981296	1526.58224199	11453	0.140995910849	431.536920711	23.9202828953	2818.00253082	4	0	0					
15	10	1	0	2006	50.7726819541	2.07278165503	0.0121351345098	0.00234381623064	1092.3009606	4565	0.121849899354	244.00370506	24.6812705367	1857.97790804	4	0	0					
15	11	1	0	2162	20.9195189639	0.657724329325	0.00482396666021	0.000692786385925	1007.75820144	1580	0.118329880515	234.15168351	31.6360759494	1800.55002296	4	0	0					
15	12	1	0	2199	9.81946339245	0.340154615734	0.00283189986957	0.000359145687236	966.458207852	808	0.126433492338	280.095209834	29.1695544554	2004.20422621	4	0	0					
15	13	1	0	2063	7.89045079981	0.275811924382	0.0018651075777	0.000293273999004	933.033859309	647	0.120285457056	203.576128743	28.5316846986	1513.34425312	4	0	0					
15	14	1	0	1741	183.416427341	6.13153360138	0.0886463550089	0.00742893858706	2706.59555729	11785	0.154177899291	843.362170121	30.1640220619	5107.48773616	4	0	0					
15	15	1	0	2223	169.16554206	5.82546108862	0.0643346718783	0.00677841850097	2037.22551811	14062	0.143164843997	561.561953922	29.0971412317	3676.924221	4	0	0					
15	16	1	0	2301	84.2242503259	3.22077357671	0.0211046847788	0.00369336515954	1175.63695248	8098	0.123279999098	252.128599505	26.2600642134	1933.59230282	4	0	0					
15	17	1	0	2155	25.5767981439	0.963805104408	0.00534831806513	0.00102417650206	1121.17532221	2305	0.114858625112	231.43012751	26.6672451193	1858.6248316	4	0	0					
15	18	1	0	2078	16.5399422522	0.613570741097	0.00392114418026	0.000643424370398	972.480516213	1394	0.118797180825	220.986695487	27.1800573888	1646.03364525	4	0	0					
15	19	1	0	2167	12.3133364098	0.451776649746	0.00336436832357	0.000472581640475	942.924686357	1087	0.124039273779	242.548217734	27.4314627415	1660.92342175	4	0	0					
15	20	1	0	2128	138.354793233	5.0780075188	0.0793922252101	0.0066392774268	2874.37091387	11725	0.153943155384	1077.01502546	27.5741577825	6515.11431314	4	0	0					
15	21	1	0	2018	101.229435084	4.54013875124	0.0381773508963	0.00541197519263	1517.88942242	10198	0.138883135437	479.535996888	22.5121592469	3175.38623644	4	0	0					
15	22	1	0	2195	40.4733485194	1.4569476082	0.0103764336096	0.00162769877314	1032.42629869	3526	0.119757908387	234.864159789	28.3953488372	1792.46365503	4	0	0					
15	23	1	0	1997	156.714071107	6.25087631447	0.0572160411634	0.00745235719048	1721.13854546	13863	0.146855307518	479.67939813	25.3128471471	3012.97547467	4	0	0					
15	24	1	0	2014	8.7323733863	0.285998013903	0.00229602752944	0.000276985541375	948.605869072	626	0.128948014411	258.065848968	31.1006389776	1721.13550171	4	0	0					
16	1	1	0	1907	11.6984792868	0.263240692187	0.00408040515085	0.00025106058851	965.168271376	558	0.14311253404	381.799139379	43.8960573477	2205.58374189	4	0	0					
16	2	1	0	1882	15.8634431456	0.565887353879	0.00468389551466	0.000557447985242	966.29606399	1155	0.1297462413	292.77734498	28.0510822511	1923.04863492	4	0	0					
16	3	1	0	1994	12.6790371113	0.404212637914	0.00425867803925	0.000412992963758	979.274410228	889	0.135279245737	340.225956044	31.7356580427	2131.44566596	4	0	0					
16	4	1	0	2021	7.38545274617	0.245423057892	0.00194078059216	0.000251121216436	944.179052594	568	0.124617149747	232.653501539	29.9595070423	1634.10049456	4	0	0					
16	5	1	0	2173	103.615278417	4.13851817763	0.0317876855307	0.00439706054454	1435.23125014	9949	0.137284787562	420.997406048	25.1505678963	2737.47555588	4	0	0					
16	6	1	0	1948	47.6904517454	1.96303901437	0.0120868530531	0.00196892018875	1057.30499135	4141	0.126177166016	286.176105664	24.462931659	2019.09199829	4	0	0					
16	7	1	0	2030	14.5586206897	0.474384236453	0.00318729196282	0.000447783575151	994.152651017	1045	0.119795106275	245.114988664	30.571291866	1821.67513072	4	0	0					
16	8	1	0	1971	8.26534753932	0.252663622527	0.00292042246822	0.000243278937373	1009.9484426	555	0.136757895304	349.68710389	32.6378378378	2064.12359063	4	0	0					
16	9	1	0	2094	8.76743075454	0.292741165234	0.002754317802	0.000296371945262	962.527479757	667	0.130898672906	304.885662672	29.9535232384	2000.89968133	4	0	0					
16	10	1	0	2014	9.14399205561	0.272591857001	0.0027285395682	0.000263471666933	1004.31083961	618	0.128792928172	290.183696447	33.4741100324	1915.64653908	4	0	0					
16	11	1	0	2095	124.207159905	4.77422434368	0.0437885704464	0.00631604312523	1661.81587556	10846	0.136492096003	424.585233303	26.2432233081	2915.72982749	4	0	0					
16	12	1	0	2113	59.304306673	1.92096545196	0.0145756871598	0.00223336314775	1186.23952336	4441	0.120643004597	256.370107866	31.1598739023	1983.44472885	4	0	0					
16	13	1	0	1800	18.1272222222	0.558333333333	0.00446725979368	0.000580263100508	1051.46679387	1130	0.121956778449	271.217396317	32.9548672566	1945.36625459	4	0	0					
16	14	1	0	2047	11.5124572545	0.396678065462	0.00292736394132	0.000405657729466	987.548707165	905	0.122555223579	253.50191172	29.2209944751	1755.34272392	4	0	0					
16	15	1	0	2085	11.139088729	0.407194244604	0.00311233149833	0.000425529029274	999.778318288	935	0.124494100689	270.383878156	27.6117647059	1856.58443866	4	0	0					
16	16	1	0	2012	11.1272365805	0.355367793241	0.00385796468497	0.00036044287752	992.738528703	788	0.134761170047	324.47627043	32.1015228426	1967.93041632	4	0	0					
16	17	1	0	1972	48.2221095335	1.45943204868	0.0112539187916	0.00162154284555	1199.16555448	3146	0.118314550646	255.761425617	33.1821360458	1995.03321466	4	0	0					
16	18	1	0	1766	18.2695356738	0.596262740657	0.00432966444065	0.000631477266886	961.772127202	1164	0.120122264805	230.120299385	30.7852233677	1696.19352963	4	0	0					
16	19	1	0	2113	10.2238523426	0.361571225745	0.00322614725122	0.000382618367412	916.447527956	833	0.124451440566	266.783460826	28.393757503	1731.53964282	4	0	0					
16	20	1	0	2038	9.64082433759	0.342492639843	0.00274582560046	0.000362533809879	899.489157241	779	0.125529247847	232.889641423	28.3350449294	1589.51314268	4	0	0					
16	21	1	0	2282	8.46056091148	0.250219106047	0.00286694130865	0.000278476778973	940.086663401	631	0.129258265159	303.40098592	33.5134706815	1946.48103154	4	0	0					
16	22	1	0	2180	8.14036697248	0.25871559633	0.00227155675397	0.000245690196347	903.373534275	618	0.129484236347	252.343982197	31.4611650485	1629.77791201	4	0	0					
16	23	1	0	1960	152.792857143	7.4693877551	0.05434116572	0.00816593311717	2002.12401674	16045	0.146292947763	608.148987116	20.7171704581	3858.06715201	4	0	0					
16	24	1	0	1965	10.2213740458	0.380661577608	0.00300275964644	0.000333771023234	1020.43956535	841	0.136481630365	344.632604116	27.5826397146	2209.83935976	4	0	0					
