Database Name	Phenix ODA 2
Database Location	http://opera2.dyn.scilifelab.se/ODA/OdaService.asmx
Evaluation Signature	ab8104d0-3ee6-452b-b124-d3a24c1aa9c2
Plate Name	P103625
Plate Name	231018_162130-V
Measurement	Measurement 1
Evaluation	Evaluation1

[Data]
Row	Column	Plane	Timepoint	Cell Selected - Number of Objects	Cell Selected - Total Spot Area - Mean per Well	Cell Selected - Number of Spots - Mean per Well	Cell Selected - Relative Spot Intensity - Mean per Well	Cell Selected - Number of Spots per Area of Cytoplasm - Mean per Well	Cell Selected - Intensity Cytoplasm Mean - Mean per Well	Spots Selected - Number of Objects	Spots Selected - Relative Spot  Intensity - Mean per Well	Spots Selected - Corrected Spot  Intensity - Mean per Well	Spots Selected - Spot Area [px²] - Mean per Well	Spots Selected - Intensity Spot Mean - Mean per Well	Number of Analyzed Fields	Height [µm]	Time [s]	Compound	Concentration	Cell Type	Cell Count	
1	1	1	0	2402	10.0316402998	0.307660283097	0.00313390037379	0.000354251934816	1155.62059144	803	0.126484421996	288.790737538	32.3262764633	2002.22511088	4	0	0					
1	2	1	0	1768	117.682126697	3.68269230769	0.0331787705481	0.00430873580456	1479.58611773	7099	0.132482850909	365.189823721	32.0207071419	2556.77580304	4	0	0					
1	3	1	0	2504	31.2156549521	1.27755591054	0.00766029559046	0.00139756532	1134.20859995	3511	0.122414529805	252.671794347	24.4878951866	1892.36190104	4	0	0					
1	4	1	0	2366	10.67920541	0.341927303466	0.00280115511035	0.000374734434874	1068.66897192	890	0.121347545049	257.659873907	31.404494382	1884.99631201	4	0	0					
1	5	1	0	2405	8.63284823285	0.25738045738	0.00266021579507	0.000289074771755	1008.22167533	702	0.128161689234	283.87731023	33.4401709402	1893.90696568	4	0	0					
1	6	1	0	2592	6.41242283951	0.173611111111	0.002133548568	0.000203880339288	1030.42491413	487	0.130844629846	293.004863365	37.0657084189	1879.38444741	4	0	0					
1	7	1	0	2433	10.0287710645	0.406083025072	0.00304967952278	0.00045031260091	991.21881489	1095	0.127867541608	265.13943464	24.6721461187	1813.54285244	4	0	0					
1	8	1	0	1977	162.821446636	7.01163378857	0.0588475721223	0.00910701711563	2494.929114	14938	0.144977526064	636.019934412	23.3466327487	4130.23517579	4	0	0					
1	9	1	0	2437	38.4620434961	1.47968814116	0.00998178430819	0.00176065045579	1387.72017689	3926	0.121354117734	287.247479057	26.1406011207	2175.27086659	4	0	0					
1	10	1	0	2313	9.98530047557	0.305663640294	0.00372707919875	0.000340674653133	1365.99552988	759	0.135026534356	431.649776817	32.7299077734	2712.93958381	4	0	0					
1	11	1	0	2321	8.81128823783	0.26497199483	0.00289158873683	0.000289178422733	1158.33408733	658	0.139758362918	375.764207723	33.4468085106	2267.67620371	4	0	0					
1	12	1	0	2330	7.8330472103	0.27982832618	0.00227485629267	0.000290348037426	1089.43923841	715	0.12792186125	284.77591675	28.2433566434	1950.20866913	4	0	0					
1	13	1	0	2400	8.37166666667	0.27625	0.00280870635583	0.000297443729574	1296.15075432	740	0.133535438489	366.921055417	30.672972973	2472.43382375	4	0	0					
1	14	1	0	1720	106.935465116	3.78604651163	0.0404121552571	0.00549560100702	1912.09644571	7032	0.139677974903	511.449657622	28.5740898749	3331.23207067	4	0	0					
1	15	1	0	2259	48.8791500664	1.92076139885	0.0133566271191	0.00234839757973	1416.86249629	4710	0.126722644327	327.359946465	25.66985138	2370.64690268	4	0	0					
1	16	1	0	2529	17.162514828	0.603400553578	0.00472597505967	0.000652799831077	1239.41038819	1684	0.123268267128	287.166405031	28.7096199525	2055.61663466	4	0	0					
1	17	1	0	2523	7.99286563615	0.252873563218	0.00239219516125	0.000276414396377	1094.0867519	705	0.125065689327	276.495364655	32.134751773	1954.30061642	4	0	0					
1	18	1	0	2372	9.42327150084	0.315767284992	0.00312133763849	0.000336652911043	1091.12002839	848	0.135771423348	341.69730573	30.366745283	2198.12108509	4	0	0					
1	19	1	0	2388	8.14614740369	0.252093802345	0.00235192335487	0.000275196632959	1042.78789254	660	0.129982450827	299.621293779	32.5848484848	1989.59518323	4	0	0					
1	20	1	0	2114	14.651371807	0.412015137181	0.00404182687165	0.000433934111543	1446.96231524	948	0.132429065621	376.612505961	35.9810126582	2537.09040171	4	0	0					
1	21	1	0	2208	161.077898551	6.53170289855	0.0653397406399	0.00803376299679	2444.86906231	15536	0.153897732851	762.930067871	24.9709062822	4543.30033744	4	0	0					
1	22	1	0	2614	50.5818668707	2.14039785769	0.0147860486924	0.00252588290551	1291.35267674	6167	0.131668857799	336.557459319	24.0137830388	2298.97485691	4	0	0					
1	23	1	0	2448	14.8815359477	0.553921568627	0.00377749117697	0.000610953846813	1032.81814907	1516	0.11981295711	223.971176326	27.4353562005	1663.22029283	4	0	0					
1	24	1	0	2355	12.7511677282	0.504033970276	0.00378069492874	0.00054923596325	922.212831915	1340	0.12789969136	248.016472162	25.5171641791	1657.29430864	4	0	0					
2	1	1	0	2489	10.4572117316	0.388509441543	0.00307077817665	0.000430475440822	1087.39818677	1091	0.124548675064	278.361511139	27.2703941338	1957.65183782	4	0	0					
2	2	1	0	2698	8.89362490734	0.310971089696	0.00262787305168	0.000326620553402	1099.42534028	934	0.124931253277	284.447705923	28.5246252677	1966.18732262	4	0	0					
2	3	1	0	2488	9.48914790997	0.28577170418	0.00282876881793	0.000303908718211	1015.34355906	766	0.129979069847	295.2284571	33.1240208877	1930.70852846	4	0	0					
2	4	1	0	2333	106.722246035	4.23489069867	0.0368545314118	0.00486690940966	1617.56187831	10750	0.148114450745	523.451396729	25.424372093	3177.48720689	4	0	0					
2	5	1	0	2480	38.0991935484	1.43266129032	0.00971109524051	0.00152853630865	1189.40704041	3835	0.12663370218	294.767923973	26.6565840939	2102.04068113	4	0	0					
2	6	1	0	2506	10.9529130088	0.30526735834	0.00306902040853	0.000318431655409	1019.89016141	838	0.125324668421	283.561600745	36.0322195704	1932.82494619	4	0	0					
2	7	1	0	2443	10.1588211216	0.388866148178	0.00292192923839	0.000412809807584	1054.9899905299999	1057	0.125026931078	280.077101687	26.2071901608	1927.13711676	4	0	0					
2	8	1	0	2560	10.454296875	0.47421875	0.00338157850868	0.000514714144882	1039.23128748	1362	0.130673174989	308.01409729	22.0477239354	1970.84930604	4	0	0					
2	9	1	0	2470	8.7963562753	0.288259109312	0.00264387012336	0.000317540975532	1021.99926092	781	0.126805273144	267.200276802	31.2035851472	1829.92476931	4	0	0					
2	10	1	0	2309	104.676050238	4.49848419229	0.0281996793688	0.00508498522526	1558.35425899	11329	0.128004707509	352.641050984	23.4838908995	2572.75905861	4	0	0					
2	11	1	0	2286	18.6417322835	0.661417322835	0.00483992913507	0.000718152503465	1071.34509823	1657	0.120896225801	253.639511665	28.8346409173	1858.24429739	4	0	0					
2	12	1	0	2438	9.05988515176	0.347826086957	0.00253167839241	0.000394536073073	1144.90273407	956	0.124030151692	293.638477851	26.4069037657	2067.66266215	4	0	0					
2	13	1	0	2253	10.5525965379	0.381269418553	0.00308546939053	0.000391405876092	1021.67635775	945	0.127473346912	279.01228047	27.8095238095	1877.17883742	4	0	0					
2	14	1	0	2441	8.18557968046	0.3031544449	0.00226320876582	0.000338061763703	1013.26808589	800	0.12346824134	244.39521818	27.43375	1708.71272649	4	0	0					
2	15	1	0	2362	8.54953429297	0.25783234547	0.0029472574913	0.00027398736042	1231.40974022	682	0.136629917616	420.533383295	33.3680351906	2571.2526043	4	0	0					
2	16	1	0	2148	69.1755121043	2.96648044693	0.0209673875811	0.00370993247509	1449.52235137	6933	0.13352305201	370.496150893	23.5825760854	2532.74577847	4	0	0					
2	17	1	0	2198	41.2015468608	1.57688808007	0.0101378042147	0.00182484217349	1118.11394813	3819	0.122359932081	243.664530553	26.4205289343	1827.83138761	4	0	0					
2	18	1	0	2449	9.09514087383	0.306655777869	0.00307406611258	0.000329112391105	1004.37647056	824	0.133875627613	303.129464486	29.9696601942	1879.87052353	4	0	0					
2	19	1	0	2401	10.351936693	0.349854227405	0.00356861319593	0.000382005203543	948.7024103	912	0.128593931622	279.321967374	29.6918859649	1802.86924535	4	0	0					
2	20	1	0	2393	7.83660676975	0.236105307146	0.00266697907217	0.000255503174568	1028.95046457	642	0.134783338806	315.015917167	33.3722741433	1964.41929822	4	0	0					
2	21	1	0	2419	8.57048367094	0.313352625052	0.00242030126199	0.000341263793913	1076.45552389	840	0.129146943981	279.25119392	27.6392857143	1918.43883297	4	0	0					
2	22	1	0	2258	117.598759965	4.21080602303	0.0323096652368	0.00493732405768	1424.22920975	10424	0.126352188471	308.965121399	28.2291826554	2294.4523848	4	0	0					
2	23	1	0	2243	33.7436469015	1.30494872938	0.00800367177288	0.00143703004191	1185.32678077	3229	0.118510449689	240.457432919	26.1697119851	1856.17405199	4	0	0					
2	24	1	0	2188	9.16956124314	0.29478976234	0.00289357242285	0.000316626153871	965.319535567	715	0.135022245335	285.876767644	31.3062937063	1843.74181391	4	0	0					
3	1	1	0	2526	14.9065716548	0.561361836896	0.00399484289149	0.000648590855318	1013.18274513	1536	0.117954954101	220.606022203	26.6497395833	1655.83299881	4	0	0					
3	2	1	0	2126	9.79633113829	0.315145813735	0.00317999217482	0.000344541579818	953.151343769	732	0.130785968346	268.249793064	31.1994535519	1750.61334849	4	0	0					
3	3	1	0	2329	9.99527694289	0.312580506655	0.00290143327834	0.000346085340635	918.074690531	786	0.124273160429	249.496643966	31.7404580153	1727.88489304	4	0	0					
3	4	1	0	2412	9.13184079602	0.258291873964	0.00311353868473	0.000265587214586	988.720098337	710	0.134240536059	328.698779611	35.1492957746	2031.52133949	4	0	0					
3	5	1	0	2425	7.25072164948	0.212371134021	0.00249656330258	0.000236755512233	1003.31619757	558	0.135532280835	309.619361263	34.7437275986	1952.01357736	4	0	0					
3	6	1	0	2253	153.959165557	5.89214380826	0.0532593061315	0.00733404854841	2236.89703368	14360	0.140624695002	571.097558724	26.3276462396	3811.85146823	4	0	0					
3	7	1	0	2381	85.8110037799	4.30995380092	0.0238044468045	0.00513265454677	1457.57717286	11220	0.129078109494	336.403792927	20.0865418895	2412.67913718	4	0	0					
3	8	1	0	2291	20.4548232213	1.06809253601	0.00496616947423	0.00115278623082	1108.41292486	2609	0.120088352451	237.368882183	19.2376389421	1790.09521863	4	0	0					
3	9	1	0	2231	9.25997310623	0.340654415061	0.00263458334832	0.000343038242968	1094.93293565	824	0.130850358197	295.581781041	27.0485436893	1957.65182023	4	0	0					
3	10	1	0	2273	8.73427188737	0.299164100308	0.00298658184717	0.00034294662005	1016.84876049	743	0.130981968224	282.593504003	29.199192463	1829.22065454	4	0	0					
3	11	1	0	2192	10.3065693431	0.358120437956	0.00356891493953	0.000387974119671	1078.28626343	853	0.134642790129	333.718746128	28.6869871043	2114.98037498	4	0	0					
3	12	1	0	2151	96.8712226871	3.61180846118	0.0230020851405	0.00394761124405	1586.31796603	8545	0.121890401324	329.74824063	27.0785254535	2542.21907173	4	0	0					
3	13	1	0	2369	17.9966230477	0.603630223723	0.00484219490655	0.000683973956087	1224.92142561	1557	0.121813035946	300.401698853	30.0301862556	2122.9046956399998	4	0	0					
3	14	1	0	2569	13.2927209031	0.439470611133	0.00443331546539	0.000530918326565	1221.04417221	1213	0.13031604245	367.329403928	30.2547403133	2348.93753604	4	0	0					
3	15	1	0	2506	8.38906624102	0.288507581804	0.00233266872924	0.000315756106952	1115.25843739	776	0.123654788746	284.311857857	29.6134020619	1993.44214718	4	0	0					
3	16	1	0	2466	9.30738037307	0.347120843471	0.0030258299463	0.000356233976991	1142.60300345	941	0.136898361471	371.626196919	27.2688629118	2299.73824187	4	0	0					
3	17	1	0	2467	10.1986218079	0.355492501013	0.00320381399898	0.000357202623421	1163.70035379	922	0.132861645565	364.445243237	28.8481561822	2270.15074949	4	0	0					
3	18	1	0	2266	126.663283319	5.24845542807	0.0402991928509	0.00601437059301	2354.19639335	12696	0.13720273158	597.495352468	24.3463295526	4033.88015536	4	0	0					
3	19	1	0	2415	39.6256728778	1.36770186335	0.00983484674916	0.00151865807309	1269.15960264	3629	0.120709367052	282.791205646	29.0666850372	2139.02807127	4	0	0					
3	20	1	0	2364	15.307106599	0.511421319797	0.00446323988212	0.000553101849652	989.60160776	1317	0.123700518508	254.022068283	30.1192103265	1751.60364723	4	0	0					
3	21	1	0	2437	10.7993434551	0.356585966352	0.00323170034219	0.000368046791279	934.088896903	934	0.128623438536	273.00266761	30.5770877944	1729.34901648	4	0	0					
3	22	1	0	2516	7.65699523052	0.246820349762	0.00218573229803	0.000280191781574	978.592538999	693	0.129149626258	263.923772174	31.531024531	1760.34240239	4	0	0					
3	23	1	0	2182	10.690192484	0.346012832264	0.00299317607006	0.000363920275431	917.981794265	836	0.127358554464	246.507371929	30.9078947368	1674.98044467	4	0	0					
3	24	1	0	2120	10.0287735849	0.321226415094	0.00273297345028	0.00034047025646	930.086673699	737	0.125761445638	248.260016255	31.1614654003	1709.05281651	4	0	0					
4	1	1	0	2195	153.851936219	7.14350797267	0.0523819584547	0.00816617512376	1998.27173701	17123	0.147887446241	580.01123592	21.7521462361	3576.2885681	4	0	0					
4	2	1	0	2509	8.98405739338	0.323634914308	0.00250144179466	0.000339197425951	967.56968025	895	0.122685551043	247.247787537	27.9977653631	1736.58816304	4	0	0					
4	3	1	0	2371	111.124420076	4.79122733024	0.0309522215968	0.00539618818211	1711.41481795	12493	0.133462140799	384.591351363	23.1985111663	2706.49256076	4	0	0					
4	4	1	0	2278	42.5548726953	1.71553994732	0.00959712846547	0.00182461398751	1179.190698	4239	0.120244761729	249.968624894	24.963670677	1929.25780583	4	0	0					
4	5	1	0	2431	9.91690662279	0.362813656931	0.00326619549468	0.000389395507615	1057.79000627	975	0.131024329468	307.317540082	27.6030769231	1991.02602939	4	0	0					
4	6	1	0	2392	10.9494147157	0.45610367893	0.00280887251209	0.000460607868394	1032.69122653	1180	0.1243890862	256.755747882	23.9906779661	1814.80894237	4	0	0					
4	7	1	0	2500	8.9284	0.418	0.00287036740018	0.000479060850388	1119.95006245	1162	0.127208901559	299.028254725	21.5378657487	1996.21560294	4	0	0					
4	8	1	0	2308	9.07322357019	0.336221837088	0.00261133411344	0.000348087087025	1120.10756205	839	0.127163961025	314.856354548	27.1728247914	2067.49773153	4	0	0					
4	9	1	0	1876	153.96108742	6.66897654584	0.0700107894596	0.00951962813847	2749.55653879	13552	0.153199336144	802.273970346	23.2936835891	4893.671866	4	0	0					
4	10	1	0	2321	112.294269711	5.34941835416	0.042841620127	0.00679574011264	1820.45117839	13373	0.148270868457	551.331978458	21.1350482315	3319.55892047	4	0	0					
4	11	1	0	2386	25.5490360436	1.05574182733	0.00603153886514	0.00115997910007	1142.5167566	2742	0.120357824428	255.945282483	24.5269876003	1943.93760846	4	0	0					
4	12	1	0	2435	16.7926078029	0.614784394251	0.00517805541626	0.000710638772958	1156.94302234	1617	0.127787201678	309.968439382	27.6536796537	2104.56453278	4	0	0					
4	13	1	0	2268	8.88271604938	0.276895943563	0.00259768609601	0.000310527501513	1038.54120182	688	0.125150778589	276.152893783	32.1177325581	1899.03083864	4	0	0					
4	14	1	0	2336	8.62970890411	0.32448630137	0.002336460212	0.000352424205204	1053.3146413	839	0.126291380488	264.127729474	26.6138259833	1848.12589721	4	0	0					
4	15	1	0	1605	151.68411215	6.1445482866	0.04999889906	0.00708855436118	2184.69689643	10787	0.139351481837	565.521063456	24.9452118291	3796.05497042	4	0	0					
4	16	1	0	2295	27.9315904139	0.997821350763	0.0070672236581	0.00108802220846	1197.75913376	2489	0.120372063215	269.641277273	28.121333869	2003.48077939	4	0	0					
4	17	1	0	2366	11.6584953508	0.441673710904	0.00338414539901	0.000453216400057	1130.58497702	1150	0.12538676752	292.361710261	26.6	2041.54046389	4	0	0					
4	18	1	0	2233	7.70174652933	0.25302283923	0.00222250256081	0.000265943023461	1091.78628365	644	0.134070888107	313.696601143	30.801242236	2008.43692901	4	0	0					
4	19	1	0	2376	8.77651515152	0.291666666667	0.00274679704186	0.000311907265296	1064.95865189	753	0.136499348986	314.341229761	30.7529880478	1965.08340721	4	0	0					
4	20	1	0	2271	10.6371642448	0.376045794804	0.00311271079721	0.000389508598503	963.941051672	921	0.126160673508	276.889891909	28.3431053203	1795.36699716	4	0	0					
4	21	1	0	2340	163.273076923	6.83461538462	0.0684808980222	0.00874329212528	2260.41700903	17295	0.15038615993	632.456688438	24.0399537439	3848.45788258	4	0	0					
4	22	1	0	2291	22.8254037538	0.869052815364	0.00571294030505	0.000969644047722	1068.53357084	2171	0.120182286508	232.601017855	26.3330262552	1742.51558519	4	0	0					
4	23	1	0	2117	10.3651393481	0.351913084554	0.00324499849152	0.000380874761116	930.773553163	834	0.129486984764	263.364278962	29.3681055156	1737.53780046	4	0	0					
4	24	1	0	2075	144.168674699	5.54409638554	0.0484127073057	0.00665572478067	2013.70166222	12442	0.142812804035	511.541442782	26.1191930558	3298.27025622	4	0	0					
5	1	1	0	2236	42.6502683363	1.61270125224	0.0100807669647	0.0017619355923	1268.88454528	3971	0.123549416757	282.158219437	26.5567867036	2085.34447047	4	0	0					
5	2	1	0	2234	28.6709937332	1.26320501343	0.00739390263557	0.00141817270005	1022.32791665	3083	0.122801061176	245.680488645	22.921829387	1769.36904974	4	0	0					
5	3	1	0	1786	9.98208286674	0.311870100784	0.00357777075779	0.000351170604266	1062.57672217	604	0.133768070287	322.945984583	32.0248344371	2114.94827973	3	0	0					
5	4	1	0	2429	11.3762865377	0.362289007822	0.00320010368656	0.000392858204917	980.585154573	942	0.12806115958	301.120436556	31.6114649682	2036.46867771	4	0	0					
5	5	1	0	2458	8.62855980472	0.305126118796	0.00307338291192	0.000343947553058	1012.59074142	816	0.129045416832	306.310312876	28.3492647059	2014.44499467	4	0	0					
5	6	1	0	2363	105.051206094	4.78840457046	0.0308831445741	0.00576982065315	1662.96670777	12242	0.130958348513	382.732941025	22.0244241137	2748.66204593	4	0	0					
5	7	1	0	2328	42.7066151203	2.01073883162	0.0101855739858	0.0023486946533	1183.93330078	5052	0.119153858894	245.474674916	21.3139350752	1906.13923162	4	0	0					
5	8	1	0	2140	13.5261682243	0.653271028037	0.00353607143655	0.000700762161246	1222.53179423	1531	0.125036523117	314.651811353	21.0679294579	2226.94313188	4	0	0					
5	9	1	0	2228	7.96005385996	0.276929982047	0.00263253808248	0.000296332387782	1240.05566145	686	0.133932266088	368.740823443	29.1413994169	2350.4579702	4	0	0					
5	10	1	0	1793	17.4656999442	0.496374790853	0.00498620861488	0.000630311613865	1569.58246145	1083	0.133750804198	385.541748957	35.1301939058	2634.19836071	4	0	0					
5	11	1	0	2180	8.35275229358	0.303211009174	0.0026128625661	0.000318344638264	1067.34086393	735	0.130124494668	309.436030307	28.1006802721	2004.51553763	4	0	0					
5	12	1	0	2258	88.8038086802	3.70504871568	0.0230497916538	0.00411392627949	1561.6868467	9085	0.127546369635	361.528952671	24.1521188773	2620.02192705	4	0	0					
5	13	1	0	2509	16.7158230371	0.616978876046	0.00411232790119	0.00066836333765	1098.97571766	1678	0.120558786692	257.466438772	27.2920143027	1869.55747892	4	0	0					
5	14	1	0	2513	8.16673298846	0.286510147234	0.00248858200262	0.000324090579031	1119.58992518	776	0.130711516687	314.384685689	28.8762886598	2111.73028226	4	0	0					
5	15	1	0	2341	8.59589918838	0.297736010252	0.00278511640532	0.000314894226386	1035.15649778	769	0.133116102764	331.962028197	29.1235370611	2066.81493284	4	0	0					
5	16	1	0	2512	8.13256369427	0.267117834395	0.00286489660447	0.000282511193605	1145.79692184	746	0.137088001665	386.04727927	31.4423592493	2394.31643449	4	0	0					
5	17	1	0	2491	7.74106784424	0.220393416299	0.00302887444768	0.000247961528288	1098.19065434	599	0.139162645435	379.900952002	35.0500834725	2314.2682266	4	0	0					
5	18	1	0	2101	165.158495954	6.64207520228	0.0597945261934	0.00803533829377	2669.2529874	14971	0.146377127711	716.120818532	25.0470910427	4568.54657299	4	0	0					
5	19	1	0	2365	65.9953488372	2.69513742072	0.0168130763034	0.00309608905623	1328.5315692	6940	0.126231266886	297.162988638	24.7721902017	2177.02123955	4	0	0					
5	20	1	0	2397	11.8360450563	0.434292866083	0.00346605355567	0.000486254619044	1123.78086061	1141	0.128855464487	320.379932247	27.5354951797	2090.98998563	4	0	0					
5	21	1	0	2537	10.0484824596	0.353961371699	0.00301922427722	0.00040239479076	984.277812016	979	0.125487743795	253.816578104	28.2461695608	1724.44380783	4	0	0					
5	22	1	0	2429	7.6158913133	0.274186908193	0.00261854891602	0.000293082345195	1039.02466674	731	0.13418763836	318.240476662	27.8002735978	1975.92812152	4	0	0					
5	23	1	0	2187	10.5464106081	0.320987654321	0.00328509422637	0.000346326007074	935.128558644	778	0.130706846944	274.29818063	33.0745501285	1806.31080273	4	0	0					
5	24	1	0	2187	140.61042524	5.73113854595	0.0485401241823	0.00705129540263	1990.40984631	13596	0.144167369148	529.72625311	24.7398499559	3381.34934386	4	0	0					
6	1	1	0	1593	191.369742624	7.97112366604	0.0770616081792	0.0097101198548	2677.04461125	14068	0.153144088006	783.602747628	24.2234148422	4824.20297077	4	0	0					
6	2	1	0	2236	164.312611807	7.29964221825	0.062022534346	0.00915768097079	2192.22031405	17538	0.149244586432	625.061204436	22.6634165811	3881.85622626	4	0	0					
6	3	1	0	2529	60.0063266113	2.12099644128	0.0138411812689	0.00234891879813	1181.08120173	5905	0.120994516774	250.2705976	28.433869602	1933.12072466	4	0	0					
6	4	1	0	2415	11.2376811594	0.432712215321	0.00302209678819	0.000471253781233	1189.51059	1188	0.125001657877	290.534076722	26.1936026936	2027.90958989	4	0	0					
6	5	1	0	2497	8.95634761714	0.36563876652	0.00250502519144	0.000374866632521	1028.60390642	1007	0.126837915456	280.234498771	25.1062562066	1887.95137476	4	0	0					
6	6	1	0	2502	10.3473221423	0.430055955236	0.00306531000312	0.000449123319746	1094.01978829	1184	0.128909415703	303.506353507	24.2719594595	2023.57692519	4	0	0					
6	7	1	0	2384	7.63129194631	0.263842281879	0.00227038940422	0.000271756044505	1200.05989221	710	0.134079606551	376.629497292	29.1957746479	2435.43146969	4	0	0					
6	8	1	0	2387	80.2408881441	3.65395894428	0.028601519424	0.00440021557793	1581.64349474	9695	0.143026483784	546.774770202	22.0505415162	3385.49245313	4	0	0					
6	9	1	0	2335	60.5764453961	2.62698072805	0.0206191949511	0.00309347924701	1473.36057534	6759	0.141297183889	537.534242593	23.0773783104	3364.97236643	4	0	0					
6	10	1	0	2675	9.31028037383	0.377570093458	0.00315685360355	0.000459300491748	1169.4569726	1111	0.126677754294	329.664425314	24.7551755176	2287.3005367	4	0	0					
6	11	1	0	2365	9.04989429175	0.289640591966	0.00321707212476	0.00029196523539	1173.74654907	746	0.136863580613	432.159458702	31.5402144772	2679.99151133	4	0	0					
6	12	1	0	2243	7.03700401248	0.219794917521	0.00215953148434	0.000220739437866	1177.5175652	558	0.135398896808	381.297728645	32.9301075269	2428.3995261	4	0	0					
6	13	1	0	2346	8.07502131287	0.263000852515	0.00279983930184	0.000266145483369	1154.32217391	663	0.133792319989	365.521270459	31.1840120664	2352.86113492	4	0	0					
6	14	1	0	1893	169.443740095	6.34284204966	0.0643368224106	0.00815659401522	2622.13560287	12963	0.144316362844	680.423474975	26.9169945229	4430.88300733	4	0	0					
6	15	1	0	2318	34.2057808456	1.23123382226	0.00808193360286	0.00139228132461	1178.87806775	3132	0.117551048804	244.511677755	28.1270753512	1918.14722674	4	0	0					
6	16	1	0	2458	11.3063466233	0.352318958503	0.00322923742988	0.000394800684603	1083.30859493	968	0.12666218049	287.0113006	32.8347107438	1977.07908645	4	0	0					
6	17	1	0	2254	7.92901508429	0.253327417924	0.00249510524509	0.000266811260274	1100.27513188	624	0.13571660767	329.381593388	31.4679487179	2127.24074273	4	0	0					
6	18	1	0	2359	8.7465027554	0.328105129292	0.00291257910637	0.000359123402583	1126.40705917	839	0.136084164663	351.349732382	27.0452920143	2191.46077431	4	0	0					
6	19	1	0	2426	7.61912613355	0.262572135202	0.00236270243978	0.000290293720282	1043.66562552	697	0.133410767224	304.293415229	29.8522238164	1952.24804596	4	0	0					
6	20	1	0	1976	181.811740891	6.06123481781	0.0609313642896	0.00758711506618	2578.30137872	12949	0.136737192112	614.909289855	30.294694571	4321.18186774	4	0	0					
6	21	1	0	2188	87.8249542962	3.37659963437	0.0224238320532	0.00373471862027	1462.63161393	8060	0.124006741649	312.424012931	26.185483871	2355.71929479	4	0	0					
6	22	1	0	2336	11.4601883562	0.418664383562	0.00313563778236	0.00044806508477	1022.32523538	1071	0.121189967752	259.013959749	27.5340802988	1830.67709196	4	0	0					
6	23	1	0	2180	151.123394495	5.6628440367	0.0524629634811	0.00698316928759	2005.93196375	13379	0.143349462617	521.021469549	26.9252559982	3360.66066972	4	0	0					
6	24	1	0	2046	9.22531769306	0.325513196481	0.00230528760983	0.000328909643592	967.298758686	752	0.123134579326	228.445476219	28.4973404255	1631.98328559	4	0	0					
7	1	1	0	2177	9.52687184198	0.362884703721	0.00261094676638	0.000396788045821	973.518440121	870	0.127696594327	245.125249975	26.6034482759	1664.44449059	4	0	0					
7	2	1	0	1826	133.143483023	4.90690032859	0.0432665901484	0.00593228711575	1736.09930951	9690	0.141874361277	472.025202329	27.2500515996	3035.05330225	4	0	0					
7	3	1	0	2112	9.26799242424	0.323390151515	0.00277698117034	0.000331092394108	951.804722134	738	0.131862630112	284.489537737	28.581300813	1836.2562159	4	0	0					
7	4	1	0	2160	125.481944444	5.28981481481	0.0393447819634	0.00627307606226	1728.09205611	12328	0.138643635305	456.796751522	23.8329007138	3059.99669315	4	0	0					
7	5	1	0	2474	17.6139854487	0.723120452708	0.00435369456648	0.000806541465085	998.66563218	1921	0.119819409898	230.002624402	24.7095262884	1711.72836517	4	0	0					
7	6	1	0	2365	11.1678646934	0.467653276956	0.00305071983522	0.000532909324786	1015.73103705	1190	0.122093327139	239.494259224	23.9117647059	1735.20302927	4	0	0					
7	7	1	0	2402	8.23147377186	0.348043297252	0.00273035952266	0.000387577523281	1131.63935428	914	0.130965432011	333.35857026	24.2013129103	2124.59127554	4	0	0					
7	8	1	0	2174	10.0611775529	0.410303587856	0.00273490830939	0.000466293355008	1083.3458988	987	0.124910750173	287.585646866	24.4002026342	2039.09433202	4	0	0					
7	9	1	0	2241	9.18429272646	0.326193663543	0.00264328926373	0.000329728373286	1156.39421593	814	0.12922581038	324.845863115	28.3587223587	2159.95287998	4	0	0					
7	10	1	0	1939	143.530170191	6.61835997937	0.0645292175608	0.00848890242756	2552.34692528	13866	0.154887221399	860.973487923	21.7790278379	5064.49345506	4	0	0					
7	11	1	0	2320	37.2814655172	1.49224137931	0.0126133572732	0.00174196881735	1420.28885715	3738	0.140514739115	475.949245837	25.2883895131	2886.8620411	4	0	0					
7	12	1	0	2311	37.3691042839	1.44742535699	0.012449915648	0.00174731403013	1546.87134712	3713	0.138094518128	489.200847747	25.918394829	3020.00152513	4	0	0					
7	13	1	0	2554	8.46280344558	0.279169929522	0.00288849044671	0.000319024545269	1264.51650392	766	0.137108662747	444.129326926	30.2845953003	2700.3804502	4	0	0					
7	14	1	0	2489	9.00964242668	0.335877862595	0.00288894471881	0.000356903220404	1159.05205737	924	0.131348671108	387.642711155	26.9112554113	2465.5499158	4	0	0					
7	15	1	0	2508	8.01116427432	0.263157894737	0.00287763811902	0.000292805233076	1233.02011722	727	0.138940972524	442.305602714	30.9972489684	2665.62371233	4	0	0					
7	16	1	0	2380	15.3289915966	0.473109243697	0.00439902566924	0.000500676869629	1161.28311249	1244	0.129367621314	343.811286904	32.5852090032	2260.19719482	4	0	0					
7	17	1	0	2242	8.9910793934	0.309991079393	0.00301655457773	0.000329990818115	1055.55281525	755	0.13507382138	323.022918968	29.1655629139	2028.76560812	4	0	0					
7	18	1	0	2344	6.99146757679	0.236348122867	0.00224358940727	0.000248866710201	1171.02558239	618	0.140227596746	365.118726153	29.5809061489	2245.56630554	4	0	0					
7	19	1	0	2367	9.11406844106	0.286438529785	0.00306669337113	0.000279955126499	1124.35256321	750	0.139811818323	428.478358063	32.2146666667	2538.14477571	4	0	0					
7	20	1	0	2179	9.33134465351	0.30105553006	0.00281275857259	0.0003166184946	1043.04063982	713	0.131246232953	294.368212913	31.2454417952	1905.80023271	4	0	0					
7	21	1	0	2122	9.67624882187	0.365221489161	0.00285298605252	0.000371621427635	993.509538404	880	0.132746186629	286.531903863	27.4863636364	1811.6167851	4	0	0					
7	22	1	0	2097	187.359561278	6.35431568908	0.07521353349	0.00815543002893	2928.12118745	14320	0.147058448072	747.929218662	29.7006284916	4803.3024494	4	0	0					
7	23	1	0	1586	157.978562421	6.4709962169	0.0530138788943	0.00747207197404	1848.89908067	11221	0.145298504791	497.966512073	24.619909099	3144.72771467	4	0	0					
7	24	1	0	1974	166.906281662	6.6874366768	0.0644261909521	0.00808325839711	2345.22428034	14314	0.145857005751	650.975381224	25.1898840296	4102.50674095	4	0	0					
8	1	1	0	2359	9.77193726155	0.360746078847	0.00306857380497	0.000387042184608	1008.43025794	938	0.128186093356	272.646255039	27.1332622601	1839.04436045	4	0	0					
8	2	1	0	2436	55.921182266	2.23891625616	0.0143597759394	0.00246316568568	1235.07213009	6065	0.124290327955	303.529042486	24.8875515251	2166.46827945	4	0	0					
8	3	1	0	2498	15.1885508407	0.539231385108	0.00404776029273	0.000598205729587	1071.98697319	1505	0.120901939978	259.888812376	28.2970099668	1920.31334821	4	0	0					
8	4	1	0	2303	10.4025184542	0.351715154147	0.00288915078442	0.000387144432504	1150.75522115	892	0.124604932601	326.763868553	30.1704035874	2180.68668285	4	0	0					
8	5	1	0	2143	9.48110125992	0.296313579095	0.00271783807264	0.00031138702431	1216.01576279	697	0.131561370099	349.242095204	32.0674318508	2333.72741741	4	0	0					
8	6	1	0	2183	121.4612918	5.77874484654	0.0358584456819	0.00641602325502	1713.68357354	13768	0.136055489986	442.579626157	21.146717025	3015.73104081	4	0	0					
8	7	1	0	2242	54.0811775201	2.2448706512	0.0135309076614	0.00256865570227	1429.32979255	5625	0.123345339531	319.797820519	24.2016	2396.96572677	4	0	0					
8	8	1	0	2407	11.3672621521	0.441213128376	0.00326616509403	0.000487098706668	1167.91779306	1175	0.123957364949	293.945555367	25.7353191489	2049.66836816	4	0	0					
8	9	1	0	2252	9.8663410302	0.319715808171	0.00339622716245	0.000327926648054	1208.78818629	790	0.137166838019	401.515942474	31.2848101266	2475.16811232	4	0	0					
8	10	1	0	2286	8.52099737533	0.307961504812	0.00227241191094	0.000318875787105	1122.82385312	799	0.127938511401	305.374764563	28.1239048811	2065.0337176	4	0	0					
8	11	1	0	2338	7.60906757913	0.270744225834	0.00197254561322	0.000285661272438	1073.83375764	714	0.125848169394	282.544412322	28.7927170868	1928.83645448	4	0	0					
8	12	1	0	2207	108.902582691	4.58495695514	0.0302346292448	0.00528573682967	1618.90852208	11019	0.13041984961	382.275819634	23.872039205	2714.85659612	4	0	0					
8	13	1	0	2316	19.3316062176	0.693868739206	0.005273838672	0.000769759180458	1112.70298034	1742	0.121476140349	275.265497269	28.2594718714	1993.76781992	4	0	0					
8	14	1	0	2203	9.50930549251	0.3735814798	0.00251158180326	0.00037784413223	1191.77236723	905	0.12667409258	303.904320867	26.0552486188	2122.36850965	4	0	0					
8	15	1	0	2299	8.34667246629	0.270117442366	0.00239933946101	0.000280819658159	1184.12389	698	0.131129462915	332.216652447	31.0415472779	2167.76576719	4	0	0					
8	16	1	0	2446	7.25960752249	0.230989370401	0.0025680586408	0.000253564843652	1161.98968056	617	0.136394985156	392.20832923	31.3776337115	2474.0621948	4	0	0					
8	17	1	0	2235	8.4711409396	0.255033557047	0.00295644545787	0.000267222328297	1209.6491151	616	0.142201410219	407.584181493	33.6347402597	2418.02888237	4	0	0					
8	18	1	0	2090	100.58277512	3.84354066986	0.0266019737769	0.00445910969677	1450.67074463	8717	0.126882351427	320.735467677	26.3345187565	2347.86447079	4	0	0					
8	19	1	0	2316	13.0906735751	0.451208981002	0.00390058103718	0.00048980327149	1031.1933337	1154	0.128821120278	284.309731273	29.1473136915	1853.84195757	4	0	0					
8	20	1	0	2221	13.3881134624	0.487167942368	0.00507286828728	0.00051147075506	1121.39420475	1167	0.134458408764	442.962458295	27.942587832	2617.12954535	4	0	0					
8	21	1	0	2254	10.3251996451	0.350931677019	0.00297580935233	0.000367983567262	967.617541977	873	0.129445046261	269.439571887	29.461626575	1798.33655004	4	0	0					
8	22	1	0	2371	12.643610291	0.419232391396	0.00387783832237	0.00044023601534	912.055979702	1124	0.13082930219	262.511061859	30.4172597865	1670.45309019	4	0	0					
8	23	1	0	2122	10.55466541	0.359095193214	0.00352908356704	0.000368395132455	1001.7751315	848	0.135319842318	336.924156106	29.4481132075	2052.65866052	4	0	0					
8	24	1	0	2187	10.7064471879	0.362139917695	0.00322602752871	0.00037018242433	930.423011003	863	0.130831484086	259.331154525	29.6245654693	1692.3405815	4	0	0					
9	1	1	0	2097	10.1716738197	0.318073438245	0.00344216724628	0.000351608487555	953.824719853	735	0.12963571838	300.628824959	32.5455782313	2025.804972	4	0	0					
9	2	1	0	1969	96.6917216861	3.96394108685	0.0247854099851	0.00440168496734	2076.51357771	8630	0.129780871937	388.517619574	24.4011587486	2779.07830618	4	0	0					
9	3	1	0	2190	13.7625570776	0.517808219178	0.00374679470896	0.000549920284335	948.834290346	1245	0.122221543788	240.170472856	26.8738955823	1698.60586705	4	0	0					
9	4	1	0	2329	11.5169600687	0.415629025333	0.00338257803574	0.000459217254134	944.416849858	1080	0.13033143127	258.903174656	27.9787037037	1691.58829428	4	0	0					
9	5	1	0	2298	9.04482158399	0.329416884247	0.00276342889616	0.000344950611326	1023.21702796	834	0.130065099311	284.74939963	27.5191846523	1881.30121449	4	0	0					
9	6	1	0	2420	8.59545454545	0.353305785124	0.0022126624897	0.000372142184194	1003.06826769	957	0.123418928496	244.071933644	24.6206896552	1726.04624547	4	0	0					
9	7	1	0	2227	9.63268971711	0.366861248316	0.00289785880224	0.000376762448593	972.96042872	897	0.130062673086	285.688892108	26.3054626533	1889.13442507	4	0	0					
9	8	1	0	2063	134.621425109	7.39893359186	0.0466628909824	0.00862296626643	2361.88064133	16758	0.145065273271	650.868822146	18.2715717866	4192.88293691	4	0	0					
9	9	1	0	2143	25.3107792814	1.12272515166	0.00591701940311	0.00120557913265	1030.50686917	2662	0.119369003645	228.654579359	22.8519909842	1741.48915845	4	0	0					
9	10	1	0	2161	12.363257751	0.481258676539	0.00324564238809	0.000503844752674	1003.1127892	1136	0.123344326152	250.113769145	25.8943661972	1762.2145491	4	0	0					
9	11	1	0	2266	8.15445719329	0.251985878199	0.00247065381982	0.000275901013758	1024.6608845	632	0.132643144038	311.298807138	33.1028481013	2041.56792016	4	0	0					
9	12	1	0	2277	6.31005709267	0.230566534914	0.0018178118863	0.000243322608202	1129.41134443	575	0.124401463722	285.277937118	28.1669565217	1934.44276273	4	0	0					
9	13	1	0	2287	7.68954962833	0.288587669436	0.00209203926414	0.000313003561678	1022.57112383	722	0.127437213627	264.513021589	26.972299169	1831.59625356	4	0	0					
9	14	1	0	2188	81.2244058501	3.44926873857	0.0230834514391	0.00393424529935	1784.30532966	8246	0.13468804386	406.225022008	23.8840650012	2764.15161339	4	0	0					
9	15	1	0	2275	9.9178021978	0.375384615385	0.00277748359576	0.000402343731251	1019.56864361	959	0.119633693082	261.391927323	26.8175182482	1883.32877284	4	0	0					
9	16	1	0	2230	8.21121076233	0.282062780269	0.0022761465256	0.000295541773085	1039.69731186	690	0.127934039229	274.49773449	29.4304347826	1850.49948758	4	0	0					
9	17	1	0	2403	9.07698709946	0.300457761132	0.0027335134618	0.000331897861966	1004.15289938	780	0.128809035603	281.564217268	30.6346153846	1866.83165387	4	0	0					
9	18	1	0	2179	8.24231298761	0.289582377237	0.00254953401935	0.000301450491742	1111.14225826	698	0.131248579203	333.137684025	28.717765043	2173.94180985	4	0	0					
9	19	1	0	2190	8.63287671233	0.32100456621	0.00228961006825	0.000332172262136	1003.97942414	790	0.121920143606	237.890651482	27.0227848101	1689.58691917	4	0	0					
9	20	1	0	2064	52.5256782946	2.07558139535	0.0139729621986	0.0024808174834	1220.44597511	4688	0.124876434866	279.905662665	25.559940273	2073.1521969	4	0	0					
9	21	1	0	2153	60.0185787274	2.45424988388	0.015927117823	0.00286243950893	1169.10371218	5693	0.126485818907	263.650963492	24.6773230283	1894.08104979	4	0	0					
9	22	1	0	2028	28.2573964497	1.07790927022	0.00661698304371	0.0011969438683	944.690427503	2415	0.122172210401	214.752979302	26.233126294	1597.37206425	4	0	0					
9	23	1	0	2104	10.8659695817	0.413498098859	0.00344463877702	0.000443180543633	923.279529011	970	0.128636795738	258.951848475	26.8412371134	1702.72359072	4	0	0					
9	24	1	0	2058	11.0111758989	0.396501457726	0.0028738302138	0.000414105573008	893.633725673	926	0.125230737725	219.935003485	27.590712743	1533.04412949	4	0	0					
10	1	1	0	2334	10.1936589546	0.350471293916	0.00341124659303	0.000377453810216	980.333345884	907	0.127651419452	277.240226961	29.0187431092	1846.2985287	4	0	0					
10	2	1	0	2304	9.42230902778	0.3203125	0.00279452193493	0.000339607699966	916.696627348	814	0.124475572915	244.101446039	29.1425061425	1682.62932199	4	0	0					
10	3	1	0	2242	178.750223015	6.50758251561	0.0726347937793	0.00775804896157	2823.19032427	16032	0.150568811264	847.423861	27.6314870259	5113.90037288	4	0	0					
10	4	1	0	2264	101.613074205	4.02340989399	0.036601012825	0.0044937804971	1714.90890634	10068	0.144852990151	652.601729594	25.3537941994	3775.18210491	4	0	0					
10	5	1	0	2378	27.9226240538	1.11858704794	0.00878205992862	0.00124194453475	1289.84402179	2902	0.138419140879	445.791585748	25.0503101309	2690.94745327	4	0	0					
10	6	1	0	2413	11.11893908	0.44094488189	0.00307000939183	0.000498726567905	1074.54969573	1181	0.123028483471	261.634278737	25.632514818	1863.0514263	4	0	0					
10	7	1	0	2407	10.5774823432	0.393020357291	0.00297752212297	0.000429764061846	1031.56550952	1050	0.125096501624	263.193985632	27.3285714286	1803.26025737	4	0	0					
10	8	1	0	2273	10.3884733832	0.486581610207	0.00283075518838	0.000533802576662	1095.7924125	1236	0.121706898528	253.75633123	21.6739482201	1838.40808526	4	0	0					
10	9	1	0	2096	147.426049618	7.25190839695	0.0514725964862	0.00853068843511	2179.36197494	16770	0.142631138932	596.697128196	20.5107930829	3902.72916105	4	0	0					
10	10	1	0	2396	61.5317195326	2.45409015025	0.0151281109023	0.00283113449818	1262.55147769	6414	0.120732203971	271.945675009	25.331150608	2087.59681992	4	0	0					
10	11	1	0	2388	9.1013400335	0.342127303183	0.00265564035916	0.000389350997959	1116.94166487	907	0.12352811601	295.682610402	26.6262403528	2081.9981924	4	0	0					
10	12	1	0	2346	7.01449275362	0.252344416027	0.00221836910837	0.000269338680694	1202.572834	657	0.131175810578	354.412165235	28.1339421613	2233.78849215	4	0	0					
10	13	1	0	2287	9.60559685177	0.373852208133	0.00287258855702	0.000398759411542	1103.83907861	939	0.128235757999	295.123491764	25.8242811502	1983.33467533	4	0	0					
10	14	1	0	2297	8.17326948193	0.303439268611	0.00267755186297	0.000334980990474	1031.10342003	768	0.12458975933	274.630341128	27.3046875	1903.98096211	4	0	0					
10	15	1	0	2242	9.44335414808	0.314005352364	0.00297149024545	0.00032719531625	1075.74143131	785	0.128389377053	336.671103968	30.647133758	2170.23441546	4	0	0					
10	16	1	0	2252	7.67007104796	0.261989342806	0.00191544339055	0.000265448802648	1035.88967895	664	0.126010526961	273.752773771	29.8373493976	1906.91948688	4	0	0					
10	17	1	0	2109	11.5263157895	0.400663821716	0.00333675231267	0.000416896527859	1026.42176911	938	0.129574451237	300.919870739	28.9360341151	1951.52245873	4	0	0					
10	18	1	0	1635	76.904587156	2.99816513761	0.0200961308699	0.00333838701216	1347.73327085	5265	0.127784554522	310.588752318	25.7610636277	2242.67073753	4	0	0					
10	19	1	0	1959	40.9157733538	1.5033180194	0.00959891835966	0.00162222647582	1106.28887779	3196	0.118870758351	226.882744753	27.4558823529	1738.69769944	4	0	0					
10	20	1	0	2070	13.1502415459	0.467632850242	0.00349620766023	0.000479484565729	902.582608523	1068	0.126582409012	231.960339181	28.3230337079	1561.80861771	4	0	0					
10	21	1	0	2090	110.792344498	4.41626794258	0.0327893714198	0.00514514872071	1552.41834137	9994	0.133434291853	401.916960404	25.2208324995	2718.94184406	4	0	0					
10	22	1	0	2091	40.0521281683	1.50693448111	0.00915949375505	0.00162913472088	1041.31449288	3469	0.120663286159	222.525811363	26.7339290862	1693.83894376	4	0	0					
10	23	1	0	2178	12.6905417815	0.450872359963	0.00337371376778	0.000485091545654	846.044771669	1081	0.125110554569	217.30584826	28.5504162812	1480.49623007	4	0	0					
10	24	1	0	2012	9.8921471173	0.32902584493	0.00258761923253	0.000326070577318	873.148740953	740	0.123425386332	220.848841424	30.327027027	1555.96678794	4	0	0					
11	1	1	0	1902	9.55993690852	0.312828601472	0.00283983592547	0.000336517091249	892.058011011	668	0.127020731308	235.053359615	30.9745508982	1621.69872561	4	0	0					
11	2	1	0	2023	10.3727137914	0.357390014829	0.00259051023694	0.000360893034494	920.176701678	789	0.125655882363	240.731291319	29.3460076046	1673.948467	4	0	0					
11	3	1	0	2238	7.94950848972	0.266309204647	0.0022906686716	0.00028144447727	921.873213514	658	0.129512930688	247.988370635	29.8404255319	1647.17818524	4	0	0					
11	4	1	0	2103	115.946267237	4.7798383262	0.0496932161143	0.00627070207402	4293.12243304	11020	0.157916731325	1098.19198251	24.4247731397	6333.97868353	4	0	0					
11	5	1	0	2232	118.308691756	5.4332437276	0.0457677291482	0.00686750613528	1814.18870516	13425	0.149971577881	581.271957203	21.8445437616	3487.67767876	4	0	0					
11	6	1	0	2174	49.150873965	2.16651333947	0.012990109289	0.00251563491149	1199.56684671	5193	0.126601320488	297.1033034	22.7252070094	2124.94581882	4	0	0					
11	7	1	0	2275	12.6742857143	0.523956043956	0.00327076306165	0.000561449965446	1062.90095937	1321	0.123233654008	253.894515579	24.2914458743	1831.3221172	4	0	0					
11	8	1	0	2079	14.5286195286	0.49062049062	0.00397825998455	0.000532591218827	1029.05285442	1152	0.126284375485	280.854305842	29.8828125	1918.79327736	4	0	0					
11	9	1	0	2176	9.07123161765	0.290441176471	0.00269870265941	0.00029547259057	1040.84692845	682	0.135205980616	345.734975946	31.4970674487	2096.37917257	4	0	0					
11	10	1	0	1805	140.471468144	5.43933518006	0.0506857350599	0.00710438091656	1853.17461357	10677	0.140950992185	496.354350088	26.0233211576	3239.48344401	4	0	0					
11	11	1	0	2316	33.9607081174	1.31347150259	0.00831105082232	0.00150235548101	1155.7253091	3313	0.118949892118	245.780425039	26.0633866586	1886.05407267	4	0	0					
11	12	1	0	2391	18.2630698453	0.569636135508	0.00554873626443	0.000683315388074	1451.14623051	1463	0.126496865297	488.769966527	32.0950102529	3233.22830801	4	0	0					
11	13	1	0	2249	9.92485549133	0.333036905291	0.0028347075168	0.000355285180644	1074.71764972	821	0.127892369155	306.791437657	30.3434835566	1986.85207528	4	0	0					
11	14	1	0	2102	8.42388201713	0.285442435775	0.00211192651894	0.000290966663932	994.148740243	669	0.127237552011	255.406410549	30.1524663677	1779.51594893	4	0	0					
11	15	1	0	2243	7.64467231387	0.26660722247	0.00252836344491	0.000292370874487	1068.26902685	663	0.131265691586	330.74200508	28.826546003	2112.61098866	4	0	0					
11	16	1	0	2187	88.3438500229	3.43850022862	0.024695005274	0.00410553936508	1393.86306792	8264	0.130598459842	334.968487488	25.9546224589	2339.76601737	4	0	0					
11	17	1	0	2018	35.2205153617	1.34390485629	0.00816270795221	0.00146849663362	1152.73953742	2966	0.121092734137	245.359112423	26.4059339177	1853.85830843	4	0	0					
11	18	1	0	2117	10.7000472367	0.335380255078	0.00361680346136	0.000378422684457	1033.08135468	778	0.128213111865	333.097090067	31.9151670951	2124.2216617	4	0	0					
11	19	1	0	2137	9.10669162377	0.322414599906	0.00290240266327	0.000351675898184	948.644387775	748	0.128285093609	259.719607503	28.7393048128	1716.00372054	4	0	0					
11	20	1	0	2167	8.2385786802	0.285186894324	0.002792215489	0.000300179814014	986.868366571	695	0.133562541495	301.301899457	29.7395683453	1907.79786463	4	0	0					
11	21	1	0	2180	10.5665137615	0.349541284404	0.00272678254685	0.000361816505949	901.757453663	835	0.124986638174	241.819713061	30.4538922156	1594.1009402	4	0	0					
11	22	1	0	2187	53.3712848651	2.18427069044	0.0142423890179	0.00246885294199	1085.14914523	5277	0.129991987529	267.05270125	24.5201819215	1874.39032475	4	0	0					
11	23	1	0	2210	9.39230769231	0.337556561086	0.00261808419634	0.000359931884908	894.011384129	818	0.124532880568	240.290989756	27.9792176039	1631.64679839	4	0	0					
11	24	1	0	1951	49.475653511	2.09533572527	0.0119440760117	0.00227114536878	1032.70877952	4513	0.124468945413	226.692752235	23.698205185	1670.26005168	4	0	0					
12	1	1	0	2036	127.64194499	3.90422396857	0.0403562926396	0.00463540593813	2017.18654031	8782	0.140125919536	544.784822927	32.8651787748	3567.85203573	4	0	0					
12	2	1	0	2294	9.2877070619	0.346120313862	0.00265201075045	0.000358619824264	935.445657223	865	0.130091394923	261.034813511	26.7815028902	1742.67281432	4	0	0					
12	3	1	0	2341	10.6779154208	0.348996155489	0.00297896642115	0.000383479556464	975.549059672	923	0.123711071687	261.295718744	30.406283857	1799.14779669	4	0	0					
12	4	1	0	2329	8.91884929154	0.337054529841	0.00288708248787	0.000367319514183	965.833900079	885	0.13064939313	291.951767389	26.3175141243	1871.25828881	4	0	0					
12	5	1	0	2319	9.72315653299	0.364381198793	0.00294268207083	0.000401162116194	961.212041571	948	0.128869390991	280.51319122	26.8734177215	1842.94006797	4	0	0					
12	6	1	0	2319	9.83009918068	0.340232858991	0.00275087390304	0.000365277605672	967.747670923	874	0.124955194728	239.499572692	28.4221967963	1686.56391751	4	0	0					
12	7	1	0	2379	46.8095838588	2.14207650273	0.0120526663959	0.00247657576662	1358.34328612	5613	0.12376265776	311.189199755	21.9875289507	2339.44938692	4	0	0					
12	8	1	0	2188	27.1183729433	1.07221206581	0.0065745967654	0.00115475852929	1138.45180038	2667	0.121202789337	266.695123029	25.2992125984	1988.000846	4	0	0					
12	9	1	0	2136	9.94943820225	0.349719101124	0.0029825966241	0.000372767550487	1056.75154157	842	0.130228450302	291.746033768	28.445368171	1916.16419902	4	0	0					
12	10	1	0	2274	10.9129287599	0.415567282322	0.00311663806572	0.000430141217596	1088.88394211	1050	0.129933326371	284.380826107	26.539047619	1916.75370919	4	0	0					
12	11	1	0	2200	8.81136363636	0.343636363636	0.00247703281135	0.000377519210544	1031.139014	849	0.124792424868	256.135029887	25.6348645465	1776.91590946	4	0	0					
12	12	1	0	2154	10.7056638812	0.371866295265	0.00302400152657	0.000379843701699	1000.22885831	894	0.131438660526	309.9274354	28.8747203579	2005.47822471	4	0	0					
12	13	1	0	2146	8.13560111836	0.24697110904	0.00272046773149	0.000256894321927	1119.03060895	583	0.136422195725	361.590653271	33.1355060034	2246.54775781	4	0	0					
12	14	1	0	2160	9.08148148148	0.291666666667	0.00274056791264	0.000303653641396	1095.07630335	706	0.130429101254	343.756019308	31.5339943343	2217.40979453	4	0	0					
12	15	1	0	2206	9.65140525839	0.314143245694	0.00271142349786	0.000327805039629	989.997456818	748	0.128000532685	267.575177604	30.7927807487	1785.99166345	4	0	0					
12	16	1	0	1842	90.7003257329	3.31433224756	0.023520660409	0.0037085381231	1644.10376948	6686	0.128033507574	390.587922562	27.6494166916	2813.39683162	4	0	0					
12	17	1	0	2016	23.3422619048	0.791666666667	0.0054978149655	0.000823203181137	1035.65444283	1774	0.121816420694	245.162812297	29.8190529876	1781.26114043	4	0	0					
12	18	1	0	2255	15.888248337	0.526385809313	0.00573977080469	0.000620908662591	1249.56420067	1289	0.133583022396	387.254633201	30.0333591932	2465.94602066	4	0	0					
12	19	1	0	1747	151.719519176	5.08242701774	0.0448603115523	0.0058800485276	1737.89595939	9709	0.134851658268	409.663861555	29.9538572459	2897.29960564	4	0	0					
12	20	1	0	2225	101.303370787	4.51505617978	0.0349290342845	0.00510050378883	1506.72729543	11086	0.142746638509	499.698950299	22.5960671117	3001.64573923	4	0	0					
12	21	1	0	2088	28.6230842912	1.03304597701	0.00635314140442	0.00106612715918	1027.39611275	2437	0.121079301705	237.861097742	27.7935986869	1752.06252904	4	0	0					
12	22	1	0	2161	11.8833873207	0.420638593244	0.00320448128853	0.000426758188196	926.004798023	1015	0.128841518937	250.333189501	28.5990147783	1676.25448829	4	0	0					
12	23	1	0	2565	11.946588694	0.319688109162	0.00313706453753	0.000323359315043	1141.36331023	947	0.129604623201	324.306996045	38.3326293559	2166.90909597	4	0	0					
12	24	1	0	1938	137.114551084	5.51135190918	0.0439017780721	0.00647744519597	1734.33224447	11605	0.140457106061	451.698643767	25.2478242137	2949.21302769	4	0	0					
13	1	1	0	1929	165.133229653	5.55728356661	0.0640195083707	0.00725624960966	2245.9378368	11585	0.149313815278	634.563539995	29.8726801899	3938.49137581	4	0	0					
13	2	1	0	2002	10.4395604396	0.359140859141	0.00287793726584	0.00033736799032	1094.47872288	801	0.137482542507	324.903478467	29.5218476904	2050.23934345	4	0	0					
13	3	1	0	2377	13.8392932268	0.413546487169	0.00479344998002	0.000520469609426	1139.77031727	1048	0.134280733005	437.767825077	33.5200381679	2655.83472832	4	0	0					
13	4	1	0	2052	96.3455165692	4.15740740741	0.0276151107815	0.00496487047234	1410.12375029	9260	0.131979592595	337.388261182	23.2244060475	2376.52898951	4	0	0					
13	5	1	0	2166	15.7322253001	0.576177285319	0.00384914376202	0.000633795961796	1018.43866809	1363	0.1181893841	236.36667181	27.2171680117	1778.73702613	4	0	0					
13	6	1	0	2175	12.2928735632	0.565977011494	0.00337049120989	0.000629497870467	984.648706462	1365	0.124653652315	245.694901399	21.978021978	1715.81545323	4	0	0					
13	7	1	0	2343	14.5300896287	0.57490396927	0.00367202570406	0.000613126958232	1096.91463647	1462	0.121148965039	263.880055091	25.5800273598	1896.03271445	4	0	0					
13	8	1	0	1959	8.71873404798	0.337927514038	0.00256371602741	0.000357322926654	969.154757131	729	0.128638227252	281.054515036	25.7777777778	1876.23633089	4	0	0					
13	9	1	0	2010	9.76467661692	0.335323383085	0.00285925573771	0.000351583803104	992.321549461	745	0.128413584971	274.147071924	29.3946308725	1849.64721796	4	0	0					
13	10	1	0	1872	52.6955128205	1.96474358974	0.0128499682248	0.00223324717054	2012.98419381	4096	0.122986410203	351.862157179	26.8972167969	2593.8759341	4	0	0					
13	11	1	0	2323	20.101592768	0.781747739991	0.00480911939445	0.000830922290198	1101.23408432	2001	0.119532986315	243.7236559	25.8475762119	1818.71934884	4	0	0					
13	12	1	0	2334	9.54155955441	0.322622107969	0.00288988378787	0.000343470045352	1066.74403257	815	0.133938035168	307.18591302	29.5938650307	1981.39705121	4	0	0					
13	13	1	0	2529	7.34084618426	0.247133254251	0.00259164348533	0.000279649525681	1072.45791566	687	0.133220480082	328.301230372	29.8034934498	2088.45335573	4	0	0					
13	14	1	0	2581	7.28361100349	0.238667183262	0.00236547883855	0.000267645417793	1027.4375824	687	0.132289595427	326.019036905	30.7918486172	2108.92915009	4	0	0					
13	15	1	0	2420	7.85247933884	0.228512396694	0.00269836139268	0.000246801161737	1165.39603111	612	0.140055252409	469.642211295	34.4934640523	2826.44098333	4	0	0					
13	16	1	0	1977	166.923115832	6.11380880121	0.0810885753481	0.00805091915113	2809.92624776	13133	0.156882720066	935.857120628	27.444605193	5436.26937797	4	0	0					
13	17	1	0	1997	145.47120681	6.16374561843	0.0637048101202	0.00734392161677	2228.27561333	13521	0.153494178435	810.441411028	23.817247245	4633.73641983	4	0	0					
13	18	1	0	2227	12.7427031881	0.438706780422	0.00343405214446	0.000477862900436	1061.1065298	1044	0.124914921152	279.37696079	29.5584291188	1900.48875043	4	0	0					
13	19	1	0	2224	11.7122302158	0.45368705036	0.00359986372843	0.000465229695718	1002.63011556	1090	0.131710994026	291.909823584	26.0403669725	1871.43726855	4	0	0					
13	20	1	0	2142	9.40429505135	0.311391223156	0.00272448006778	0.000310800470109	1068.62817902	732	0.131703243873	297.018804469	30.0464480874	1925.2936084	4	0	0					
13	21	1	0	2232	11.251344086	0.39247311828	0.00307738823031	0.000414188836067	931.26778717	953	0.126439822484	245.533938723	29.1615949633	1643.00048148	4	0	0					
13	22	1	0	2026	178.13721619	6.99259624877	0.0894371285864	0.0090941128691	3755.92416453	15276	0.161189549606	1214.6731501	25.7424718513	7046.13425127	4	0	0					
13	23	1	0	2019	115.988112927	4.24170381377	0.0354531882782	0.00483863576983	1551.64447308	9516	0.134092905391	395.322185369	27.5508617066	2725.83911168	4	0	0					
13	24	1	0	2189	142.828232069	5.62311557789	0.0493677565944	0.00678517270638	2012.25920325	13278	0.145048459933	553.418754609	25.6446754029	3484.71749858	4	0	0					
14	1	1	0	2154	30.9990714949	0.987000928505	0.00690069362504	0.0010433920956	1051.09371004	2365	0.119285390673	240.675219493	31.7501057082	1854.1590603	4	0	0					
14	2	1	0	1917	162.485654669	6.50808555034	0.0637773327689	0.00832039038816	2324.36115787	13734	0.150313013595	669.576494509	25.0701179554	4109.87855139	4	0	0					
14	3	1	0	2231	10.1873599283	0.319139399372	0.00290063596992	0.000344979759785	981.05924938	808	0.12308192966	281.762436855	31.4467821782	1968.68368367	4	0	0					
14	4	1	0	2366	10.1728655959	0.413355874894	0.00275197419213	0.000455321010594	945.795640531	1066	0.1199742844	230.199999928	24.9005628518	1668.0014159	4	0	0					
14	5	1	0	2331	9.52981552982	0.323466323466	0.00257520302531	0.000355575412811	985.313555736	842	0.126019256092	261.395418246	29.4940617577	1789.75000218	4	0	0					
14	6	1	0	2001	73.8130934533	3.14392803598	0.0189789283388	0.00350742067142	1285.29572172	6925	0.127918828459	308.022171233	23.5347292419	2206.23973248	4	0	0					
14	7	1	0	2090	24.9488038278	1.0980861244	0.00572634963052	0.00113880573828	1058.3248666	2496	0.120997199568	242.667939771	22.8465544872	1791.51745951	4	0	0					
14	8	1	0	2029	13.1256776737	0.413997042878	0.00317396537504	0.000419184020905	994.011823723	924	0.125286190959	247.655514028	31.9166666667	1742.80497543	4	0	0					
14	9	1	0	1990	10.4366834171	0.362814070352	0.00289895205539	0.000375473140691	967.968578279	808	0.125642867047	247.216047074	28.75	1703.78108734	4	0	0					
14	10	1	0	2136	7.73314606742	0.257490636704	0.00289604637761	0.000294898915389	977.169807909	627	0.137039892296	337.271258626	29.7751196172	2073.59679774	4	0	0					
14	11	1	0	2262	8.66047745358	0.304597701149	0.0027698269472	0.00034291858618	983.406503099	759	0.130346512634	317.903994674	28.7944664032	1972.51433289	4	0	0					
14	12	1	0	1878	73.0867944622	2.44036208733	0.0172505564042	0.0026633800405	1320.17359123	4959	0.123159488566	297.177412935	30.110707804	2215.46203196	4	0	0					
14	13	1	0	2207	14.6379700952	0.560942455822	0.00381419226032	0.00060055384647	996.712629169	1344	0.122510667604	241.619953724	26.3258928571	1700.20108154	4	0	0					
14	14	1	0	1976	11.8021255061	0.369939271255	0.00343472665289	0.000393438780004	986.785425039	819	0.129292608725	299.059438264	32.1660561661	1952.47837545	4	0	0					
14	15	1	0	2167	10.5486848177	0.360867558837	0.00297200129601	0.000359285589671	1008.75950453	874	0.129493598186	275.407658149	29.6292906178	1804.66794232	4	0	0					
14	16	1	0	2226	11.4213836478	0.412848158131	0.00329796695603	0.000421774838324	1042.77409081	1021	0.128644088304	282.905521603	27.9960822723	1864.61290911	4	0	0					
14	17	1	0	2302	8.7067767159	0.293657688966	0.00298593230708	0.000306288053753	1129.53009682	747	0.135931911181	415.458340708	29.9718875502	2622.15016785	4	0	0					
14	18	1	0	1878	129.724174654	4.797657082	0.0470872579556	0.00546609593343	2305.77440729	9945	0.146071669407	738.65725969	27.2094519859	4546.92025172	4	0	0					
14	19	1	0	2127	19.2905500705	0.680771039022	0.0054549668583	0.000772524128218	1041.2767509	1568	0.126110210606	292.898394984	28.4375	1930.7895868	4	0	0					
14	20	1	0	2102	12.2721217888	0.423406279734	0.00315077428507	0.000478838049485	962.53370808	995	0.119065719576	222.565121727	28.9557788945	1601.81580473	4	0	0					
14	21	1	0	2285	9.99343544858	0.341794310722	0.00311891633867	0.000357691024788	932.463016476	856	0.129002851179	261.665155917	29.2523364486	1727.10357108	4	0	0					
14	22	1	0	2209	10.358533273	0.36939791761	0.00279410749007	0.000380842189058	926.59017181	897	0.125718731584	237.577909332	28.2140468227	1632.83271005	4	0	0					
14	23	1	0	1954	167.64073695	6.62180143296	0.0652380658395	0.00822027217427	2014.09458783	13959	0.150306031601	564.937012964	25.571530912	3461.05659915	4	0	0					
14	24	1	0	2046	10.605083089	0.345552297165	0.00271382111544	0.000366538762484	868.549772851	812	0.122664488912	209.232269285	31.3608374384	1454.10737408	4	0	0					
15	1	1	0	1802	11.884572697	0.355160932297	0.00344622736069	0.00034841260702	972.709627252	687	0.138404008021	313.333746699	33.7321688501	1928.00086484	4	0	0					
15	2	1	0	1796	124.727728285	4.56291759465	0.0396323153616	0.00551670117727	1969.99311201	9010	0.140831488725	492.561114539	27.3476137625	3200.6951698	4	0	0					
15	3	1	0	1896	85.1424050633	2.87869198312	0.023564192058	0.00345355482222	1323.58098595	5911	0.128712148745	325.434610252	29.5811199459	2324.83149752	4	0	0					
15	4	1	0	2029	16.092656481	0.545588960079	0.0044722680511	0.000608631587519	992.552467929	1211	0.12374579196	236.224903647	29.7093311313	1693.80413037	4	0	0					
15	5	1	0	2132	11.030956848	0.377110694184	0.00337300665615	0.000410560231977	958.087623637	895	0.131454677668	279.812651612	29.6335195531	1812.57603082	4	0	0					
15	6	1	0	2196	10.5150273224	0.443989071038	0.00368239402007	0.000481672561714	1079.09693916	1101	0.134259876054	318.521062871	23.5376930064	2009.40764256	4	0	0					
15	7	1	0	2081	9.14175876982	0.352234502643	0.00291938911353	0.000361269217469	1065.36573307	823	0.133113313373	347.789481627	26.2417982989	2212.4886369	4	0	0					
15	8	1	0	1832	11.1599344978	0.373908296943	0.00338864877564	0.000401557206599	992.356659325	787	0.131527173386	285.249590642	30.1194409149	1847.65719196	4	0	0					
15	9	1	0	1570	179.711464968	7.54012738854	0.069605462439	0.0089506801423	2440.55272914	13101	0.151162293619	710.559617821	23.852225021	4424.30541892	4	0	0					
15	10	1	0	1890	99.6481481481	3.96825396825	0.0262993957528	0.00455073223427	1444.65784371	8171	0.128163279753	336.478316706	25.1078203402	2455.30514472	4	0	0					
15	11	1	0	2281	24.9741341517	0.836913634371	0.00585701353672	0.000922883738019	1043.71283282	2155	0.119223163095	227.509422191	29.8770301624	1724.34795245	4	0	0					
15	12	1	0	2263	10.8537339814	0.376049491825	0.0032492735727	0.000392385974671	1033.24528861	935	0.128863193423	301.033882424	28.6780748663	1981.51787955	4	0	0					
15	13	1	0	2272	12.3600352113	0.426056338028	0.00401488990756	0.000505662958745	1095.80682776	1072	0.134105745995	392.383175304	29.203358209	2558.09918261	4	0	0					
15	14	1	0	2215	11.2171557562	0.364334085779	0.00305462823487	0.00038756105701	951.430787716	890	0.129431183357	252.946275325	31.0112359551	1685.20106154	4	0	0					
15	15	1	0	1977	146.360141629	5.30349013657	0.0504970262477	0.00623208281277	1906.76292021	11311	0.14088889903	538.50755651	27.755901335	3517.03627207	4	0	0					
15	16	1	0	1952	74.8980532787	2.65573770492	0.0187416922488	0.00288080919191	1336.80203525	5657	0.125417780618	314.462939182	28.4781686406	2305.9503872	4	0	0					
15	17	1	0	1926	18.5005192108	0.627206645898	0.00504877587045	0.000666229328811	995.14981443	1307	0.124601439186	260.570370459	29.7895944912	1759.2666708	4	0	0					
15	18	1	0	2078	8.38979788258	0.284889316651	0.00234259599414	0.000300790918567	970.036500281	670	0.133028875322	289.947724843	30.2104477612	1804.3022777	4	0	0					
15	19	1	0	2220	9.5545045045	0.320720720721	0.00273853484495	0.000342570000423	1096.75785743	795	0.129137658621	284.933459904	31.3044025157	1877.28235002	4	0	0					
15	20	1	0	2172	9.37430939227	0.296040515654	0.00267032217801	0.000323236635865	940.623622248	725	0.126866466702	252.030195301	31.8068965517	1713.62178867	4	0	0					
15	21	1	0	2155	85.524361949	3.10487238979	0.024902691094	0.00368462409243	2028.82836154	7356	0.134049977069	451.160694767	27.9889885808	3088.35358588	4	0	0					
15	22	1	0	1991	27.7935710698	0.998995479658	0.00647906871445	0.00110440410822	1215.47506632	2233	0.120258568746	258.205769601	28.0573219884	1961.97517103	4	0	0					
15	23	1	0	2110	86.2123222749	3.40236966825	0.0219726044842	0.00387620862431	1415.96682911	7979	0.127925108845	318.574322011	25.3929063792	2300.04439163	4	0	0					
15	24	1	0	2076	10.7851637765	0.315028901734	0.00244019212288	0.000312709820822	890.330393199	718	0.124176116658	218.052304696	34.0793871866	1553.25389254	4	0	0					
16	1	1	0	2202	9.89691189827	0.276112624886	0.00330875295375	0.000270643900193	1059.35243809	678	0.142017878438	363.495546915	36.1725663717	2124.57768949	4	0	0					
16	2	1	0	1816	14.1294052863	0.449339207048	0.00420819655292	0.000445577217295	1090.59667056	916	0.134289860547	342.200434022	31.5447598253	2159.23199481	4	0	0					
16	3	1	0	2154	10.7395543175	0.35747446611	0.00308921616111	0.000359487380798	1032.99215194	845	0.130512088347	284.170865004	29.8627218935	1871.2374722	4	0	0					
16	4	1	0	2147	8.99953423381	0.274336283186	0.00305209634702	0.000302352223032	965.052209445	660	0.132655071586	301.600261005	32.6	1876.54719454	4	0	0					
16	5	1	0	2238	10.7158176944	0.350759606792	0.00326182600626	0.000376942711865	973.883561802	871	0.129579807464	273.146997762	30.6578645235	1838.10681711	4	0	0					
16	6	1	0	2090	98.2454545455	4.90622009569	0.0245264855608	0.00535274822496	1349.09126003	11266	0.128133111691	309.855138237	20.1541807208	2244.77133268	4	0	0					
16	7	1	0	1952	28.25	1.18596311475	0.00721946432835	0.00129683946124	1217.11329863	2502	0.123289122471	299.436998332	23.9740207834	2116.9529726	4	0	0					
16	8	1	0	2037	20.8969072165	0.6647029946	0.00523550834468	0.000711580634624	1084.85264621	1531	0.120833340477	257.812073397	31.399085565	1871.25526326	4	0	0					
16	9	1	0	2100	13.9080952381	0.43619047619	0.00453273252277	0.000481368478502	1177.68134106	982	0.134021428566	386.637113318	31.8177189409	2461.61713452	4	0	0					
16	10	1	0	2063	11.1003393117	0.348036839554	0.00283389424841	0.000369412577015	982.631971139	801	0.126243347394	252.959545524	31.7303370787	1751.33724099	4	0	0					
16	11	1	0	1897	10.4106483922	0.351080653664	0.00306867591306	0.000351064250841	984.138468429	743	0.128624677207	276.205950779	29.7644683715	1819.64265335	4	0	0					
16	12	1	0	1838	133.971164309	4.80359085963	0.0473156015579	0.0056284514031	2062.99522555	9690	0.142237982592	619.840576183	28.0617131063	3993.57427092	4	0	0					
16	13	1	0	1773	53.3525098703	1.80485053582	0.015751160593	0.00211840733152	1436.46336255	3529	0.128755713245	388.34918926	29.8716350241	2742.93822171	4	0	0					
16	14	1	0	2073	10.1374819103	0.284129281235	0.0029827915097	0.000310947598972	1151.24504202	661	0.132996555075	331.643544515	35.6187594554	2186.6608197	4	0	0					
16	15	1	0	2053	10.0131514856	0.313200194837	0.00278607832659	0.000316742736438	1125.48576986	713	0.135332733614	331.448385899	31.8765778401	2111.37591452	4	0	0					
16	16	1	0	2000	9.0955	0.275	0.00264613032981	0.000278817140819	1103.16372165	615	0.13550471947	345.176961243	33.4585365854	2211.39397522	4	0	0					
16	17	1	0	2119	10.8135913167	0.365738555923	0.00338023648606	0.000379130701241	966.618396349	866	0.131773987145	294.363728915	29.9087759815	1876.02349784	4	0	0					
16	18	1	0	1663	122.590499098	4.42453397474	0.0326233034477	0.00479783224916	1628.37156296	8068	0.13297079668	397.702237085	27.8438274665	2788.55663428	4	0	0					
16	19	1	0	1961	15.9056603774	0.526772055074	0.00412953210195	0.000541252629476	1009.7897045	1157	0.124771154232	257.323817744	30.5289541919	1780.65394452	4	0	0					
16	20	1	0	2018	13.7403369673	0.513379583746	0.00383176909318	0.000513781424521	946.402034984	1136	0.12797003073	264.193483286	27.1496478873	1758.2460279	4	0	0					
16	21	1	0	2086	9.44247363375	0.293863854267	0.00307442087902	0.000298383360555	989.715361139	669	0.132699845454	302.311260965	32.7593423019	1838.17582866	4	0	0					
16	22	1	0	2034	10.8652900688	0.38151425762	0.00321165033856	0.000417096965073	950.419584676	845	0.125780725111	252.043566364	28.4355029586	1712.52705393	4	0	0					
16	23	1	0	2026	10.3810463968	0.316880552813	0.00305577088117	0.000333194796166	954.026147136	703	0.128950542607	257.051435182	33.1977240398	1755.87605864	4	0	0					
16	24	1	0	1922	11.3584807492	0.323100936524	0.00392420242725	0.0003051568987	1044.19236825	670	0.146499335537	412.116352038	35.6910447761	2294.52571253	4	0	0					
