Database Name	Phenix ODA 2
Database Location	http://opera2.dyn.scilifelab.se/ODA/OdaService.asmx
Evaluation Signature	0f3891d9-5080-43a2-9583-1da84dde8a48
Plate Name	P103633
Plate Name	231018_193823-V
Measurement	Measurement 1
Evaluation	Evaluation1

[Data]
Row	Column	Plane	Timepoint	Cell Selected - Number of Objects	Cell Selected - Total Spot Area - Mean per Well	Cell Selected - Number of Spots - Mean per Well	Cell Selected - Relative Spot Intensity - Mean per Well	Cell Selected - Number of Spots per Area of Cytoplasm - Mean per Well	Cell Selected - Intensity Cytoplasm Mean - Mean per Well	Spots Selected - Number of Objects	Spots Selected - Relative Spot  Intensity - Mean per Well	Spots Selected - Corrected Spot  Intensity - Mean per Well	Spots Selected - Spot Area [px²] - Mean per Well	Spots Selected - Intensity Spot Mean - Mean per Well	Number of Analyzed Fields	Height [µm]	Time [s]	Compound	Concentration	Cell Type	Cell Count	
1	1	1	0	2411	12.4890087101	0.336789713812	0.00466639006807	0.000416259724421	1117.69314928	872	0.13665680618	382.531148214	36.7052752294	2396.03792409	4	0	0					
1	2	1	0	2031	64.8970950271	2.69620876416	0.016985610312	0.00296957055091	1143.77901315	6087	0.129572628496	295.068318545	24.342040414	2085.72201995	4	0	0					
1	3	1	0	2122	12.9693685203	0.488689915174	0.002995052996	0.000497869977593	956.303713487	1146	0.12258118728	226.51963685	26.8158813264	1641.33369642	4	0	0					
1	4	1	0	2186	13.917200366	0.484903934126	0.00360740325112	0.00050971853434	1018.41996572	1172	0.124615689083	255.526797494	28.9223549488	1808.57231333	4	0	0					
1	5	1	0	2262	14.2157382847	0.432802829355	0.00422654692435	0.000419624272929	999.403659853	1071	0.13128834794	323.238754932	32.9038281979	2098.79262236	4	0	0					
1	6	1	0	2375	10.4951578947	0.347789473684	0.00330821368114	0.00038929302879	954.911916658	920	0.124775709467	277.809174028	30.847826087	1896.02326432	4	0	0					
1	7	1	0	2118	86.2809254013	2.89518413598	0.0229251421485	0.00323431805417	1411.1185611	6768	0.12688678446	335.013715	29.99143026	2419.11834081	4	0	0					
1	8	1	0	2324	40.5159208262	1.46815834768	0.0102386200533	0.00164045746879	1168.00978151	3781	0.122809756978	273.675461561	27.6738957948	2043.28123449	4	0	0					
1	9	1	0	2195	21.7093394077	0.604555808656	0.00639591520697	0.000668842193282	1095.04790681	1455	0.124538169837	297.932203073	36.6130584192	2066.54342594	4	0	0					
1	10	1	0	2171	11.6577614003	0.308152924919	0.00395510696338	0.000311244514039	1108.61825182	749	0.135543691643	389.789652115	38.403204272399996	2430.64197199	4	0	0					
1	11	1	0	2115	10.8004728132	0.320567375887	0.00324889915687	0.000347578891596	1065.83350992	774	0.127209431306	336.123143071	35.003875969	2235.3576417	4	0	0					
1	12	1	0	2225	10.2521348315	0.27595505618	0.00246921803605	0.000267410714388	1065.88595862	680	0.1249637773	265.491503608	38.4294117647	1868.67543666	4	0	0					
1	13	1	0	1882	112.527098831	4.39319872476	0.036917340671	0.00547289616045	1556.61018933	9067	0.137419826462	406.094499968	25.943862358	2716.52801697	4	0	0					
1	14	1	0	2288	44.5367132867	1.72858391608	0.0115293652166	0.00201880604638	1288.29230322	4306	0.126244240004	298.92738611	26.2466326057	2189.76829355	4	0	0					
1	15	1	0	2622	16.4965675057	0.540427154844	0.00395238023199	0.000579144859239	1256.772648	1518	0.118463646498	273.500214878	31.0197628458	2085.92011123	4	0	0					
1	16	1	0	2578	9.63692785105	0.346004654771	0.00280469682783	0.000367245741126	1066.06988829	1008	0.124521150331	265.342773987	27.7916666667	1881.90949352	4	0	0					
1	17	1	0	2644	10.5041603631	0.312027231467	0.00297852796229	0.000366738889786	1047.11860448	894	0.123746839921	285.440074939	33.403803132	2055.96766681	4	0	0					
1	18	1	0	2559	9.8898007034	0.3149667839	0.00287076747161	0.000343047142539	1061.26458604	872	0.124767328808	276.995136129	31.7901376147	1933.72608559	4	0	0					
1	19	1	0	1985	71.0911838791	2.54105793451	0.024465209461	0.00368539701569	1528.65211058	5371	0.129915538614	361.358643823	28.2619623906	2552.60638217	4	0	0					
1	20	1	0	2105	20.5220902613	0.633729216152	0.00658263894558	0.000793149314001	1153.32659742	1415	0.126399351349	302.281256424	32.8310954064	2101.89666276	4	0	0					
1	21	1	0	2298	12.2328111401	0.370322019147	0.0035810773064	0.000405026736728	1038.60338145	937	0.126692490527	284.95289703	33.9348986126	1916.95814004	4	0	0					
1	22	1	0	2270	10.3731277533	0.361674008811	0.00231925273298	0.000383780054069	985.515922978	899	0.114745974677	198.55945819	29.6095661846	1601.43596023	4	0	0					
1	23	1	0	2264	12.3325971731	0.485424028269	0.00293405974309	0.000492083806281	949.861990114	1221	0.118248845512	213.493799965	25.3603603604	1609.5860153	4	0	0					
1	24	1	0	2389	13.4884889075	0.446211804102	0.0036436210442	0.000513536833292	911.074356141	1165	0.118860007946	227.202613698	30.4034334764	1642.7255153	4	0	0					
2	1	1	0	2321	12.8099956915	0.433003015941	0.00336173437188	0.000441978116622	890.686147258	1089	0.123925166872	232.903786852	29.8622589532	1621.51970557	4	0	0					
2	2	1	0	2167	13.944623904	0.508075680665	0.00336082607271	0.000506814132421	1050.12332903	1198	0.122485934035	242.174909304	27.5016694491	1730.74273099	4	0	0					
2	3	1	0	2206	109.011786038	4.67588395286	0.0323194795769	0.00515069041535	1607.87801433	11282	0.133132384474	406.660313191	23.5530047864	2845.03520787	4	0	0					
2	4	1	0	2219	70.1009463722	2.54619197837	0.0171532382065	0.00271331523401	1267.94013532	6150	0.12301497389	283.567457805	27.6778861789	2133.13820388	4	0	0					
2	5	1	0	2218	36.0311091073	1.48241659152	0.00803545265759	0.00154871482537	1086.64449589	3647	0.119773115218	229.287014115	24.7499314505	1764.0602098	4	0	0					
2	6	1	0	2211	23.7951153324	0.701944821348	0.00525169027371	0.000692820262817	1039.84794259	1720	0.119781087684	238.316908517	33.9709302326	1738.75027491	4	0	0					
2	7	1	0	2094	17.0797516714	0.507163323782	0.00418575876903	0.000497471145226	1008.66087763	1175	0.127186085433	268.768113206	33.8510638298	1824.03928911	4	0	0					
2	8	1	0	2018	123.589692765	5.09861248761	0.0447215062661	0.00580817984698	1784.52374899	11091	0.147245190518	577.648601369	24.3866197818	3509.41874332	4	0	0					
2	9	1	0	2202	51.6539509537	2.33514986376	0.0144526070213	0.00266662530905	1223.68943513	5560	0.129363097694	314.762554203	22.3803956835	2186.1092979	4	0	0					
2	10	1	0	2145	29.7818181818	0.969696969697	0.0077144173412	0.00105034186672	1224.24601987	2277	0.123790211257	316.313072141	30.8700043917	2270.15472241	4	0	0					
2	11	1	0	2163	8.99260286639	0.258437355525	0.00244995969699	0.000260207853599	1063.87311786	629	0.128127363169	285.982426586	35.319554849	1939.60727734	4	0	0					
2	12	1	0	2309	9.57730619316	0.292334343872	0.00285508801242	0.000322046681729	1043.29543949	757	0.133258013693	308.589943796	33.0158520476	1977.07134344	4	0	0					
2	13	1	0	2047	11.7147044455	0.339032730826	0.00312215408247	0.000331173481469	1065.71325036	756	0.126207266896	298.801472388	35.4206349206	2071.43435015	4	0	0					
2	14	1	0	2044	111.167808219	3.6668297456	0.031555273894	0.00396508953396	1708.53549373	8136	0.131931887551	445.602759358	30.7621681416	3098.64865092	4	0	0					
2	15	1	0	2288	12.8527097902	0.401223776224	0.00382190419679	0.000432094610053	1092.28684132	1004	0.129668669028	303.393175734	32.3954183267	2053.94232711	4	0	0					
2	16	1	0	2379	9.46952501051	0.291719209752	0.00267923075054	0.000307249278925	1050.28461111	777	0.127794161094	278.203582202	32.5186615187	1888.72695935	4	0	0					
2	17	1	0	2158	9.41705282669	0.268303985171	0.00247438078992	0.000278739221676	1022.47437452	635	0.128529402024	271.278398549	36.0204724409	1850.62162031	4	0	0					
2	18	1	0	2295	10.045751634	0.281481481481	0.00346763908932	0.000292573831395	1062.95150088	720	0.138592818045	374.337018133	36.1208333333	2254.30635148	4	0	0					
2	19	1	0	2213	9.36375960235	0.298689561681	0.00302520882946	0.000328303475166	981.353900774	733	0.131209962518	271.070537538	32.1105047749	1788.15984102	4	0	0					
2	20	1	0	1772	155.306433409	6.2934537246	0.0739746454711	0.0083476391244	3107.32956613	12197	0.152457097062	971.068235744	24.9135853079	5919.46721779	4	0	0					
2	21	1	0	2162	115.667900093	4.33302497687	0.0386382168618	0.00523466743754	1642.38735847	10141	0.134903613658	417.775299786	26.8556355389	2856.02685574	4	0	0					
2	22	1	0	2261	44.2025652366	1.44891640867	0.0107376261644	0.00162453397414	1122.34971016	3571	0.121239773233	243.257423548	30.7258471017	1851.77208056	4	0	0					
2	23	1	0	2376	11.0989057239	0.393518518519	0.00284821677828	0.000415929378769	913.100715346	1012	0.122402176779	222.531639091	28.4377470356	1593.66336182	4	0	0					
2	24	1	0	2299	12.8416702914	0.469334493258	0.00295086108786	0.000482776457927	875.925034738	1175	0.119777594588	213.999320391	27.7838297872	1509.07710877	4	0	0					
3	1	1	0	2141	14.2120504437	0.516113965437	0.00391487017827	0.00053458478679	983.165627012	1211	0.124827168667	259.508289327	27.7481420314	1786.07893223	4	0	0					
3	2	1	0	1838	13.0457018498	0.399347116431	0.00311532225838	0.000389636223922	952.350972189	831	0.126471844768	251.802215059	32.6823104693	1753.50430769	4	0	0					
3	3	1	0	2140	13.8789719626	0.454672897196	0.00324167598596	0.000463554925102	1003.00082861	1079	0.119266686901	222.96004455	30.9582947173	1675.22771286	4	0	0					
3	4	1	0	2081	108.215281115	5.02739067756	0.0331103633512	0.00550251423265	1675.37570243	11423	0.13613431126	464.822121415	21.7803554233	3125.81982787	4	0	0					
3	5	1	0	2325	38.4752688172	1.53892473118	0.0079449078428	0.0016363074177	1102.98631353	3924	0.11687588058	226.857123194	25.1376146789	1809.77534487	4	0	0					
3	6	1	0	2504	12.1002396166	0.386182108626	0.00326210527894	0.000427304630552	1007.14676474	1081	0.123833912093	254.503155066	32.1683626272	1781.34833832	4	0	0					
3	7	1	0	2359	13.8478168716	0.417973717677	0.00342868614836	0.000425361375415	1016.60229843	1087	0.123496194627	240.00161542	33.4627414903	1693.3846031	4	0	0					
3	8	1	0	2033	13.273487457	0.383669454009	0.00328232602888	0.000368866081486	1027.26033191	867	0.126588730194	281.88636996	35.2087658593	1886.02464097	4	0	0					
3	9	1	0	2108	13.4909867173	0.40559772296	0.00381926959246	0.000405786988978	1052.22217754	928	0.128473493178	314.139228006	33.2737068966	2052.60730252	4	0	0					
3	10	1	0	1797	169.816360601	6.16694490818	0.0815983166538	0.00837352504276	3291.55827777	11921	0.158984448756	998.713911913	27.6658837346	5914.20523705	4	0	0					
3	11	1	0	1929	106.881804044	4.22550544323	0.0343351379094	0.00480667845747	1728.04075951	8950	0.139866925248	498.569316687	25.5151955307	3215.13338652	4	0	0					
3	12	1	0	2265	22.1130242826	0.766445916115	0.00533627137225	0.000862021476087	1129.58877139	1912	0.119530928901	261.733753395	29.0099372385	1950.27280572	4	0	0					
3	13	1	0	2548	9.70054945055	0.30180533752	0.00293390396764	0.000334789953364	1063.07431229	830	0.125767719742	294.145956585	32.2759036145	1973.23376738	4	0	0					
3	14	1	0	2410	10.5684647303	0.330705394191	0.00386059733641	0.000367478763651	1072.88817017	876	0.135427312045	355.919312784	32.0742009132	2236.24276885	4	0	0					
3	15	1	0	2456	8.84731270358	0.284201954397	0.00267172536244	0.000304542935325	1000.0693035	764	0.12970573587	282.914315857	31.4319371728	1857.63084839	4	0	0					
3	16	1	0	2332	119.473842196	4.94339622642	0.0382615380188	0.00619812324017	1703.9323185	12447	0.131997849037	403.79562786	24.404113441	2877.72226562	4	0	0					
3	17	1	0	2625	56.139047619	2.28342857143	0.0155123642072	0.00271066096358	1275.55054037	6475	0.12547406699	309.420126125	24.8654826255	2210.5070467	4	0	0					
3	18	1	0	2342	10.6110162254	0.302732707088	0.00361633173662	0.000329395436891	1000.654579	777	0.135583789266	322.173270653	35.4594594595	2002.04978336	4	0	0					
3	19	1	0	2197	9.97724169322	0.303140646336	0.00314855410272	0.000327235516398	966.17257402	733	0.129914940822	291.868941574	33.2619372442	1896.65004726	4	0	0					
3	20	1	0	2355	8.54352441614	0.293842887473	0.00235244788669	0.000316029840632	925.554187071	773	0.124990831724	235.107952998	29.4075032342	1651.72772581	4	0	0					
3	21	1	0	2235	9.32080536913	0.303355704698	0.00253147123144	0.000328547516173	965.035792543	738	0.126334079393	236.570403711	30.9078590786	1636.48227602	4	0	0					
3	22	1	0	2199	96.9008640291	3.78490222829	0.0293745458312	0.00431398312246	1487.6234485	8965	0.137072853443	417.111284234	25.891912995	2735.130403	4	0	0					
3	23	1	0	2352	10.6394557823	0.43324829932	0.00306772479224	0.000472708585195	903.349647623	1117	0.123393681738	232.700173545	24.6956132498	1609.22505097	4	0	0					
3	24	1	0	2146	46.0973904939	2.05358807083	0.0112941275137	0.00215784598043	1034.19458212	4825	0.128672880037	253.01217431	22.5718134715	1782.9849429	4	0	0					
4	1	1	0	1881	166.669856459	6.3668261563	0.0603637317188	0.00750300875655	1780.66735248	13017	0.147977038142	517.079704087	26.3115925328	3213.79728101	4	0	0					
4	2	1	0	1995	14.0395989975	0.468671679198	0.00352132594128	0.000463859456626	917.190656318	1046	0.123420636035	227.322777837	29.8116634799	1581.64292412	4	0	0					
4	3	1	0	2068	15.7011605416	0.556576402321	0.00361361930967	0.000564562819212	956.738297014	1291	0.121620356006	224.680155575	28.4910921766	1639.032247	4	0	0					
4	4	1	0	1989	12.4912016088	0.426847662142	0.00326508916365	0.000431625217915	958.497603839	961	0.123449315341	255.519910858	29.6670135276	1755.68119336	4	0	0					
4	5	1	0	2125	10.1077647059	0.360941176471	0.00274826847514	0.000383201975538	980.12235107	861	0.125860992916	244.725452005	28.7003484321	1701.38984377	4	0	0					
4	6	1	0	2018	12.8741328048	0.396432111001	0.00308525411213	0.000403359260509	1031.34410874	908	0.126030521043	267.527009402	32.4317180617	1849.93654956	4	0	0					
4	7	1	0	1729	133.810294968	6.03990746096	0.0438261559447	0.00675779509279	1764.82924141	11418	0.14271110684	494.098104421	22.3681905763	3179.32847881	4	0	0					
4	8	1	0	1832	118.138100437	5.11189956332	0.0363365483192	0.00570805311168	1610.68507186	10191	0.138403807819	441.919146843	23.3916200569	2933.38904268	4	0	0					
4	9	1	0	1941	52.494075219	2.20041215868	0.0127594656768	0.00238287249399	1219.68416707	4738	0.124020581803	274.696656421	24.0382017729	2043.69007747	4	0	0					
4	10	1	0	1911	16.7111459969	0.47409733124	0.00393407220487	0.000484723545041	1032.20876642	981	0.122899538895	267.726309723	35.5372069317	1941.03699753	4	0	0					
4	11	1	0	2169	11.3310281236	0.328722913785	0.00346535452306	0.000379350377035	1046.84255541	818	0.128166741147	287.014474108	34.8447432763	1968.84926574	4	0	0					
4	12	1	0	2096	9.79055343511	0.312977099237	0.00346070247305	0.000334777434997	1042.75034099	711	0.132416789902	315.348881245	31.8101265823	2022.71983778	4	0	0					
4	13	1	0	2072	94.1573359073	3.29971042471	0.0266001887305	0.00379560380428	1563.25863248	7282	0.127833116847	375.837296463	28.7366108212	2729.61737421	4	0	0					
4	14	1	0	2052	39.5745614035	1.24951267057	0.00867709479575	0.00136376519987	1123.38988406	2784	0.116576960052	237.345300615	32.0743534483	1882.50732242	4	0	0					
4	15	1	0	2159	15.3209819361	0.555349698935	0.00451865311845	0.000580966268076	1102.3139118	1327	0.127385825876	296.931155291	27.8281838734	2007.30268313	4	0	0					
4	16	1	0	2203	9.83885610531	0.314571039492	0.00339030414738	0.000341516791282	1068.74205117	766	0.134809905694	351.218292058	31.5483028721	2169.69555818	4	0	0					
4	17	1	0	2261	9.68509509067	0.382131800088	0.00305826841684	0.000390887099966	1082.7440525	957	0.133759991172	318.559385344	25.6415882968	2053.25460327	4	0	0					
4	18	1	0	2184	7.35119047619	0.220695970696	0.00183905538554	0.000230184763565	982.428326296	530	0.126357258553	238.632767479	33.1339622642	1658.28687389	4	0	0					
4	19	1	0	1872	156.394230769	5.53365384615	0.0647656632294	0.00708122382788	2127.10773651	11285	0.147924657722	611.798493987	28.5098803722	3817.78598324	4	0	0					
4	20	1	0	2238	106.352546917	3.95487042002	0.0303636919007	0.00461646282041	1452.80121804	9540	0.130802105907	347.367024928	27.0815513627	2448.11948714	4	0	0					
4	21	1	0	2159	27.21352478	1.11764705882	0.00607313685545	0.00119269252001	998.892282159	2656	0.116533231778	206.891955759	24.5978915663	1642.56261593	4	0	0					
4	22	1	0	2195	14.3854214123	0.475170842825	0.00348232753274	0.000515041536718	933.661210417	1153	0.116969991381	196.649478631	30.4379878578	1541.65631714	4	0	0					
4	23	1	0	2262	10.7365163572	0.473474801061	0.00264394378894	0.000486161473471	949.207209367	1212	0.121806237368	220.649949403	22.7640264026	1575.92975388	4	0	0					
4	24	1	0	1881	166.238171186	7.85645933014	0.0659799767684	0.00954781320371	1906.90389661	16152	0.154267112393	568.785627048	21.2416419019	3420.93429523	4	0	0					
5	1	1	0	1946	107.2672148	4.62076053443	0.0396886305659	0.00577393226578	2529.37487768	9649	0.145473040506	702.45963234	23.3234532076	4427.6893166	4	0	0					
5	2	1	0	1699	16.0900529723	0.555620953502	0.00383883453639	0.000551833368957	915.290070173	1054	0.125814573139	237.198004882	29.5863377609	1618.97260022	4	0	0					
5	3	1	0	1912	13.8023012552	0.444037656904	0.00450792328188	0.000448212631492	1026.45919346	959	0.13535630137	386.494399185	31.1366006257	2413.65945784	4	0	0					
5	4	1	0	2085	174.604796163	6.20287769784	0.0863217425004	0.00737528665167	3336.96764353	14116	0.157334843201	1150.5305999	28.1195097761	6822.52101282	4	0	0					
5	5	1	0	2401	135.026239067	5.20283215327	0.052324924651	0.00592524179592	2130.19186679	13733	0.143667387511	655.270710268	26.0893468288	4205.89872338	4	0	0					
5	6	1	0	2456	54.6909609121	2.30618892508	0.0138233122921	0.00256716531916	1316.4675971	6117	0.12267761437	303.064439759	23.8765734837	2269.70319073	4	0	0					
5	7	1	0	2294	18.5108979948	0.664341761116	0.00426009611562	0.000730555653724	1107.21666223	1683	0.118713540779	240.020031484	28.303030303	1841.2233381	4	0	0					
5	8	1	0	2148	12.6238361266	0.47113594041	0.00334150938769	0.000479331635145	1074.21985057	1135	0.125111720817	277.71589644	27.2123348018	1923.26121892	4	0	0					
5	9	1	0	2308	8.9493067591	0.290727902946	0.00280128011232	0.000311167976235	1116.76184108	753	0.129235395449	329.174113918	31.1593625498	2157.13018908	4	0	0					
5	10	1	0	1812	136.76986755	4.84657836645	0.0915729695036	0.00662875791423	3816.09599969	9548	0.161144517544	1548.39705284	28.3501256808	8851.53885383	4	0	0					
5	11	1	0	1960	129.530612245	4.84846938776	0.0566132580834	0.00565319456655	2461.11462864	10473	0.144365564675	821.972957656	27.0085935262	5255.18566352	4	0	0					
5	12	1	0	2071	49.290197972	1.52148720425	0.0122536832736	0.00165598462332	1279.1175318	3465	0.120340554958	301.783715071	32.5962481962	2312.77685937	4	0	0					
5	13	1	0	2199	10.4279217826	0.306048203729	0.00335567826138	0.000320578036312	1106.83319118	731	0.138516445406	404.303879757	34.976744186	2412.0783454	4	0	0					
5	14	1	0	2198	8.64467697907	0.238398544131	0.00279715135144	0.000243042317958	1061.49579157	581	0.138389622244	360.578877858	37.2788296041	2153.60547467	4	0	0					
5	15	1	0	2328	9.33591065292	0.260309278351	0.00272180362467	0.000271423176464	1056.20443156	669	0.131327017345	312.828610565	36.7713004484	2026.65540815	4	0	0					
5	16	1	0	2146	118.371854613	4.51817334576	0.030768586708	0.00496835378911	1567.47126658	10697	0.127031102286	342.725925244	26.5371599514	2548.15668429	4	0	0					
5	17	1	0	2295	43.6501089325	1.62701525054	0.0100269222456	0.00171586975586	1188.0674336	4167	0.119420122717	257.707023568	27.1123110151	1985.11816441	4	0	0					
5	18	1	0	2306	17.8716392021	0.624024284475	0.00487234039533	0.000678614186768	1060.80701603	1539	0.123742893704	272.623612441	28.6595191683	1913.03080073	4	0	0					
5	19	1	0	2150	9.79488372093	0.352558139535	0.00251166536819	0.000357753577131	1020.04152141	824	0.126605301817	264.368373111	28.1128640777	1812.98796539	4	0	0					
5	20	1	0	2186	8.61436413541	0.246111619396	0.00297143608353	0.000261352171091	1045.96249992	599	0.137496282419	335.225201877	35.0267111853	2061.1309985	4	0	0					
5	21	1	0	2531	8.31133939154	0.321612011063	0.00257751494581	0.000364747571011	954.320099824	897	0.127232888733	261.956346258	25.9197324415	1711.76748694	4	0	0					
5	22	1	0	2058	64.9951409135	1.98785228377	0.0172739999535	0.00225636096207	1198.28944361	4443	0.120947773332	261.055363741	32.933378348	2028.39107577	4	0	0					
5	23	1	0	2274	25.2335092348	0.929639401935	0.00598415881795	0.00106884679896	1004.75695648	2310	0.115348922209	205.139911723	27.4974025974	1647.15069243	4	0	0					
5	24	1	0	2121	157.275813296	8.06176331919	0.0572084915371	0.0095584479913	1882.09150035	18576	0.150040722983	534.417186909	19.6778100775	3297.98127167	4	0	0					
6	1	1	0	2045	21.7902200489	0.789731051345	0.00488006652056	0.000815191532244	954.401314719	1750	0.11929903798	209.388427208	27.9228571429	1579.67517967	4	0	0					
6	2	1	0	1780	166.258988764	6.26516853933	0.0649257189966	0.00776679142385	2097.35974212	12357	0.14979438039	604.401321183	26.6947479162	3745.20373823	4	0	0					
6	3	1	0	2371	14.4546604808	0.490088570224	0.00362158375162	0.000552146997765	1012.30740761	1303	0.120945057248	242.001723484	29.7075978511	1768.78460876	4	0	0					
6	4	1	0	2132	15.169793621	0.467636022514	0.00402110360128	0.000490388847133	1023.58060288	1127	0.12564798518	278.768477104	32.9290150843	1904.84796646	4	0	0					
6	5	1	0	2384	11.7911073826	0.367869127517	0.0030448946707	0.000390074352453	1087.25514036	957	0.124143213749	281.402169058	32.0679205852	1960.62797821	4	0	0					
6	6	1	0	2157	124.683356514	4.57255447381	0.043977140123	0.00527757712509	1815.46903694	10712	0.137364164665	521.677496899	27.4611650485	3498.33804097	4	0	0					
6	7	1	0	1925	57.5662337662	1.92623376623	0.0138731453677	0.00210433519918	1239.04325361	4038	0.121019862199	278.868891047	30.1441307578	2152.55709138	4	0	0					
6	8	1	0	2460	12.5146341463	0.374796747967	0.0035306169841	0.000409407598234	1052.48548225	999	0.124751834986	289.240400978	33.6906906907	1987.78553267	4	0	0					
6	9	1	0	2240	10.4504464286	0.316071428571	0.00380594131432	0.00033617465098	1065.73752059	780	0.135865456112	392.174945719	33.091025641	2382.18349732	4	0	0					
6	10	1	0	2117	10.4752007558	0.391591875295	0.00313671038439	0.000406219843522	1140.31844546	908	0.130469895877	326.451708605	26.7334801762	2142.5729684	4	0	0					
6	11	1	0	2150	10.3693023256	0.3	0.00332596457302	0.000303464489562	1108.63981965	746	0.135982138023	366.285768584	35.1970509383	2278.81284871	4	0	0					
6	12	1	0	2102	100.521408183	4.13606089439	0.0273792788217	0.00456365208588	1532.74173288	9413	0.131093972305	379.6167453	24.4702007861	2690.94084894	4	0	0					
6	13	1	0	2336	25.9088184932	0.79323630137	0.00592444003434	0.000844031277173	1124.7081411	2048	0.122460389329	273.023086002	32.8828125	2029.38085676	4	0	0					
6	14	1	0	2245	9.48864142539	0.310022271715	0.00277999242408	0.000335893122592	1160.59396684	774	0.12797409582	326.858040175	31.3255813953	2187.44396641	4	0	0					
6	15	1	0	2186	9.98398902104	0.312900274474	0.00290642536424	0.000316541253726	1060.44103778	765	0.131472382837	327.911956537	32.0758169935	2136.76133129	4	0	0					
6	16	1	0	2076	9.81936416185	0.275048169557	0.00257779858168	0.000268142553431	1064.6642096	631	0.127522052719	328.961678477	36.2884310618	2134.18623758	4	0	0					
6	17	1	0	2207	10.6560942456	0.329406434073	0.00338041596093	0.000340970099878	1010.74470887	776	0.134695736122	332.667407924	32.3711340206	2062.64543677	4	0	0					
6	18	1	0	2237	71.4197586053	3.0527492177	0.0195496332288	0.00347821417729	1404.4869969	7460	0.122093773861	317.641057887	23.4914209115	2460.96953897	4	0	0					
6	19	1	0	2241	26.0705042392	0.881749219099	0.00576854371211	0.000982394647139	1098.15499591	2154	0.113491894753	221.838055749	30.039461467	1820.46570959	4	0	0					
6	20	1	0	2296	12.4690766551	0.442073170732	0.0028075066114	0.000477313508192	1013.82913519	1117	0.117108377349	213.134722313	28.4816472695	1648.05442976	4	0	0					
6	21	1	0	2229	9.81292059219	0.272768057425	0.00298600095506	0.000292283179764	940.183189885	665	0.130885033817	268.347264785	35.8992481203	1746.44892975	4	0	0					
6	22	1	0	2128	10.2373120301	0.385338345865	0.00228138031155	0.000390407780454	909.625852833	908	0.121489028449	203.268090784	26.8392070485	1492.5791119	4	0	0					
6	23	1	0	2141	158.101354507	7.60065390005	0.063952076644	0.00960025370867	2097.16310907	17604	0.152116571404	604.464589673	21.0449897751	3721.9839282	4	0	0					
6	24	1	0	2230	11.4766816143	0.455156950673	0.00274322500126	0.000493353589296	902.299760007	1110	0.11946379779	218.758498373	25.3783783784	1608.41697886	4	0	0					
7	1	1	0	1744	113.35206422	4.70470183486	0.0545529817462	0.00574915436455	2095.49516385	8894	0.164186775582	907.084323503	24.3012143018	4997.69198527	4	0	0					
7	2	1	0	1772	122.030474041	4.58069977427	0.0347979210524	0.00505319714025	1480.34977015	8903	0.136210148505	373.714966278	26.7551387173	2530.69489876	4	0	0					
7	3	1	0	2036	43.5550098232	1.58988212181	0.0122283471051	0.00168978512917	1159.94285824	3536	0.133921663542	348.414588846	27.4389140271	2270.18070072	4	0	0					
7	4	1	0	2107	16.4280968201	0.511153298529	0.00529428238002	0.000531739477509	1148.25853575	1222	0.129582050775	351.807803522	32.02700491	2346.43751036	4	0	0					
7	5	1	0	2273	11.5354157501	0.3541575011	0.0036831137404	0.000374199620514	984.440073526	886	0.133921913934	318.485146828	32.6106094808	2006.06845893	4	0	0					
7	6	1	0	2293	9.02224160488	0.302660270388	0.00268544405926	0.000311346559831	1008.54942424	771	0.129990465105	304.728141594	29.8145265888	1977.61606431	4	0	0					
7	7	1	0	2301	9.39982616254	0.313776618861	0.0028770225316	0.000339498283577	1001.07683228	794	0.130946346842	300.859151621	30.2556675063	1965.79272683	4	0	0					
7	8	1	0	2053	142.320506576	6.23283000487	0.0460457050032	0.00687516185993	1893.25940515	14115	0.14541475168	526.616356885	22.9860432164	3335.91474078	4	0	0					
7	9	1	0	1939	63.7158329036	2.59824651882	0.0139763846457	0.00252553858769	1215.6117764	5584	0.128436579573	288.557410101	24.4896131805	2073.2114908	4	0	0					
7	10	1	0	1983	15.3156833081	0.539586485124	0.004195450588	0.000541432003443	1056.45840687	1203	0.125706929555	290.031417355	28.6192851205	1997.5346283	4	0	0					
7	11	1	0	1961	8.7021927588	0.279449260581	0.00283774199785	0.000262798602169	1035.3660178	616	0.142589041976	347.371270084	31.5422077922	2113.8699745	4	0	0					
7	12	1	0	2079	7.50072150072	0.224627224627	0.00226151500728	0.000228777444851	1076.1147384	513	0.132915105069	345.497952342	33.6861598441	2270.55513868	4	0	0					
7	13	1	0	2160	10.7152777778	0.338425925926	0.00393732111554	0.000332889105691	1137.22616882	800	0.144014900222	422.471764067	31.55625	2467.6091721	4	0	0					
7	14	1	0	2354	117.000849618	5.64528462192	0.0447786667955	0.00650485054718	1810.71741904	14555	0.151025996194	602.156803264	20.8507729303	3613.83419241	4	0	0					
7	15	1	0	2251	48.0790759662	1.87383385162	0.0152567125012	0.00197847080371	1312.531404	4648	0.141041066078	427.417391433	25.9012478485	2670.85747308	4	0	0					
7	16	1	0	2351	14.5644406635	0.499787324543	0.00431964267951	0.000520773384021	1085.55738023	1298	0.13137561797	310.702825298	29.5647149461	2017.52008343	4	0	0					
7	17	1	0	2019	10.6869737494	0.295195641407	0.00261113007535	0.000283886384017	1030.55835441	711	0.1300735343	287.128591007	37.9774964838	1861.84387849	4	0	0					
7	18	1	0	2214	9.61833785005	0.344625112918	0.00278671341934	0.000345311820219	1073.5023891	855	0.133753483947	352.504730611	28.134502924	2269.02507754	4	0	0					
7	19	1	0	2067	11.450411224	0.367682631834	0.00313147478621	0.000365064334103	955.679119001	824	0.134496999886	278.857866883	31.9065533981	1767.8223627	4	0	0					
7	20	1	0	1950	148.701538462	6.49384615385	0.0616101833696	0.00857940746928	2181.04856456	13792	0.146794888027	601.141180742	23.0585846868	3864.54628095	4	0	0					
7	21	1	0	2099	120.259171034	5.16388756551	0.0334274639767	0.00563302717396	1400.81034599	11899	0.135161360542	349.274920259	23.4650810993	2423.39829845	4	0	0					
7	22	1	0	2164	30.9560998152	1.27541589649	0.00715978980493	0.00135684962426	970.454238855	3033	0.122831933099	216.483023009	24.5670952852	1640.5420216	4	0	0					
7	23	1	0	1892	148.8794926	7.99841437632	0.0566674301468	0.00976783236218	1940.53704939	16831	0.150698761088	553.565671954	18.7509951875	3417.55634698	4	0	0					
7	24	1	0	2236	13.6064400716	0.478085867621	0.00300608541924	0.000488304969674	916.12178703	1170	0.118056397065	189.327428717	28.5581196581	1467.33131649	4	0	0					
8	1	1	0	2256	12.3444148936	0.390514184397	0.00319679256274	0.000406630196145	934.373921087	967	0.122070588159	243.80614232	31.6153050672	1703.05936131	4	0	0					
8	2	1	0	2170	11.4290322581	0.376497695853	0.00289859582747	0.000392567254058	941.94065851	916	0.122803132874	230.085072673	30.7958515284	1665.26447146	4	0	0					
8	3	1	0	2242	11.2720785013	0.343443354148	0.00345410620541	0.000370618803051	997.875920111	869	0.125670182555	308.731093071	32.9758342923	2127.81572059	4	0	0					
8	4	1	0	2100	152.535238095	5.75238095238	0.064096100296	0.00644715286524	2165.94926737	13308	0.154680752381	754.834001384	26.592651037	4440.80707719	4	0	0					
8	5	1	0	2134	77.854732896	2.66541705717	0.018488595459	0.0027617411594	1235.29754787	6269	0.125754145446	289.414345216	29.3662466103	2121.40476224	4	0	0					
8	6	1	0	2132	20.9057223265	0.645872420263	0.00510229371257	0.000643532928135	1090.51969424	1540	0.125509895467	291.318479653	32.5564935065	2012.49375807	4	0	0					
8	7	1	0	2133	9.20768870136	0.318799812471	0.00320502451834	0.00032333493004	1066.97258715	776	0.137135301648	366.431116525	29.4020618557	2317.17866681	4	0	0					
8	8	1	0	2128	10.1170112782	0.370770676692	0.0029223065494	0.000364699058341	1008.3557978	883	0.130520587123	288.492868548	27.5662514156	1882.24630506	4	0	0					
8	9	1	0	2017	9.91918691125	0.351016360932	0.00287837440223	0.000339704145571	1077.85233017	824	0.135552137521	357.546871249	28.6565533981	2259.48582613	4	0	0					
8	10	1	0	2064	18.2708333333	0.663275193798	0.00444785583531	0.000662395565717	1147.11483734	1537	0.125549664646	286.154257723	27.962914769	2022.04204543	4	0	0					
8	11	1	0	2098	9.94232602479	0.289799809342	0.0028052726949	0.000307981020176	1044.7302783	665	0.132296649862	311.24396785	34.2766917293	2026.10971695	4	0	0					
8	12	1	0	1974	9.22087132725	0.380952380952	0.00219566505237	0.00038042531497	1031.88900277	839	0.121731021909	232.49665684	24.2145411204	1701.30255692	4	0	0					
8	13	1	0	2140	9.92476635514	0.305140186916	0.00299820784358	0.000307608263561	1084.75799495	718	0.13211339516	362.563641577	33.1894150418	2307.77226401	4	0	0					
8	14	1	0	1604	105.716957606	4.97443890274	0.0440482052101	0.00679084295787	1776.45356212	8640	0.144146163536	532.432277744	21.39375	3341.89873183	4	0	0					
8	15	1	0	2148	65.6345437616	2.82774674115	0.018183270176	0.00320526568148	1428.68148671	6651	0.131368424964	361.065247351	23.3133363404	2486.78400876	4	0	0					
8	16	1	0	1686	128.058125741	6.06465005931	0.0615953044339	0.0082466682786	2103.36847131	11062	0.151401826951	678.900459942	21.2623395408	4114.55921021	4	0	0					
8	17	1	0	1938	111.13003096	3.89009287926	0.0403132816935	0.00463317699343	1641.22545922	8278	0.141647584039	489.863897314	28.7345977289	3067.67746349	4	0	0					
8	18	1	0	2193	21.7077063383	0.725490196078	0.00503442106135	0.000769481898141	1008.46105275	1729	0.118151578604	218.439226248	30.2909196067	1695.32818253	4	0	0					
8	19	1	0	2125	10.5910588235	0.306823529412	0.003029627042	0.000320267263237	1068.04229944	723	0.135385018788	316.35569471	34.5269709544	2029.17334747	4	0	0					
8	20	1	0	2281	11.0004384042	0.362998684787	0.00314377615959	0.000376299199171	1002.14767634	911	0.128250775668	268.899583219	30.4193194292	1801.2806962	4	0	0					
8	21	1	0	2293	9.64936764065	0.347579590057	0.00288518729327	0.000393654122294	915.121691433	875	0.125039537129	240.676217588	28.0468571429	1637.27672207	4	0	0					
8	22	1	0	1780	91.3842696629	3.96516853933	0.0287215020573	0.00480964366795	1183.19852156	7726	0.137687908629	312.923162799	23.1994563811	2085.42706324	4	0	0					
8	23	1	0	1944	61.2247942387	2.71656378601	0.0135094924016	0.0028669085368	974.970723524	5824	0.124011280161	207.716820582	22.8605769231	1580.1820783	4	0	0					
8	24	1	0	2082	13.7137367915	0.606628242075	0.00342189117191	0.000619774068986	875.711806064	1382	0.121785871855	213.046272817	22.9319826339	1547.06297243	4	0	0					
9	1	1	0	1840	15.6298913043	0.533695652174	0.00372507693215	0.000533100928539	889.228935054	1051	0.122128437335	220.999924593	29.4957183635	1575.96308977	4	0	0					
9	2	1	0	1696	23.9811320755	0.879127358491	0.00579730548977	0.000945750468183	949.0171594	1671	0.119092368271	211.039024844	27.4177139437	1588.14503442	4	0	0					
9	3	1	0	1999	10.3346673337	0.310655327664	0.00334597835965	0.000327522158434	962.559125626	713	0.126563782763	288.258557429	33.729312763	1889.33952008	4	0	0					
9	4	1	0	1867	10.1590787359	0.301017675415	0.00290984153623	0.000319396072054	960.044899926	635	0.126228029921	277.505058045	33.4393700787	1884.46727251	4	0	0					
9	5	1	0	2270	10.0475770925	0.3140969163	0.00315931610981	0.000322511166091	970.880009425	788	0.131495204405	295.595168865	32.3096446701	1863.39523551	4	0	0					
9	6	1	0	1953	79.3149001536	2.5873015873	0.0216047500903	0.00302667344574	1316.09952036	5520	0.124783557318	306.924269761	30.8112318841	2283.35761676	4	0	0					
9	7	1	0	1861	29.4895217625	0.914562063407	0.0064933968831	0.000930520299944	1055.9438956	1879	0.118761489761	234.005093303	32.3182543906	1788.22437489	4	0	0					
9	8	1	0	2061	10.4556040757	0.333333333333	0.00325460993304	0.000345870664108	998.115883587	758	0.126543154719	301.07775411	31.3509234828	2033.70454414	4	0	0					
9	9	1	0	1886	8.98674443266	0.276776246023	0.00288109143977	0.000302036548386	1035.89294592	595	0.13252287933	323.4438872	32.3142857143	2142.48255375	4	0	0					
9	10	1	0	1953	9.80235535074	0.2636968766	0.00317643977726	0.000272586547407	1050.45190359	562	0.136509379875	352.656368708	37.6192170819	2103.3274718	4	0	0					
9	11	1	0	2134	10.7104029991	0.388940955951	0.00327690925267	0.000393661433275	1020.96982489	909	0.130365045556	339.964204345	28.1551155116	2278.11273712	4	0	0					
9	12	1	0	1876	110.559168443	3.98187633262	0.0311574290431	0.00435107799219	1662.24931531	8086	0.13193267874	430.986940945	27.967350977	3018.2599999	4	0	0					
9	13	1	0	2164	20.6585027726	0.687153419593	0.00472891832819	0.00073437476716	1126.78878664	1618	0.119246270637	257.004064925	30.4585908529	1931.27362169	4	0	0					
9	14	1	0	2258	10.7688219663	0.380425155004	0.00354876425558	0.000411075948836	1029.51357208	937	0.129520116582	313.335428033	28.6072572038	2101.01621631	4	0	0					
9	15	1	0	2161	9.46182322999	0.290606200833	0.00280269998954	0.000289351889684	999.14877363	681	0.131994883342	318.701946522	32.6975036711	1997.31095925	4	0	0					
9	16	1	0	2270	11.3198237885	0.345374449339	0.00355040922515	0.000339184990407	1058.24697798	869	0.13464902926	353.857421297	33.5535097814	2128.91460236	4	0	0					
9	17	1	0	2185	9.2828375286	0.258123569794	0.00260305565657	0.00025670932862	984.567719762	627	0.129721454529	275.209031694	36.5980861244	1793.5690303	4	0	0					
9	18	1	0	1953	154.954429083	5.92575524834	0.0613199063945	0.00716967406377	2177.27950519	12535	0.147429962604	653.062089552	26.2946150778	4119.03806557	4	0	0					
9	19	1	0	2007	82.4992526158	3.12007972098	0.0213165470547	0.00350299791315	1271.06950896	6774	0.125577961949	290.349330469	26.7400354296	2158.70583751	4	0	0					
9	20	1	0	2121	25.1489863272	0.80669495521	0.00585636299807	0.000863023182978	965.607340377	1877	0.118420961844	206.381871594	31.4240809803	1568.0504331	4	0	0					
9	21	1	0	2229	11.2436069987	0.336473755047	0.00340294481291	0.000360651087562	937.057028176	836	0.129410437903	288.879337428	33.4736842105	1835.64824343	4	0	0					
9	22	1	0	2229	10.3014804845	0.388066397488	0.00293941178846	0.000410322617497	913.846409863	951	0.124918527775	264.554981414	26.8065194532	1809.88020606	4	0	0					
9	23	1	0	2064	10.2325581395	0.361918604651	0.00282654388502	0.000375864517448	916.327166828	836	0.127993286338	248.092705916	28.4186602871	1654.60300398	4	0	0					
9	24	1	0	2136	7.44709737828	0.25702247191	0.00198355044277	0.000273438761308	974.90411261	634	0.121311357804	228.945857083	29.1987381703	1652.61242344	4	0	0					
10	1	1	0	1695	130.926253687	5.44896755162	0.0426321604629	0.00618114880724	1431.95795928	10004	0.143586533172	407.067573203	24.3617552979	2590.47304791	4	0	0					
10	2	1	0	1841	68.8582292232	2.6463878327	0.0153078807034	0.00269146056055	1102.58642788	5417	0.125573105726	247.329641132	26.0468894222	1839.45831182	4	0	0					
10	3	1	0	2150	13.5669767442	0.472093023256	0.00306634063658	0.000481806232295	942.127791138	1138	0.118493995453	223.099729469	28.9472759227	1668.67416841	4	0	0					
10	4	1	0	2064	9.67829457364	0.258720930233	0.00325164622738	0.000262393235827	948.909522162	592	0.133025052842	299.194996882	37.527027027	1876.39086352	4	0	0					
10	5	1	0	2219	9.96124380352	0.286164939162	0.00420555371034	0.000315397669596	1013.30922735	707	0.14287056856	426.614130666	34.9151343706	2378.78545531	4	0	0					
10	6	1	0	2131	8.55701548569	0.255748474894	0.0023388392372	0.000272810017027	977.782351898	594	0.125215133923	275.674812292	33.3703703704	1916.41053171	4	0	0					
10	7	1	0	1791	118.471803462	4.23618090452	0.0409538063178	0.00498146565533	1691.75641979	8457	0.135811271517	465.630632705	28.0113515431	3196.79145129	4	0	0					
10	8	1	0	2012	48.9055666004	1.99602385686	0.0117501780845	0.00217506218461	1154.13388143	4430	0.12022954588	256.789776974	24.6584650113	1980.43293261	4	0	0					
10	9	1	0	1916	19.1492693111	0.614822546973	0.00459579936147	0.000628693171692	1047.81847856	1312	0.118733880895	243.36623253	31.0556402439	1821.63274337	4	0	0					
10	10	1	0	2056	10.1843385214	0.383754863813	0.00308108632781	0.000408725522035	1032.81748843	903	0.130827380877	316.424832091	27.2159468439	2087.2115999	4	0	0					
10	11	1	0	1987	8.31152491193	0.239053850025	0.00233142458365	0.000238024922655	1034.68931753	522	0.125981334415	271.03434542	34.9597701149	1871.03092935	4	0	0					
10	12	1	0	2099	8.54597427346	0.263935207242	0.00281729006402	0.000273993301405	1078.80109206	622	0.134942790395	333.043655533	32.4726688103	2104.05820112	4	0	0					
10	13	1	0	2021	100.475507175	4.23750618506	0.0304700075356	0.00475251743835	1594.20687123	9341	0.132404525734	413.037237873	24.014559469	2848.91018877	4	0	0					
10	14	1	0	2008	41.5547808765	1.42778884462	0.00881887349599	0.00151311630618	1134.00859557	3206	0.116838416768	226.484086045	29.301933874	1814.91102434	4	0	0					
10	15	1	0	2150	11.1093023256	0.359069767442	0.00273938283169	0.000379776448642	1064.07508101	850	0.119853966897	230.549299054	31.0976470588	1731.87126136	4	0	0					
10	16	1	0	2103	9.10366143604	0.299096528768	0.0024593202846	0.000303020449373	989.005498387	696	0.12847454858	278.097435905	31.0847701149	1857.16547499	4	0	0					
10	17	1	0	2037	9.6647029946	0.300441826215	0.00276713521313	0.000299191187738	1039.66751919	679	0.133657217228	310.877739863	32.3269513991	1977.7371482	4	0	0					
10	18	1	0	2191	8.82701962574	0.274760383387	0.00300320638846	0.000304722688261	985.733227715	658	0.134688151696	307.195263271	32.1170212766	1900.26283833	4	0	0					
10	19	1	0	1971	124.37950279	4.69913749366	0.0376490185671	0.00547085679721	1454.07678586	10043	0.132868473077	352.125753995	26.6865478443	2467.58107623	4	0	0					
10	20	1	0	2083	57.6322611618	2.14114258281	0.0136785379131	0.00231547694303	1068.84962096	4885	0.123901370872	248.282372491	27.0925281474	1839.36184003	4	0	0					
10	21	1	0	2195	10.6965831435	0.367198177677	0.0025396662256	0.000404171874972	879.37276877	874	0.121065689055	196.463348491	29.1704805492	1443.60548869	4	0	0					
10	22	1	0	2052	10.376705653	0.422027290448	0.00259985546727	0.000442142367791	874.407945963	976	0.122405347808	213.799267757	25.4272540984	1537.97234388	4	0	0					
10	23	1	0	2014	10.7780536246	0.445878848064	0.00292411925949	0.000458225466054	848.502049503	991	0.124935076523	229.235844949	24.2885973764	1519.87698806	4	0	0					
10	24	1	0	2128	11.0427631579	0.324718045113	0.00256863362972	0.000334468096213	862.117979714	769	0.119105620624	197.279258875	34.122236671	1463.5200614	4	0	0					
11	1	1	0	1916	124.141440501	4.88674321503	0.0635911000245	0.00609857937093	2797.73749695	10040	0.158353683804	1060.76805854	25.4482071713	6233.34590806	4	0	0					
11	2	1	0	1638	11.4157509158	0.310134310134	0.00256085813879	0.000307958765494	901.294934043	580	0.117797842945	202.14792685	36.4051724138	1536.22788673	4	0	0					
11	3	1	0	1687	146.764078245	5.78304682869	0.0725732337129	0.00667765686026	2581.65953373	10632	0.159491652707	992.791167141	25.6200150489	5769.31326274	4	0	0					
11	4	1	0	1848	132.318181818	4.98593073593	0.0607057619794	0.00559271808012	2287.17517361	10164	0.150813470936	867.433277098	26.7017906336	5202.30269243	4	0	0					
11	5	1	0	2029	11.4199112863	0.377033021193	0.00298313727953	0.000386821562959	1005.77675923	856	0.125522292228	272.463323228	30.6156542056	1894.51974148	4	0	0					
11	6	1	0	2149	8.03396928804	0.261982317357	0.00223118185994	0.000275530126868	991.228815075	629	0.128455121312	279.801163678	30.8553259141	1863.16615662	4	0	0					
11	7	1	0	1921	8.6522644456	0.241020301926	0.00217386786737	0.000242175886348	1005.37886942	525	0.126089900078	270.128341691	36.0952380952	1889.35580314	4	0	0					
11	8	1	0	1705	97.6217008798	3.19530791789	0.0278970077054	0.00387447756941	1462.03235082	6001	0.12655130376	340.624236185	30.6020663223	2528.26175283	4	0	0					
11	9	1	0	1803	38.6372712146	1.29506378258	0.00932890619568	0.00142596898974	1179.61850205	2584	0.122111495734	279.981975237	30.0623065015	2109.11353544	4	0	0					
11	10	1	0	1924	8.65488565489	0.257276507277	0.00245491621856	0.000277931651638	1001.85237066	538	0.130177527791	274.67131053	33.6115241636	1879.70244862	4	0	0					
11	11	1	0	2071	8.91163689039	0.280540801545	0.0026119068538	0.000277925953539	1092.14430895	646	0.134813917263	340.521501781	32.6795665635	2157.59158875	4	0	0					
11	12	1	0	1984	10.4138104839	0.345766129032	0.00315884960195	0.000335759625702	1071.39552776	758	0.133743507572	343.49563352	30.3535620053	2131.68595222	4	0	0					
11	13	1	0	2130	9.63708920188	0.266666666667	0.00261050842539	0.000275743703289	1029.1760776	615	0.127760415343	280.541352948	35.9804878049	1907.98443104	4	0	0					
11	14	1	0	2220	7.54414414414	0.241441441441	0.00201082211797	0.000255267805818	1069.81962208	595	0.123263007487	277.350578606	32.1932773109	1928.49620935	4	0	0					
11	15	1	0	2244	9.49598930481	0.257130124777	0.0028237164987	0.000268469711666	1074.681854	647	0.133896461312	317.623178762	37.4250386399	2116.60918692	4	0	0					
11	16	1	0	2205	7.6798185941	0.249886621315	0.00214608364657	0.000267346513557	1010.12570669	623	0.127243866765	253.914555367	31.5617977528	1779.07393403	4	0	0					
11	17	1	0	2103	95.929148835	3.35187826914	0.0244159608792	0.00382986088935	1406.47946238	7815	0.123119600324	298.993135896	28.7097888676	2289.60517729	4	0	0					
11	18	1	0	2039	42.1976459049	1.62628739578	0.00999944875622	0.00169579813185	1140.51055915	3667	0.120685411927	263.785583374	26.2582492501	1961.85089362	4	0	0					
11	19	1	0	1913	18.7579717721	0.630423418714	0.00414896446581	0.000637085722366	992.994016309	1315	0.119121104193	220.300626402	30.016730038	1665.79517946	4	0	0					
11	20	1	0	1925	115.746493506	3.93454545455	0.0308938624013	0.00441248016161	1346.74944809	8281	0.128529558409	307.731259396	29.7124743388	2234.63689269	4	0	0					
11	21	1	0	1880	69.8186170213	3.11436170213	0.0183771027666	0.00318374778573	1130.36042007	6414	0.130977459461	308.112013553	22.582943561	2072.87092736	4	0	0					
11	22	1	0	2109	11.8131816027	0.39497392129	0.00287450441852	0.000398805243084	917.677109938	930	0.122381950511	214.685074368	30.1924731183	1549.67528916	4	0	0					
11	23	1	0	2031	10.674052191	0.381585425899	0.00289564850478	0.000416989582308	923.688676973	863	0.126616377863	245.814470463	28.3314020857	1670.13731086	4	0	0					
11	24	1	0	1939	11.5801959773	0.396080453842	0.00306080376691	0.000401080649831	958.26732238	839	0.126487348115	247.01464141	29.5804529201	1719.25749799	4	0	0					
12	1	1	0	1815	152.53553719	5.75977961433	0.0538183121397	0.00677537083085	1973.40367386	11382	0.146477642664	561.623308591	26.7058513442	3529.42230932	4	0	0					
12	2	1	0	2073	10.818620357	0.369995176073	0.00255591722835	0.000370312708902	929.580029814	854	0.118926241551	224.009909936	29.3196721311	1656.49524173	4	0	0					
12	3	1	0	2034	11.3643067847	0.304818092429	0.00308095697024	0.000312122565935	940.356532377	687	0.127580601082	257.526590466	36.9112081514	1740.00835189	4	0	0					
12	4	1	0	2105	10.6375296912	0.287885985748	0.00326127655506	0.000304778046165	979.15979434	696	0.131210359346	301.34598184	36.5502873563	1940.81575162	4	0	0					
12	5	1	0	1459	88.7998629198	3.18026045236	0.0255545783061	0.00310017940136	1331.85988265	5264	0.140824705534	441.961765116	27.9935410334	2680.08250009	4	0	0					
12	6	1	0	1758	40.0563139932	1.49658703072	0.0100421367982	0.00158486022832	1141.49814245	2921	0.128052413877	299.06660124	26.9712427251	2082.91644523	4	0	0					
12	7	1	0	2020	10.4267326733	0.314851485149	0.0030450797817	0.000344790886082	1039.91030017	717	0.130237359404	298.724256738	33.3305439331	1952.84649403	4	0	0					
12	8	1	0	1974	10.327254306	0.308004052685	0.00310692930913	0.000329543895584	1033.51225677	685	0.130563524722	294.500924652	33.7605839416	1918.44306223	4	0	0					
12	9	1	0	1846	10.1143011918	0.317984832069	0.00283745452449	0.000323218290664	1013.44536981	655	0.131659513881	297.991097436	32.5129770992	1948.13594516	4	0	0					
12	10	1	0	2007	11.4399601395	0.352765321375	0.00334962051918	0.000368862479331	1027.4955237	783	0.13172812271	324.69523333	32.8620689655	2160.84539407	4	0	0					
12	11	1	0	1631	94.2329858982	3.60637645616	0.027088594709	0.00383960290851	1601.99638958	6518	0.136765361344	462.835767943	26.3611537281	3010.98698754	4	0	0					
12	12	1	0	1637	57.4001221747	2.35369578497	0.0130704380904	0.00231575155568	1286.13309267	4321	0.124374250145	314.931695421	24.6165239528	2242.99791324	4	0	0					
12	13	1	0	1731	40.1681109185	1.53610629694	0.0104582346637	0.00149161935519	1190.40204123	2956	0.129564136099	342.866690768	26.3643437077	2224.13004687	4	0	0					
12	14	1	0	1949	12.1641867624	0.362750128271	0.00306449936355	0.000349356364679	1040.39121936	786	0.130069158419	288.944677817	33.7519083969	1916.64401812	4	0	0					
12	15	1	0	1831	9.218459858	0.270344074276	0.00247164806721	0.000262906856023	1024.45471575	573	0.129529687651	284.123130412	34.630017452	1872.08746683	4	0	0					
12	16	1	0	1491	10.220657277	0.370892018779	0.00270133518147	0.000349684198565	957.303134224	616	0.130339036103	273.35609781	27.5373376623	1781.26577804	3	0	0					
12	17	1	0	1465	125.055972696	5.604778157	0.043568580511	0.00581229653668	2337.62299919	9232	0.149547618835	805.322599334	22.6333405546	4718.87747555	4	0	0					
12	18	1	0	2005	31.3132169576	0.964089775561	0.00733355262002	0.000946575527177	1258.95338105	2185	0.12270350609	316.576371293	32.4494279176	2273.93517288	4	0	0					
12	19	1	0	2039	15.1741049534	0.512996566945	0.00405615566656	0.000493789121053	1082.76356029	1176	0.126960249987	312.723960882	29.6794217687	2086.58292233	4	0	0					
12	20	1	0	1984	11.8588709677	0.383568548387	0.00307428779137	0.000378087410097	1030.95624128	845	0.125569521799	264.696075587	31.2378698225	1772.33093159	4	0	0					
12	21	1	0	2154	10.7859795729	0.381151346332	0.0033803007548	0.000389602117344	960.317780747	916	0.131737510789	303.694972553	28.4072052402	1935.09388817	4	0	0					
12	22	1	0	2166	10.7340720222	0.393813481071	0.00331195257608	0.000402865606948	968.481689539	928	0.131314273798	284.449889477	27.4364224138	1836.1565763	4	0	0					
12	23	1	0	1989	10.9522373052	0.418803418803	0.00279544952297	0.000441959082145	856.425756922	925	0.121052064066	206.846367827	26.4562162162	1482.5847282	4	0	0					
12	24	1	0	1438	171.033379694	6.46940194715	0.0616552076618	0.00758768808945	1877.85754991	10383	0.149621604399	532.701144898	26.6743715689	3282.38766812	4	0	0					
13	1	1	0	1840	154.442391304	5.93369565217	0.0638434583322	0.00749074394906	2293.04272536	11941	0.153159329792	703.883310451	26.1272087765	4240.20622039	4	0	0					
13	2	1	0	1718	15.5436554133	0.493597206054	0.00495545947128	0.000485491901936	972.740860012	936	0.135513520331	316.439268249	31.3653846154	1981.84326942	4	0	0					
13	3	1	0	2105	9.12636579572	0.295486935867	0.00250129208275	0.000313900000482	936.592234251	699	0.127561956647	254.486759565	31.3605150215	1733.38520771	4	0	0					
13	4	1	0	1666	10.0942376951	0.260504201681	0.00314847208758	0.000286147492144	965.689007975	488	0.131686345966	322.82659806	38.4631147541	2062.74146527	3	0	0					
13	5	1	0	1700	105.987647059	4.27294117647	0.0322205551376	0.00404699104763	1321.59133862	8058	0.14299775815	456.645344389	24.8346984363	2753.63880293	4	0	0					
13	6	1	0	2065	34.3956416465	1.21598062954	0.00878785174069	0.00122387224026	1131.42687472	2751	0.127460287327	314.257667188	28.1726644856	2172.42489974	4	0	0					
13	7	1	0	2043	14.306412139	0.490944689183	0.00419288495083	0.000535098693016	986.237512858	1125	0.12862350047	282.127583126	29.176	1888.09687521	4	0	0					
13	8	1	0	1424	121.539325843	5.54775280899	0.0458386862409	0.00676518707363	1729.17518078	8755	0.145027809472	523.686697544	22.0606510565	3321.6113613	4	0	0					
13	9	1	0	1825	77.384109589	2.81205479452	0.0194298244503	0.00298801097712	1300.72167181	5578	0.128060391967	318.222462949	27.5661527429	2274.17335917	4	0	0					
13	10	1	0	1894	19.4720168955	0.819957761352	0.00456475491855	0.000859903079787	1034.22141075	1715	0.11894924093	228.999872503	23.8483965015	1744.79036997	4	0	0					
13	11	1	0	2091	10.018651363	0.316594930655	0.0031337178897	0.000342045749407	991.971117369	728	0.130035313803	314.343129457	32.3612637363	2018.60390297	4	0	0					
13	12	1	0	2191	10.6389776358	0.285714285714	0.00376139566779	0.000295687068534	1052.23304149	684	0.13946025855	376.914767789	37.6769005848	2335.07835423	4	0	0					
13	13	1	0	2285	8.6818380744	0.242013129103	0.00260717414148	0.000269296623484	1002.32076758	629	0.124893113643	296.779398909	35.4085850556	1980.31154623	4	0	0					
13	14	1	0	2150	104.004186047	3.81813953488	0.035669594788	0.00442095930484	1611.50219916	9036	0.13664199001	482.631255671	27.2681496237	3146.58605604	4	0	0					
13	15	1	0	2318	33.5664365833	1.00345125108	0.00762700894025	0.00104287343573	1128.21706753	2558	0.119706939708	261.713281775	33.8174354965	1973.75536736	4	0	0					
13	16	1	0	2422	13.9616019818	0.474401321222	0.00405008931875	0.000562617624071	1083.671427	1308	0.121649708872	264.360047988	29.5688073394	1901.23020948	4	0	0					
13	17	1	0	2097	12.0209823557	0.493085360038	0.0033925691603	0.000508307996634	988.213064737	1143	0.124981905402	288.95535158	24.6535433071	1960.59310712	4	0	0					
13	18	1	0	2150	10.9781395349	0.353023255814	0.00260104476071	0.000349258089299	998.737031408	845	0.122077414501	248.39049268	31.1088757396	1762.62527247	4	0	0					
13	19	1	0	2056	12.6215953307	0.435311284047	0.00339623368523	0.000460106135408	958.60688423	994	0.127884851951	270.969580528	29.3641851107	1837.86833272	4	0	0					
13	20	1	0	1570	164.910828025	6.46815286624	0.0750723996194	0.00829723838434	2473.04924669	11168	0.154621018079	759.443735026	25.6473853868	4550.40332959	4	0	0					
13	21	1	0	1767	110.928692699	4.22071307301	0.0314676153318	0.00465671739144	1336.1163913	8202	0.134129352027	339.178473524	26.5392587174	2319.46556061	4	0	0					
13	22	1	0	2281	13.395002192	0.570363875493	0.00368487144872	0.000650624309804	893.342324914	1429	0.122240901359	220.628722019	23.5808257523	1559.79982454	4	0	0					
13	23	1	0	2048	15.1162109375	0.58935546875	0.00410425986105	0.000596241064256	884.980121348	1348	0.124242130187	230.567517464	26.071958457	1606.34904915	4	0	0					
13	24	1	0	2046	172.22971652	6.98631476051	0.066522985967	0.00841224139957	2019.99155611	15511	0.152119208575	585.536860766	24.8809232158	3560.68313719	4	0	0					
14	1	1	0	2187	12.6680384088	0.387745770462	0.00378103063258	0.000404495049152	925.709826865	932	0.128793040381	300.342571117	32.8487124464	1975.75836807	4	0	0					
14	2	1	0	1556	172.827120823	6.42159383033	0.0719371773695	0.00811390357849	2203.76139656	10889	0.153661175987	662.241210198	27.0831113968	4009.17553268	4	0	0					
14	3	1	0	2293	9.7178368949	0.282163105102	0.00278294388702	0.000313247698327	969.45378275	718	0.126402203885	279.017898686	35.143454039	1842.91699253	4	0	0					
14	4	1	0	1634	163.580783354	4.89290085679	0.0821208592208	0.00678503538544	2364.42779934	8715	0.157597852195	761.447184825	33.6197360872	4490.33277617	4	0	0					
14	5	1	0	1968	146.996443089	5.48932926829	0.0685444357058	0.00686155220791	2294.91431215	11805	0.152974362265	805.996606523	26.9634900466	4707.51586068	4	0	0					
14	6	1	0	2096	22.0448473282	0.672709923664	0.00573485396053	0.000734738778761	1096.83195521	1574	0.126096228316	287.398646909	32.9606099111	2029.97597938	4	0	0					
14	7	1	0	2121	21.7369165488	0.714285714286	0.00610521929143	0.000794656139616	1089.97787974	1646	0.129623451588	303.558309135	30.3772782503	2050.78019339	4	0	0					
14	8	1	0	2055	12.1396593674	0.425304136253	0.00330798709632	0.000432379399325	962.300734312	967	0.125961233011	281.080752527	28.6215098242	1897.12350516	4	0	0					
14	9	1	0	2076	9.94026974952	0.33429672447	0.00280998299465	0.000354934978039	971.77571566	787	0.128497446674	287.809190829	29.4218551461	1953.66465855	4	0	0					
14	10	1	0	1766	153.441109853	5.37372593431	0.0675160471725	0.00696959713881	2196.73074775	10299	0.151673081905	694.615732124	28.617050199	4261.44254087	4	0	0					
14	11	1	0	1871	125.809727418	5.26563335115	0.0431552630757	0.00601435362122	1629.68712803	10751	0.144331173558	497.575327391	24.1040833411	3123.17178751	4	0	0					
14	12	1	0	2215	37.7674943567	1.33724604966	0.00846376365033	0.00137958216703	1128.59533957	3261	0.12047582148	255.938997588	28.5584176633	1956.72971015	4	0	0					
14	13	1	0	1974	12.7228976697	0.436170212766	0.00305079846882	0.000445518428217	1006.9629063	938	0.123827956411	245.14884105	29.4232409382	1760.87140897	4	0	0					
14	14	1	0	2029	12.2124199113	0.379004435683	0.0035649826482	0.000384031996099	1038.71380043	863	0.129467954665	326.118969732	32.6882966396	2063.42245071	4	0	0					
14	15	1	0	2066	10.2560503388	0.339787028074	0.00289144921123	0.000346900545555	990.261321597	791	0.129480106102	275.63153864	30.2364096081	1810.78167826	4	0	0					
14	16	1	0	1021	76.792360431	3.24975514202	0.015676911981	0.0025092542257	1207.66227779	3779	0.127012303203	287.22093894	23.6903942842	2057.36532105	4	0	0					
14	17	1	0	893	40.156774916	1.55431131019	0.00843703542315	0.00124873751938	1025.78115274	1528	0.122599721979	238.854192662	25.820026178	1720.28690848	4	0	0					
14	18	1	0	870	25.1620689655	0.713793103448	0.00717043923195	0.000649295423969	1018.31557161	702	0.130131708143	333.566886341	35.5313390313	2083.38847566	4	0	0					
14	19	1	0	823	24.1956257594	0.764277035237	0.00561022060809	0.000651816509095	943.111239157	711	0.125461935686	244.924993044	31.6779184248	1657.11113859	4	0	0					
14	20	1	0	832	24.0420673077	0.745192307692	0.00566643060595	0.000611093073041	937.338124227	681	0.124280921301	268.477507576	32.5403817915	1793.45481294	4	0	0					
14	21	1	0	1026	18.5380116959	0.514619883041	0.00502430566658	0.000426206939321	932.880978929	596	0.132276175248	302.110043615	36.2265100671	1860.74903091	4	0	0					
14	22	1	0	1940	147.487113402	6.48711340206	0.0491512668456	0.00743311937154	1658.87794783	13864	0.138369310308	426.247021978	22.9348672822	2930.03886097	4	0	0					
14	23	1	0	1927	163.079398028	7.39750908147	0.067226338405	0.0094401923639	2163.5433438	15548	0.152836560203	636.863481173	22.2814509905	3881.80960941	4	0	0					
14	24	1	0	2163	61.9653259362	2.49422098937	0.014981541936	0.00273820839974	1121.66626944	5968	0.122250631662	245.062795907	25.0345174263	1862.96236826	4	0	0					
15	1	1	0	1904	11.6171218487	0.34768907563	0.00382583832988	0.000352816127345	1073.19327857	724	0.137500731079	381.087220711	33.5359116022	2302.3740262	4	0	0					
15	2	1	0	1722	147.913472706	6.08943089431	0.0532646737838	0.00738736593671	1858.01407254	11625	0.14751098738	529.320034846	24.3697204301	3303.84513772	4	0	0					
15	3	1	0	1989	24.7239819005	0.890397184515	0.00549631603102	0.000948103105291	996.548905534	1966	0.117430330538	210.381880545	27.9252288911	1657.94096293	4	0	0					
15	4	1	0	2157	18.1474269819	0.579044969866	0.00468067305354	0.000656111712469	969.925467064	1365	0.120078876288	230.949958183	31.2380952381	1680.22818605	4	0	0					
15	5	1	0	2341	11.0858607433	0.344724476719	0.00273137943958	0.000370016370258	939.456592975	916	0.122229227056	229.902085964	32.2281659389	1649.26309213	4	0	0					
15	6	1	0	2047	9.98827552516	0.300439667807	0.00271391342985	0.00030279005905	982.089233137	697	0.131722873101	291.767766218	33.3959827834	1886.28604756	4	0	0					
15	7	1	0	1916	81.7729645094	2.40396659708	0.0253716096606	0.00279927523435	1367.3279212	5012	0.133262857215	382.135423934	34.0041899441	2611.14268828	4	0	0					
15	8	1	0	2070	30.4434782609	1.26714975845	0.00734720591594	0.00133569796233	1027.25964343	2819	0.122757008778	254.814859094	24.1823341611	1863.13410738	4	0	0					
15	9	1	0	2134	10.148547329	0.32427366448	0.00288042407006	0.000338931787952	969.098654757	770	0.126953995926	270.469499918	31.5623376623	1851.68280295	4	0	0					
15	10	1	0	2127	9.64974141984	0.300423131171	0.00284025291772	0.000344042650258	982.830515009	723	0.129818750913	281.269189535	32.0442600277	1896.68475238	4	0	0					
15	11	1	0	2260	9.52123893805	0.298230088496	0.00318850226433	0.000300166453616	1068.64259638	739	0.136889748202	347.094803263	31.7861975643	2134.82314913	4	0	0					
15	12	1	0	2374	10.0366470093	0.298652064027	0.00292834892423	0.000324126756136	1028.58110319	782	0.13141501023	310.037405447	33.5780051151	2031.42262743	4	0	0					
15	13	1	0	2236	14.1650268336	0.399821109123	0.00393756684598	0.000423258212203	1042.41979579	1003	0.128122478553	278.402860918	35.444666002	1880.65683163	4	0	0					
15	14	1	0	2264	23.9474381625	0.852473498233	0.00613467384537	0.000886363300587	1047.31769374	2099	0.12367476556	263.224365009	28.060028585	1890.22008463	4	0	0					
15	15	1	0	2188	12.0968921389	0.387111517367	0.00316138162372	0.000388284863489	974.964347323	937	0.126893333042	263.238263597	31.310565635	1785.35935241	4	0	0					
15	16	1	0	2144	13.2896455224	0.458955223881	0.00360384187041	0.000476437356182	980.730432882	1099	0.125514635138	251.558790728	29.3366696997	1718.22726719	4	0	0					
15	17	1	0	2040	11.3857843137	0.404411764706	0.00288090478698	0.000398427198115	945.506972562	921	0.124519705086	240.893144498	28.4701411509	1657.64807382	4	0	0					
15	18	1	0	2204	10.6801270417	0.311705989111	0.00275177948633	0.000316878522596	957.293728617	770	0.125611712678	246.716356393	34.3428571429	1667.62479109	4	0	0					
15	19	1	0	2108	122.253795066	4.54459203036	0.0420344859673	0.00559387668945	1542.18468277	10497	0.141707707033	428.258113488	27.1315613985	2746.60220109	4	0	0					
15	20	1	0	2062	85.1779825412	3.08001939864	0.0228106530366	0.00356646620182	1255.99753706	6939	0.127335445973	286.741795864	27.9587836864	2080.70915998	4	0	0					
15	21	1	0	2098	62.0524308866	2.37750238322	0.0144733991283	0.00252963802764	1160.51505667	5413	0.123818268457	259.010940578	26.4479955662	1940.14338357	4	0	0					
15	22	1	0	2194	56.3190519599	2.46946216955	0.0134548410902	0.0027735453886	1114.07962065	6003	0.122765613506	244.138458372	22.9095452274	1837.50599598	4	0	0					
15	23	1	0	1970	148.085279188	7.13096446701	0.0515414851175	0.00838582322763	1922.56783268	15218	0.14627720936	528.893321526	21.0005914049	3349.87066264	4	0	0					
15	24	1	0	2259	12.4302788845	0.421425409473	0.00388232300917	0.000448172547088	952.910729406	1047	0.132153250098	272.309373649	29.6265520535	1760.92584679	4	0	0					
16	1	1	0	2160	11.3268518519	0.305555555556	0.00399453026171	0.000312156957727	1110.81189093	729	0.140196564458	422.217950295	36.1700960219	2477.72554718	4	0	0					
16	2	1	0	2210	47.443438914	1.65248868778	0.0129845537785	0.00180622876108	1130.78874171	4004	0.127155277468	301.057493963	28.767982018	2097.03245497	4	0	0					
16	3	1	0	2172	26.1873848987	0.93876611418	0.00642907332855	0.00101708888313	1024.64542061	2270	0.120810542778	245.286253841	27.972246696	1838.68802609	4	0	0					
16	4	1	0	1921	168.569495055	6.28006246746	0.0755840629789	0.00788248933002	3252.01701004	13162	0.15160606166	1026.39401113	26.9994681659	6292.10155105	4	0	0					
16	5	1	0	2097	93.1406771578	3.37768240343	0.0287126598125	0.00393499219093	1505.63508636	7727	0.131884687719	409.770786639	27.8000517665	2850.2435895	4	0	0					
16	6	1	0	2313	10.0103761349	0.347168179853	0.00284111762894	0.000385127652762	1046.85590365	904	0.125338064601	277.660858177	28.7588495575	1902.33618057	4	0	0					
16	7	1	0	2214	10.6589882565	0.322041553749	0.00290110237658	0.000355803430112	936.035602105	806	0.124590608512	240.828417968	32.9913151365	1678.21754522	4	0	0					
16	8	1	0	2281	11.7124068391	0.34896975011	0.00299456854168	0.000353786891504	996.954909733	873	0.125261757812	267.039328434	33.538373425	1819.85397786	4	0	0					
16	9	1	0	2227	12.2496632241	0.456219128873	0.00359415893981	0.000491820000283	992.278520443	1114	0.129751640321	278.604201671	27.4317773788	1841.27123733	4	0	0					
16	10	1	0	2033	107.339399902	4.3866207575	0.0413458469023	0.00484579789973	1674.65088757	9774	0.146833318977	614.882728543	24.6005729486	3638.19905351	4	0	0					
16	11	1	0	1964	52.517311609	2.13034623218	0.0164556610004	0.0022644669455	1226.29400269	4639	0.136807314495	393.232016721	24.9189480491	2522.07471614	4	0	0					
16	12	1	0	2114	20.5704824976	0.618732261116	0.00510441879052	0.000658626258362	1044.72109023	1436	0.122945241899	264.601307509	33.4623955432	1936.85956703	4	0	0					
16	13	1	0	2199	12.7417007731	0.358344702137	0.00327918396727	0.000355552001071	1025.20126439	870	0.125234987707	270.361438899	35.967816092	1883.12530214	4	0	0					
16	14	1	0	2175	11.0303448276	0.318620689655	0.00289294423761	0.000335148665839	990.518239689	773	0.124515269705	257.276816419	35.0452781371	1825.95455844	4	0	0					
16	15	1	0	2108	9.82163187856	0.307400379507	0.00296330884573	0.000322927063796	1005.84466137	710	0.128571092882	269.366411963	32.5816901408	1788.61201926	4	0	0					
16	16	1	0	2043	141.899657367	6.76211453744	0.0604429420198	0.00860385110196	2415.81640165	14941	0.152956899873	768.066577593	21.2671173282	4613.22679058	4	0	0					
16	17	1	0	1870	40.4021390374	1.69144385027	0.0100646502907	0.00178713415412	1075.00872289	3481	0.126573910093	267.369978172	24.0488365412	1913.23281041	4	0	0					
16	18	1	0	2163	12.3934350439	0.418400369857	0.00313761945475	0.000460068742973	961.823265064	995	0.121387963274	221.034371548	30.0793969849	1615.56701821	4	0	0					
16	19	1	0	2263	10.8727353071	0.313742819266	0.00250859849271	0.000331775432366	961.246043326	792	0.118459982235	220.738566597	34.6527777778	1660.07900623	4	0	0					
16	20	1	0	2129	10.5720995773	0.330671676844	0.00279564002664	0.000357478072949	923.812572285	786	0.125203065066	233.948361033	32.7926208651	1644.81155646	4	0	0					
16	21	1	0	1680	7.15714285714	0.242857142857	0.00180897656364	0.000257054346543	1122.27530057	444	0.129603016956	300.391021751	30.3648648649	1991.07114643	4	0	0					
16	22	1	0	1974	139.09929078	6.82472137791	0.0540272451564	0.00783929620155	1806.23011885	14831	0.145872711855	551.340530953	20.5541770616	3488.74339242	4	0	0					
16	23	1	0	2148	97.417132216	4.63826815642	0.0268219529715	0.00505183987725	1342.42390674	10950	0.130419675446	333.88838544	21.2810958904	2374.60877025	4	0	0					
16	24	1	0	1964	11.9928716904	0.362525458248	0.00376744567719	0.000371406933725	974.792090586	788	0.134351748554	298.746436733	33.3680203046	1865.72656574	4	0	0					
