Database Name	Phenix ODA 2
Database Location	http://opera2.dyn.scilifelab.se/ODA/OdaService.asmx
Evaluation Signature	1cbd44d7-bc3c-407e-af42-ca5ac5724e7e
Plate Name	P103627
Plate Name	231018_171113-V
Measurement	Measurement 1
Evaluation	Evaluation1

[Data]
Row	Column	Plane	Timepoint	Cell Selected - Number of Objects	Cell Selected - Total Spot Area - Mean per Well	Cell Selected - Number of Spots - Mean per Well	Cell Selected - Relative Spot Intensity - Mean per Well	Cell Selected - Number of Spots per Area of Cytoplasm - Mean per Well	Cell Selected - Intensity Cytoplasm Mean - Mean per Well	Spots Selected - Number of Objects	Spots Selected - Relative Spot  Intensity - Mean per Well	Spots Selected - Corrected Spot  Intensity - Mean per Well	Spots Selected - Spot Area [px²] - Mean per Well	Spots Selected - Intensity Spot Mean - Mean per Well	Number of Analyzed Fields	Height [µm]	Time [s]	Compound	Concentration	Cell Type	Cell Count	
1	1	1	0	2345	8.67931769723	0.285714285714	0.0027371462684	0.000298421820169	983.368980919	739	0.13636298448	313.701624016	30.1623815968	1920.39555533	4	0	0					
1	2	1	0	2155	120.571693735	4.54153132251	0.0359151060954	0.00537504764733	1465.67901001	10732	0.13420449209	363.572438974	26.6831904584	2521.96719537	4	0	0					
1	3	1	0	2300	44.2095652174	1.69434782609	0.00983085617481	0.00175790088238	1069.74774795	4248	0.120450778563	232.274006509	26.0786252354	1778.74728106	4	0	0					
1	4	1	0	2253	15.5876608966	0.464269862406	0.00393432575246	0.000478207987954	919.05420063	1144	0.120700963558	234.355435029	33.9667832168	1674.81204537	4	0	0					
1	5	1	0	2246	11.1260017809	0.323241317898	0.00350449463314	0.000321163226693	940.635787056	808	0.131687799862	288.698329911	35.099009901	1823.62599349	4	0	0					
1	6	1	0	2400	9.35125	0.2775	0.0027670682442	0.000271783774127	909.900805768	730	0.127858940165	260.378390171	34.0356164384	1718.14787442	4	0	0					
1	7	1	0	2282	8.73006134969	0.276073619632	0.00289827193201	0.000279652225005	917.875953775	700	0.135154830324	304.077689521	32.0228571429	1883.67750328	4	0	0					
1	8	1	0	1993	164.078775715	6.01304565981	0.0620808600974	0.0077530048832	2176.20463496	13134	0.142899419035	564.105266326	27.5482716613	3707.22088432	4	0	0					
1	9	1	0	2113	82.0530052059	3.0638902035	0.0202299791422	0.00332232038628	1248.78582027	7001	0.125017306987	286.837781669	27.0518497358	2138.54530898	4	0	0					
1	10	1	0	2090	9.68564593301	0.316746411483	0.00264467407865	0.000318750226738	938.505667364	731	0.128859851132	269.580282537	31.3611491108	1798.55219002	4	0	0					
1	11	1	0	2187	10.9030635574	0.286236854138	0.00336338542307	0.000315340953786	932.4557093	687	0.133244227288	284.586432848	38.1237263464	1815.75069679	4	0	0					
1	12	1	0	2200	10.0009090909	0.358181818182	0.00278689417232	0.00038540578582	915.586407608	862	0.12557665007	241.446455717	28.2122969838	1620.76952963	4	0	0					
1	13	1	0	2211	8.48303934871	0.239710538218	0.00222239984593	0.000235905308865	947.57558847	590	0.125599275298	257.240818296	35.3	1783.79063036	4	0	0					
1	14	1	0	1680	122.808333333	4.04702380952	0.0479574950177	0.00569323580425	1748.09995633	7318	0.1422053719	486.019116232	30.63405302	3134.41287537	4	0	0					
1	15	1	0	2055	66.0866180049	2.03698296837	0.0173002871194	0.00232290258364	1255.26212557	4514	0.124231436625	295.314207665	32.7658396101	2177.63420585	4	0	0					
1	16	1	0	2222	29.198469847	1.08865886589	0.00679723976157	0.00113905013563	996.603050551	2669	0.118901547256	217.505513297	27.1970775571	1662.06528431	4	0	0					
1	17	1	0	2239	12.9267530147	0.428316212595	0.00335899747673	0.000449061817876	953.064841176	1084	0.122116006652	238.539233268	30.5064575646	1699.74249215	4	0	0					
1	18	1	0	2126	11.9515522107	0.385230479774	0.00327453110743	0.000383805515977	942.963201448	912	0.12914269763	282.835647124	31.9013157895	1836.89555542	4	0	0					
1	19	1	0	2323	8.71803702109	0.266896254843	0.00250404445338	0.000281275255244	885.447102257	699	0.130737404539	257.070417499	34.0329041488	1651.82120428	4	0	0					
1	20	1	0	1943	199.006690685	7.00411734431	0.0941699812694	0.00896253993889	3489.04873055	14767	0.160377553936	1063.06050853	28.7077266879	6233.65373076	4	0	0					
1	21	1	0	2131	167.329422806	7.54575316753	0.0696235900674	0.00885544802309	2369.97135397	17604	0.15640285974	759.702224101	22.4035446489	4473.41482179	4	0	0					
1	22	1	0	2225	98.7496629213	3.67595505618	0.027869701493	0.00399666098266	1218.971006	9069	0.133009016116	320.180231889	27.0960414599	2170.29502882	4	0	0					
1	23	1	0	2220	21.6328828829	0.799099099099	0.00496128613175	0.000802268229509	939.145994642	1951	0.119130272166	212.241171083	27.2788313685	1578.8665818	4	0	0					
1	24	1	0	2272	9.40360915493	0.275088028169	0.0029499585988	0.000279978512427	928.068001995	687	0.136037382935	300.502770343	34.5895196507	1822.0626737	4	0	0					
2	1	1	0	2530	8.8418972332	0.301185770751	0.0029827250888	0.000333839538182	975.83854612	827	0.132064053159	305.864677322	29.931076179	1998.66818225	4	0	0					
2	2	1	0	2340	9.56367521368	0.380769230769	0.0029145865123	0.000382918563923	959.439648842	972	0.126545059984	265.006024988	25.6028806584	1778.93034347	4	0	0					
2	3	1	0	2373	11.2878213232	0.328276443321	0.00358030588426	0.000342890924697	964.412692508	850	0.127649350317	325.835208437	34.3258823529	2129.3183602	4	0	0					
2	4	1	0	2279	104.729706011	4.06274681878	0.0338217789217	0.00453197349545	1331.58258659	10049	0.142474732552	412.591594059	26.0072644044	2600.41171468	4	0	0					
2	5	1	0	2343	34.0947503201	1.16346564234	0.00867811160201	0.00120921805674	983.147897706	3014	0.12346703443	255.037590643	29.5570670206	1807.40693173	4	0	0					
2	6	1	0	2321	13.8362774666	0.484704868591	0.00409721000309	0.000496004227088	909.574652019	1269	0.128370583304	277.206643829	28.6170212766	1792.66558761	4	0	0					
2	7	1	0	2293	10.2202354993	0.32882686437	0.00339724013439	0.000329885488032	913.723663261	846	0.134099584285	320.679558186	31.3061465721	1968.00549597	4	0	0					
2	8	1	0	2292	10.1007853403	0.293193717277	0.00363977665893	0.000306918592439	905.3577062	745	0.133820043313	293.645977674	34.4040268456	1866.91679416	4	0	0					
2	9	1	0	2321	9.72985781991	0.301594140457	0.00317615470037	0.000305404137805	918.759326057	778	0.130493710655	301.37192182	32.5809768638	1936.72667908	4	0	0					
2	10	1	0	2232	125.965501792	4.86200716846	0.0353876388634	0.00525440574796	1426.12771645	12006	0.131595805039	351.456155894	26.2152257205	2506.17901529	4	0	0					
2	11	1	0	2291	24.0174596246	0.854648625055	0.00528051099052	0.000884185392564	942.248333644	2140	0.117474728485	201.844067943	28.1808411215	1554.66798524	4	0	0					
2	12	1	0	2095	15.5288782816	0.583770883055	0.00462117985805	0.00063032559741	950.292703459	1353	0.121370247548	260.601419731	26.8713968958	1810.41770501	4	0	0					
2	13	1	0	2210	9.26425339367	0.264705882353	0.00295690409972	0.00026864620483	1014.26011546	663	0.134872892072	323.590560406	35.3996983409	2054.41649714	4	0	0					
2	14	1	0	2297	9.42011319112	0.306922072268	0.00225360382319	0.000301435993113	899.279265372	776	0.124319095322	215.952543772	31.0554123711	1536.01692252	4	0	0					
2	15	1	0	2341	8.55147372918	0.266552755233	0.00253826202483	0.000292597964041	890.057424915	694	0.132756050346	253.76566492	32.7017291066	1624.01551029	4	0	0					
2	16	1	0	1844	84.5477223427	3.31670281996	0.0265579058088	0.00407922686894	1196.46317878	6763	0.134368002789	318.322423784	25.7509980778	2147.20717478	4	0	0					
2	17	1	0	2241	29.7059348505	0.958500669344	0.00715562218026	0.0010139764058	985.846371592	2324	0.118361363718	219.617671232	31.324010327	1657.68605326	4	0	0					
2	18	1	0	2183	10.5996335318	0.343563902886	0.0032135611562	0.000342236513149	935.633540049	797	0.131040976851	278.870507518	31.5897114178	1795.35143821	4	0	0					
2	19	1	0	2358	10.8083121289	0.342239185751	0.00432523843952	0.000414702864331	887.164197515	885	0.134893533703	295.726289992	31.5242937853	1816.22717904	4	0	0					
2	20	1	0	2247	10.1174899866	0.314641744548	0.00360427302699	0.000309449890669	877.970333831	764	0.137274710675	330.50686243	32.3691099476	1879.09761848	4	0	0					
2	21	1	0	2144	12.0643656716	0.379664179104	0.00348654580432	0.000364471698388	834.001589193	886	0.130929956222	265.447763719	31.7483069977	1688.09102105	4	0	0					
2	22	1	0	2262	121.086206897	4.7157382847	0.0336267522808	0.00525976104366	1369.22283973	11734	0.129201548792	313.664541052	25.8587012102	2286.98862549	4	0	0					
2	23	1	0	2060	51.7533980583	1.9286407767	0.0113739303519	0.00194926071065	999.507277401	4340	0.119839977734	213.50918562	27.0658986175	1627.65481625	4	0	0					
2	24	1	0	2280	11.1434210526	0.335964912281	0.00312275967913	0.000334289185756	860.923912728	838	0.128151105537	248.23747931	33.5405727924	1637.49238011	4	0	0					
3	1	1	0	2411	17.3500622148	0.708004977188	0.00433809409817	0.000744542916676	903.324056409	1883	0.119086440085	214.700270103	24.673393521	1557.48805012	4	0	0					
3	2	1	0	2237	9.71703173894	0.362539114886	0.00300833472412	0.000392426122737	866.610817745	892	0.130142705815	264.898063368	26.8486547085	1751.40177026	4	0	0					
3	3	1	0	2032	11.5428149606	0.31938976378	0.00357363860719	0.000333004441039	884.843793378	707	0.127289949051	254.919710286	36.1923620934	1724.28064079	4	0	0					
3	4	1	0	2147	10.6599906847	0.363297624592	0.00311032571494	0.000357522514101	883.79745351	858	0.132150161917	260.71054038	29.5920745921	1687.01055394	4	0	0					
3	5	1	0	2232	9.47894265233	0.301523297491	0.00328162160059	0.000303883500329	888.226639077	740	0.136619617377	304.638989331	31.2243243243	1856.66300805	4	0	0					
3	6	1	0	2208	167.526268116	6.13224637681	0.0644494731275	0.00756028160296	2225.36595357	14825	0.14443439778	618.750724322	27.5970320405	4029.56472734	4	0	0					
3	7	1	0	2334	104.213796058	3.71079691517	0.0292730691434	0.00416147355042	1349.24557635	9422	0.129925788688	334.208596325	28.2875185736	2392.5629477	4	0	0					
3	8	1	0	2313	35.9744920017	1.24081279723	0.00852357961125	0.00134136907988	1026.17475397	3134	0.118439986094	226.538420412	29.2460114869	1745.43251582	4	0	0					
3	9	1	0	2206	13.3676337262	0.495920217588	0.00355854134488	0.000491365889141	968.485544259	1210	0.125436851734	265.261271149	27.6280991736	1816.11894164	4	0	0					
3	10	1	0	2130	10.0112676056	0.315023474178	0.00311940685306	0.000306998211498	921.225621153	737	0.133491961505	298.697517588	32.3256445047	1857.16246652	4	0	0					
3	11	1	0	2268	8.17724867725	0.22442680776	0.00246470770276	0.00023118150711	928.772220934	569	0.133614668521	283.176515389	36.7381370826	1777.90299302	4	0	0					
3	12	1	0	2133	109	4.12283169245	0.024800330078	0.00421724304655	1349.049926	9622	0.121346144844	286.500417486	26.8086676367	2231.6573538	4	0	0					
3	13	1	0	2136	24.8141385768	0.808988764045	0.0054657632224	0.000787518861206	1147.98403035	1894	0.119102454258	258.418475456	31.0517423442	1928.61442443	4	0	0					
3	14	1	0	2237	17.7259722843	0.583370585606	0.0041430026543	0.000587982117885	1023.6054782	1433	0.118763487436	236.997334859	30.6113049546	1765.70903016	4	0	0					
3	15	1	0	2292	11.57504363	0.392670157068	0.00320060950151	0.000408349202608	899.507012794	986	0.124601148638	254.795332038	29.8387423935	1741.00759782	4	0	0					
3	16	1	0	2142	11.7698412698	0.362745098039	0.00323634177859	0.000355920500408	932.582834719	841	0.128819323644	262.759319092	32.6087990488	1737.07784688	4	0	0					
3	17	1	0	2075	12.0501204819	0.393734939759	0.00391130042311	0.000398440833627	900.120113756	891	0.134894891153	279.30467973	30.7138047138	1727.46020252	4	0	0					
3	18	1	0	2297	140.505877231	5.03482803657	0.0498227982175	0.00555974367112	1990.92376098	12522	0.140979300543	587.845247097	28.2284778789	3829.17020608	4	0	0					
3	19	1	0	2129	66.8046031	2.53029591357	0.0162596123851	0.00257827665527	1122.53631519	5967	0.124113273914	259.212393707	26.5267303503	1913.0266816	4	0	0					
3	20	1	0	2210	12.2384615385	0.442986425339	0.00306465075236	0.000438902703514	886.803589944	1074	0.125570332849	230.374510454	28.0055865922	1571.27920631	4	0	0					
3	21	1	0	2255	9.51840354767	0.338359201774	0.00264789612852	0.000342926981323	883.877603164	857	0.123714617289	229.148834293	28.3138856476	1597.63343259	4	0	0					
3	22	1	0	2272	8.88776408451	0.279929577465	0.00267355203742	0.000291984067868	897.423606514	718	0.129959598812	258.298427401	32.2506963788	1690.2262186	4	0	0					
3	23	1	0	2215	8.12866817156	0.264108352144	0.0021623500992	0.000270142206514	902.237557854	662	0.129118467171	255.334739064	31.167673716	1706.86075095	4	0	0					
3	24	1	0	2245	11.5247216036	0.367483296214	0.00290561708008	0.000361885069061	879.51921612	908	0.126697883069	254.574493405	31.3281938326	1641.91521438	4	0	0					
4	1	1	0	2319	52.8710651143	2.87149633463	0.0119178366568	0.00305119499075	975.709245508	7333	0.122283833757	212.67012252	18.5589799536	1608.88943761	4	0	0					
4	2	1	0	2191	9.79872204473	0.291191236878	0.00290905544421	0.000284439625107	864.807992663	702	0.128919059506	240.941654183	34.0313390313	1599.51450871	4	0	0					
4	3	1	0	2065	143.472639225	5.16271186441	0.0454495658451	0.00593296416523	1655.0057496699999	11607	0.136928124143	436.454498803	27.8606875162	2977.92174494	4	0	0					
4	4	1	0	2334	49.3547557841	1.8881748072	0.0118855226283	0.00214046809763	1041.16615783	4902	0.12013610342	225.457862029	26.3025295798	1753.15460629	4	0	0					
4	5	1	0	2261	11.7169394073	0.403361344538	0.00372393061709	0.000416950086043	907.359835487	1024	0.127413741764	259.662651008	29.513671875	1711.18339343	4	0	0					
4	6	1	0	2227	10.2132914234	0.279748540638	0.00304729904618	0.000280397181311	887.511139276	675	0.131153704257	282.944464149	36.7481481481	1743.03584264	4	0	0					
4	7	1	0	2318	9.82614322692	0.355478861087	0.00335266021729	0.000357016204451	959.372352709	917	0.13295630933	294.191032448	27.5528898582	1869.04920692	4	0	0					
4	8	1	0	2124	10.7095103578	0.365348399247	0.00374212668644	0.00035564746609	917.032206041	858	0.135826773699	333.176858206	29.4918414918	1959.56012813	4	0	0					
4	9	1	0	2053	155.770092547	6.32976132489	0.0718234993464	0.00884926897761	2282.79237251	14036	0.151303423546	659.781211823	24.7439441436	4108.69131562	4	0	0					
4	10	1	0	2255	107.416851441	4.34235033259	0.0296972903764	0.0051106994649	1324.76027798	10795	0.130234067596	304.554556652	24.999814729	2187.69273723	4	0	0					
4	11	1	0	2440	46.4118852459	1.73893442623	0.0109281465608	0.00186098716394	1069.36444009	4628	0.119278091958	237.410903635	26.8586862576	1809.04003574	4	0	0					
4	12	1	0	2199	11.0300136426	0.397908140064	0.00329977768454	0.000387435802957	900.880629315	965	0.129219461407	256.264932993	28.0549222798	1689.20076732	4	0	0					
4	13	1	0	2209	10.2612041648	0.334087822544	0.00283903993108	0.0003421756927	908.947436449	813	0.125103131461	249.29909633	30.7158671587	1696.35291645	4	0	0					
4	14	1	0	2089	10.0895165151	0.324078506462	0.0032070441108	0.000352046111891	883.088760367	758	0.132954356167	273.23682287	31.6160949868	1717.45708566	4	0	0					
4	15	1	0	1705	158.68914956	5.95366568915	0.0566561315819	0.00666750992622	1909.7858041	10984	0.142102193067	546.473991621	26.8731791697	3609.92745509	4	0	0					
4	16	1	0	2308	22.8067590988	0.743500866551	0.0058651726909500004	0.000803271427151	1079.61172097	1914	0.120597681763	258.484514245	31.091954023	1870.90180574	4	0	0					
4	17	1	0	2306	18.1292281006	0.621856027754	0.00481354673714	0.000629943772045	985.007746604	1550	0.12441943081	260.601461368	29.3264516129	1805.20882815	4	0	0					
4	18	1	0	2135	10.6491803279	0.310538641686	0.00300592308333	0.000302137528152	894.008489761	731	0.131788988084	279.217137372	34.5499316005	1788.69669103	4	0	0					
4	19	1	0	2105	11.4755344418	0.34109263658	0.00412453672499	0.000355282788484	906.587316249	814	0.137830184689	333.001965642	33.6977886978	1904.54851883	4	0	0					
4	20	1	0	2612	11.6642419602	0.35528330781	0.00416346818453	0.000379770918878	928.525137264	1037	0.1372252066	312.817793278	32.9768563163	1855.58092402	4	0	0					
4	21	1	0	1870	176.196791444	6.43262032086	0.0782721598611	0.0079883271472	2412.50483869	13285	0.154305558953	711.312320349	27.515769665	4271.94829819	4	0	0					
4	22	1	0	1975	136.854683544	5.64607594937	0.0427799556696	0.00631693014228	1492.14113041	12248	0.138931161133	403.81380966	24.5071032005	2655.39746888	4	0	0					
4	23	1	0	2484	26.5430756844	0.733494363929	0.00733966496938	0.000840872821734	1233.9030966	2061	0.12860948034	296.58562628	36.8655992237	2100.5574124	4	0	0					
4	24	1	0	2026	165.562685094	6.54146100691	0.0600850134737	0.00755323318819	1888.54682114	14470	0.147601867792	534.149734956	25.5401520387	3332.37629853	4	0	0					
5	1	1	0	2070	140.849758454	7.83429951691	0.0498711300693	0.00925225308716	1822.07656148	17940	0.146911077971	508.596334032	18.0574136009	3197.83044153	4	0	0					
5	2	1	0	2100	36.67	1.46619047619	0.00868235086574	0.00147961505279	1012.07531729	3437	0.120467306516	233.183466852	25.0872854233	1738.35351135	4	0	0					
5	3	1	0	2156	12.586270872	0.408163265306	0.00356620997822	0.000392330151183	884.007134318	973	0.125519534876	253.172122158	31.0380267215	1681.08108813	4	0	0					
5	4	1	0	2133	10.3717768401	0.323488045007	0.00298885771421	0.000319837638402	849.693547046	753	0.127605157499	250.024616851	32.3652058433	1706.05004435	4	0	0					
5	5	1	0	2132	11.1632270169	0.427767354597	0.00334633120124	0.000435241585993	898.169724437	1016	0.129599466421	309.026436495	26.0541338583	2016.5764469	4	0	0					
5	6	1	0	2152	118.113847584	4.14219330855	0.036692840519	0.00472546362935	1596.83171124	9657	0.132037782543	410.46951893	28.7732214974	2874.96120003	4	0	0					
5	7	1	0	2056	63.5928988327	2.56128404669	0.0150785487169	0.00273311145713	1092.93324057	5776	0.121379488174	251.140163067	25.0810249307	1901.71183993	4	0	0					
5	8	1	0	2105	18.7035629454	0.657007125891	0.00521771496192	0.000648343494212	942.443444828	1535	0.125841512772	287.35996854	28.9127035831	1896.72774608	4	0	0					
5	9	1	0	2159	12.8124131542	0.425196850394	0.00428403834426	0.000425655034874	933.400650105	1020	0.131232641077	298.616440257	30.4656862745	1931.72629086	4	0	0					
5	10	1	0	2141	8.91966370855	0.267631947688	0.00324810430049	0.000273146272835	889.587601972	651	0.138933367435	322.641358343	33.5760368664	1850.69456649	4	0	0					
5	11	1	0	2083	9.66442630821	0.323091694671	0.00332163157232	0.000342916343505	991.288497891	748	0.132214650029	322.451037779	30.3395721925	2114.78719673	4	0	0					
5	12	1	0	2282	99.1822962314	4.05302366345	0.0272262542747	0.00444539688019	1343.32950026	10157	0.12991056803	335.603098971	24.7090676381	2387.72292239	4	0	0					
5	13	1	0	2147	29.9240801118	1.0256171402	0.00665265634657	0.00104795048124	1043.49283385	2395	0.117472473221	225.670363141	29.4943632568	1745.15061407	4	0	0					
5	14	1	0	2238	10.3570151921	0.357015192136	0.00354770755467	0.000376420392261	1174.61494249	875	0.135901637089	383.308573182	29.3245714286	2427.80296139	4	0	0					
5	15	1	0	2179	8.86278109224	0.273978889399	0.00336937814391	0.000288689436889	926.207652717	655	0.13698851518	338.248855256	32.7099236641	1957.63614199	4	0	0					
5	16	1	0	2200	8.47454545455	0.282727272727	0.00275114815962	0.000294389093412	936.70311633	697	0.134543103157	294.17993502	30.612625538	1835.56611549	4	0	0					
5	17	1	0	2248	8.58318505338	0.258451957295	0.00275908964055	0.000262094373921	979.681990564	639	0.135298121515	325.249432446	33.5258215962	2055.4221009	4	0	0					
5	18	1	0	1961	169.042325344	6.15961244263	0.0675087670984	0.00755602094744	2290.38554408	13267	0.146990900556	661.930387344	27.6538780433	4201.86430916	4	0	0					
5	19	1	0	2103	120.749405611	4.71421778412	0.035391559169	0.00529393314871	1317.43887744	11035	0.134557779086	337.244926935	25.8591753512	2316.29783484	4	0	0					
5	20	1	0	2127	17.3347437706	0.670897978373	0.00506137297322	0.000692023502855	931.83927121	1569	0.12640931803	250.807131697	26.1880178458	1692.15163342	4	0	0					
5	21	1	0	2258	12.6948627104	0.442426926484	0.0041944307686	0.000468591121706	906.344997353	1141	0.129784445913	295.418566149	29.0727432077	1888.87269132	4	0	0					
5	22	1	0	1985	11.0191435768	0.371284634761	0.00332949171922	0.00037608409021	895.303757303	804	0.132791594507	290.784660503	29.6890547264	1826.54029387	4	0	0					
5	23	1	0	2163	9.55570966251	0.328710124827	0.00277884946711	0.000334915134618	836.74188295	782	0.128238352815	233.121318358	29.1150895141	1532.14218959	4	0	0					
5	24	1	0	2028	165.340729783	6.9674556213	0.0589074905827	0.00788394923843	1687.02198288	15324	0.147384752608	475.83041435	23.9303706604	2976.51490421	4	0	0					
6	1	1	0	1453	177.573296628	8.57880247763	0.0743573085052	0.0102325684549	2548.51188696	13791	0.153425963756	776.038632314	20.7131462548	4833.52291582	4	0	0					
6	2	1	0	2170	141.921198157	6.03502304147	0.0436049532847	0.00674711761901	1426.70711109	14340	0.141274588414	378.260882906	23.5966527197	2478.53010883	4	0	0					
6	3	1	0	2252	99.6980461812	4.26642984014	0.0266059003507	0.00474024255222	1179.71981853	10549	0.12946993242	281.676321106	23.4266755143	2047.02681185	4	0	0					
6	4	1	0	2231	42.7041685343	1.57283729269	0.00990138294663	0.00168441098455	1002.75782951	3804	0.119295649241	219.90481222	27.3974763407	1709.10778464	4	0	0					
6	5	1	0	2337	8.55198973042	0.267436884895	0.00288042431108	0.000281355727161	902.129532964	711	0.130815268285	295.318448379	32.194092827	1910.20545158	4	0	0					
6	6	1	0	2064	10.8837209302	0.351259689922	0.00343902820835	0.000342024253339	918.612053762	809	0.134098401233	301.425505504	31.1990111248	1938.12621159	4	0	0					
6	7	1	0	2230	10.0686098655	0.335874439462	0.00312165607313	0.000331014250286	949.175569983	818	0.129346975834	298.609321267	30.195599022	1937.93609654	4	0	0					
6	8	1	0	2234	146.339301701	5.92479856759	0.0599650622398	0.0071967833967	2255.96162346	14472	0.148007574459	722.505581589	24.9001520177	4462.60176255	4	0	0					
6	9	1	0	2103	59.7584403233	2.3675701379	0.0178136166031	0.00260973511105	1229.81118201	5540	0.132892126385	363.391316285	25.5198555957	2420.55267111	4	0	0					
6	10	1	0	2094	14.0754536772	0.446991404011	0.00541265657559	0.000459319340505	1016.98398261	1021	0.135339060939	358.917411733	31.94417238	2149.15619109	4	0	0					
6	11	1	0	2241	8.92369477912	0.3395805444	0.00320115914665	0.000359295617681	949.864309288	826	0.132971676642	304.899800847	26.4200968523	1943.05122917	4	0	0					
6	12	1	0	2105	9.72066508314	0.323990498812	0.00345715829983	0.000308999274609	943.580422801	757	0.138353509885	345.211828046	30.7265521797	2025.15979503	4	0	0					
6	13	1	0	2181	8.24025676295	0.250802384227	0.00281715919746	0.0002501664719	1037.50243995	596	0.135615308463	377.786454369	32.9513422819	2347.78435976	4	0	0					
6	14	1	0	2048	161.281738281	5.490234375	0.067783093147	0.00729016084739	2353.785322	12317	0.144295515675	639.506911144	29.5634488918	4144.07729801	4	0	0					
6	15	1	0	1942	106.498455201	3.9938208033	0.0318622420843	0.0046330378372	1387.87739027	8642	0.131309951162	339.877454113	26.9215459384	2400.95155024	4	0	0					
6	16	1	0	2098	11.406577693	0.381792183031	0.00306571186705	0.000384292373829	887.355821906	885	0.125719491385	253.857977582	30.2666666667	1727.52772342	4	0	0					
6	17	1	0	2053	8.8105211885	0.302484169508	0.00243438962139	0.00030174988533	870.994505087	686	0.127581531521	245.139611496	29.6793002915	1611.03745447	4	0	0					
6	18	1	0	2097	8.68097281831	0.300429184549	0.00300279977028	0.000313004065654	918.669811914	693	0.133422711164	348.534961798	29.3751803752	2140.10087108	4	0	0					
6	19	1	0	2080	10.5509615385	0.347596153846	0.00359768013565	0.000351399871019	856.958220287	791	0.131943664599	283.78132989	30.1340075853	1781.21818109	4	0	0					
6	20	1	0	1983	183.721129602	5.48966212809	0.066023745079	0.0069373352923900004	2345.23660964	12042	0.138149311376	584.150916523	33.6581963129	4054.17694349	4	0	0					
6	21	1	0	2081	110.813551177	4.14992791927	0.0304479348884	0.00447837516363	1338.71831633	9532	0.127277988598	312.176166698	26.8972933277	2286.98707037	4	0	0					
6	22	1	0	2031	25.6794682422	0.975381585426	0.00621682939101	0.00100877056763	961.742703119	2166	0.117960072724	234.730365203	26.55355494	1699.19152345	4	0	0					
6	23	1	0	1887	176.117647059	7.21621621622	0.0694008717952	0.00856178966623	1983.13679633	15102	0.151291429854	572.327768436	24.6409747053	3524.96022582	4	0	0					
6	24	1	0	2190	12.0109589041	0.433789954338	0.00307666239206	0.000456959823985	856.161626125	1049	0.121903028755	219.207126829	28.093422307	1529.88984507	4	0	0					
7	1	1	0	1942	10.6333676622	0.343975283213	0.00320541627364	0.000347517061494	893.485047604	747	0.128307972416	267.748668375	30.9156626506	1724.75891906	4	0	0					
7	2	1	0	2011	132.063649925	5.99353555445	0.0397487327209	0.00656720282431	1421.15621617	13136	0.140153210508	386.349097748	22.1461632156	2547.38438611	4	0	0					
7	3	1	0	2075	12.0645783133	0.412048192771	0.00309776678479	0.000410031614319	844.574413952	957	0.126349329644	232.700757371	29.4921630094	1563.86666321	4	0	0					
7	4	1	0	1975	131.845063291	5.04	0.0424571514313	0.00551764510481	1571.13352209	10977	0.139417201183	455.914343541	26.3984695272	3030.07729214	4	0	0					
7	5	1	0	2158	43.2734012975	1.45505097312	0.010303483859	0.00148624353414	1035.90636554	3435	0.121457396941	245.017219296	29.7994177584	1834.21710976	4	0	0					
7	6	1	0	1999	17.4082041021	0.561780890445	0.00449484826815	0.000575641232243	940.261795723	1235	0.122387548955	240.314078999	31.2615384615	1704.14186519	4	0	0					
7	7	1	0	1997	10.6940410616	0.315973960941	0.00402986917685	0.000319867177008	934.537804655	728	0.140313239259	340.824772842	34.0604395604	1989.71906551	4	0	0					
7	8	1	0	2053	10.2118850463	0.358012664394	0.00278517592861	0.000363945259698	913.462705983	814	0.128466291744	249.275370473	28.7837837838	1670.3623022	4	0	0					
7	9	1	0	1958	9.4519918284	0.32379979571	0.00292232809877	0.000324164712478	936.736216579	696	0.131501165702	289.371483447	29.8275862069	1840.1493496	4	0	0					
7	10	1	0	1942	149.954685891	5.82955715757	0.0680021757637	0.00723024461326	2260.11450915	12219	0.152745383173	775.310537516	25.9603077175	4610.88226319	4	0	0					
7	11	1	0	1988	146.099597586	6.24547283702	0.059240232558	0.00739330446161	2103.86070458	13365	0.148920108427	685.011270313	23.5797231575	4210.4105864	4	0	0					
7	12	1	0	1995	19.0406015038	0.678696741855	0.00509916489458	0.000686264669734	992.060677242	1502	0.121460621881	253.902298704	28.5559254328	1778.96021816	4	0	0					
7	13	1	0	2051	11.1745490005	0.360799609946	0.003756425625	0.000383215180761	920.692540888	817	0.13124618547	285.00683221	31.3745410037	1811.2687196	4	0	0					
7	14	1	0	2066	9.49467570184	0.302032913843	0.0032509271474	0.000312411330852	922.41367316	679	0.138266203206	302.331356133	32.1119293078	1835.05146036	4	0	0					
7	15	1	0	2070	10.6357487923	0.37922705314	0.00390235859304	0.000393353263788	953.150646553	879	0.13818734661	334.451852991	28.8020477816	2035.86011226	4	0	0					
7	16	1	0	2057	19.9859017987	0.652406417112	0.00571079300103	0.000670658573426	964.645478416	1449	0.127590333369	268.124242781	30.9316770186	1808.71989796	4	0	0					
7	17	1	0	2094	9.26265520535	0.334288443171	0.00331621910741	0.000357232137591	926.68437779	804	0.135096179107	318.774318084	28.1890547264	1862.23537164	4	0	0					
7	18	1	0	2056	10.9528210117	0.400778210117	0.00347738036093	0.000409655213592	887.575706083	910	0.134121615708	302.424385179	28.0802197802	1907.15983868	4	0	0					
7	19	1	0	2057	9.78706854643	0.294117647059	0.00304751947715	0.000285038090087	920.037771626	676	0.136363753787	300.982440633	34.0177514793	1864.37732523	4	0	0					
7	20	1	0	1968	10.1117886179	0.323170731707	0.00286892950275	0.000328305601762	869.041269401	694	0.131843418812	265.151983245	31.3717579251	1667.13919217	4	0	0					
7	21	1	0	2043	11.1625061185	0.327949094469	0.00314781319096	0.000316003298982	866.577114503	717	0.133657732488	268.156831029	34.0139470014	1701.06087306	4	0	0					
7	22	1	0	2017	186.086762519	7.2875557759	0.0754566666432	0.00882619111402	2673.24718192	16227	0.148069900628	728.809234296	25.6683921859	4709.95155778	4	0	0					
7	23	1	0	1578	169.395437262	7.08935361217	0.0615436107824	0.00799787262734	1796.56849528	12377	0.149143637367	512.71451385	24.0378928658	3182.5003981199998	4	0	0					
7	24	1	0	1915	177.979634465	7.62402088773	0.0642146054587	0.00830400436147	2121.73358488	16145	0.145538856931	587.282067275	23.561598018	3765.92949864	4	0	0					
8	1	1	0	2347	8.23348956114	0.223263740946	0.00206422837536	0.000222647433324	935.697943798	598	0.128137926838	232.592725917	36.4682274247	1603.98129638	4	0	0					
8	2	1	0	2060	106.22184466	4.65776699029	0.028353801116	0.00488322901726	1294.48503536	10623	0.131523249679	341.128949543	22.9804198437	2362.77361403	4	0	0					
8	3	1	0	2197	21.4155666818	0.824761037779	0.00503138583102	0.000822963206809	961.22893858	2002	0.118077535571	217.761150627	25.8486513487	1646.55611591	4	0	0					
8	4	1	0	2167	12.5062298108	0.410244577757	0.00339519990833	0.000424137954334	918.975831406	981	0.124654241991	241.357622729	30.3557594292	1665.3748289	4	0	0					
8	5	1	0	2274	14.8113456464	0.376429199648	0.00486019161219	0.000457021069323	976.036339666	960	0.131754153515	313.37305144	39.440625	2110.33736945	4	0	0					
8	6	1	0	1836	161.962962963	6.0174291939	0.0615458361882	0.00652480966854	2107.84273634	12200	0.146561032655	691.536268856	27.1842622951	4330.66764637	4	0	0					
8	7	1	0	2244	89.389483066	3.05837789661	0.0241697049178	0.00328786393384	1293.90687707	7572	0.127552653662	329.439708314	29.5268092974	2369.17990901	4	0	0					
8	8	1	0	2061	16.5875788452	0.594371664241	0.00465538899621	0.000602938401093	925.451000035	1352	0.124635558765	255.018445978	28.1693786982	1772.19724716	4	0	0					
8	9	1	0	2182	11.8744271311	0.368469294225	0.00400125577634	0.000373747303304	945.224773562	873	0.132857937475	300.754823263	32.4410080183	1890.97164505	4	0	0					
8	10	1	0	2139	11.5399719495	0.365123889668	0.00423471138835	0.000407102876872	1020.03102769	857	0.133148148063	341.041709159	31.7106184364	2219.03286103	4	0	0					
8	11	1	0	2191	9.20401643085	0.276129621178	0.00326290720263	0.000281869207043	1042.8977398	662	0.138971948769	356.351430624	33.5634441088	2181.72213117	4	0	0					
8	12	1	0	2047	116.031265266	3.94088910601	0.0346295620628	0.00439207413794	1464.8870913	8862	0.132838816515	384.603533697	29.6162265854	2662.12687433	4	0	0					
8	13	1	0	2095	46.2968973747	1.74892601432	0.0112131624914	0.00185326089959	1101.77716419	4019	0.12106239849	251.356764311	26.6076138343	1898.72672321	4	0	0					
8	14	1	0	2085	11.5568345324	0.397601918465	0.00397435833828	0.000385170261986	981.227932276	921	0.135917829738	333.671490313	29.7774158523	2038.30429645	4	0	0					
8	15	1	0	2136	9.61844569288	0.35861423221	0.00283486758838	0.000368463702661	945.228480004	827	0.12787794726	261.926484897	27.3857315599	1721.04885991	4	0	0					
8	16	1	0	2098	9.30457578646	0.295042897998	0.00301667358407	0.000307150147851	924.708784447	697	0.134439100501	285.773733622	31.862266858	1800.34249014	4	0	0					
8	17	1	0	2166	8.28993536473	0.277008310249	0.00300754831336	0.000286735714168	934.398668089	660	0.13992872124	335.332270083	30.5893939394	1958.44429107	4	0	0					
8	18	1	0	2043	108.284385707	3.67547723935	0.0290671282261	0.00415469818375	1319.51982252	8218	0.126851697928	300.382416002	29.704916038	2205.44424167	4	0	0					
8	19	1	0	2114	41.7005676443	1.41201513718	0.00969595154954	0.00157567590009	972.532008149	3261	0.117827371206	205.417518697	29.6740263723	1602.8373801	4	0	0					
8	20	1	0	2173	15.2089277497	0.463874827428	0.00500244147688	0.000464611248046	943.211364165	1086	0.13237310922	307.911916598	32.9189686924	1925.77473918	4	0	0					
8	21	1	0	2077	12.6437168994	0.389985556091	0.00331571099639	0.000393441427844	901.251942764	898	0.128435799819	254.127624029	32.355233853	1708.51984486	4	0	0					
8	22	1	0	2287	9.21644075208	0.286401399213	0.00259480249461	0.000293731729243	850.843036623	726	0.129280108406	237.615470888	32.1349862259	1518.1910305	4	0	0					
8	23	1	0	2121	9.20367751061	0.292786421499	0.002679834895	0.000295266235417	962.667180629	685	0.133559284755	298.356940151	31.5839416058	1863.32610221	4	0	0					
8	24	1	0	2090	9.15358851675	0.325358851675	0.00249201332881	0.000329053867898	871.690584788	750	0.126319534699	241.309746681	28.9	1611.73235036	4	0	0					
9	1	1	0	2063	9.14590402327	0.322346097916	0.00276408354002	0.00032357950069	920.679922902	733	0.128099661102	280.728535156	28.6425648022	1870.69525863	4	0	0					
9	2	1	0	2097	115.394849785	4.80829756795	0.0324891826285	0.00529044180475	1335.93660644	10928	0.133165993407	343.985393653	24.2671120059	2406.61064894	4	0	0					
9	3	1	0	1857	52.4577275175	1.99730748519	0.0121668195117	0.00203005583172	997.922053896	4041	0.122196960077	235.842300887	26.4578074734	1765.57665444	4	0	0					
9	4	1	0	2062	13.4291949564	0.436954413191	0.00395305330566	0.000470202306245	901.136333934	998	0.125398752561	255.280629452	30.621242485	1698.20035102	4	0	0					
9	5	1	0	2232	9.86827956989	0.288978494624	0.00398819041397	0.000352378232974	983.235426374	723	0.134463939843	348.658999712	34.6058091286	2205.61301932	4	0	0					
9	6	1	0	1925	10.0992207792	0.315844155844	0.00359708420101	0.000315235104947	934.13231322	684	0.136737451578	309.170645457	32.1549707602	1848.96213724	4	0	0					
9	7	1	0	1941	10.7660999485	0.332818134982	0.00313777929021	0.00032334794465	877.602018113	700	0.130213712274	255.64289749899999	32.3771428571	1670.1442886	4	0	0					
9	8	1	0	2119	144.250589901	5.80840018877	0.0553721841157	0.00667212870446	2077.87651571	13519	0.144977570572	633.361909712	25.0481544493	4064.40955533	4	0	0					
9	9	1	0	1975	69.5640506329	2.74481012658	0.017246077275	0.00282295596188	1152.87825406	5911	0.126733128383	291.661042319	25.4833361529	2126.60686893	4	0	0					
9	10	1	0	1875	9.84373333333	0.338133333333	0.00287059442953	0.000347544517089	1034.67154679	707	0.125864995808	260.287313445	29.4158415842	1812.02236403	4	0	0					
9	11	1	0	2073	8.83405692233	0.298118668596	0.00278935492761	0.000298393953734	901.832299009	671	0.132744967376	311.947120405	29.8509687034	1914.92301641	4	0	0					
9	12	1	0	2046	9.09921798631	0.327956989247	0.00324930240174	0.000346337679249	921.683130602	731	0.13377480656	331.935013515	27.9069767442	2086.81783095	4	0	0					
9	13	1	0	2120	10.0443396226	0.341509433962	0.00410267530935	0.00035451324658	944.917027817	811	0.140892331565	386.790351772	29.3415536375	2237.64125746	4	0	0					
9	14	1	0	1979	97.9206670035	3.64325416877	0.0257510627347	0.00391722652054	1210.67695029	7917	0.12939763721	296.697368013	27.1241631931	2127.52437553	4	0	0					
9	15	1	0	1969	19.7755205688	0.707465718639	0.00413567632098	0.00070215207592	960.780773295	1553	0.115920460377	201.696282704	27.8544752093	1572.46874486	4	0	0					
9	16	1	0	2053	7.92450073064	0.275694106186	0.0021222863156	0.000262442575757	934.433978321	628	0.127210889408	254.188835383	29.0987261146	1676.52128095	4	0	0					
9	17	1	0	2249	9.36727434415	0.28190306803	0.00354797280266	0.000293440325478	925.992557619	695	0.139044263005	326.382171731	34.1827338129	1968.73993209	4	0	0					
9	18	1	0	2110	8.20805687204	0.270142180095	0.00300480607828	0.000278394097645	889.773582184	630	0.139405911039	329.093047229	30.9031746032	1988.47048722	4	0	0					
9	19	1	0	2095	8.68400954654	0.269212410501	0.0028160520869	0.000269698693519	880.159303884	625	0.139478555819	294.286200238	32.792	1776.31016289	4	0	0					
9	20	1	0	2208	67.0412137681	3.11050724638	0.0173085682566	0.00358758145545	1053.13354958	7375	0.127018564423	246.243645466	21.7209491525	1813.79822072	4	0	0					
9	21	1	0	2007	89.7563527653	3.44294967613	0.0234416850854	0.00393693632511	1107.26416989	7498	0.127280329315	249.822926993	26.2347292611	1833.31119774	4	0	0					
9	22	1	0	2110	31.7677725118	1.27772511848	0.00724143469788	0.00132541664536	944.66574579	2961	0.120401023108	205.308274742	24.9780479568	1560.61755675	4	0	0					
9	23	1	0	1787	12.5047565753	0.437045327364	0.00334634069797	0.000441528623663	910.505026487	856	0.126385042307	228.538354686	28.6378504673	1576.85058435	4	0	0					
9	24	1	0	2064	8.91521317829	0.314437984496	0.00253922118916	0.000324528980812	870.392296387	726	0.125741955722	252.149523408	28.8333333333	1629.10827907	4	0	0					
10	1	1	0	2114	9.58561967833	0.332071901608	0.00290532263602	0.000334139700568	990.268859129	788	0.127674355507	291.91537782	29.0139593909	1946.79040302	4	0	0					
10	2	1	0	2191	10.5403925148	0.338201734368	0.00295078634729	0.000343019740412	848.341399434	859	0.124641326464	248.793892024	31.4563445867	1664.84757502	4	0	0					
10	3	1	0	2044	190.537671233	6.73581213307	0.0726924472774	0.00730195929731	2339.48035268	15182	0.147982686237	689.734372496	28.5214727967	4325.41058018	4	0	0					
10	4	1	0	2222	108.710621062	3.90909090909	0.0332347018061	0.00418604570558	1424.71524244	9634	0.134179736948	430.671531186	27.9114594146	2820.32169706	4	0	0					
10	5	1	0	2216	26.3844765343	0.783844765343	0.00659510588903	0.000772964508499	1036.30860754	1915	0.124695272181	279.48598743	33.4919060052	1932.58661778	4	0	0					
10	6	1	0	2152	11.4944237918	0.348977695167	0.00346366626204	0.0003652082496	907.812257511	853	0.128856813091	259.176559708	32.9097303634	1726.01124918	4	0	0					
10	7	1	0	2099	10.2748928061	0.310147689376	0.0032038983407	0.000322027391347	929.345947523	720	0.130214676956	282.375518824	33.1888888889	1864.5876885	4	0	0					
10	8	1	0	2132	9.72326454034	0.295966228893	0.00336493784284	0.000302368830266	935.579679456	693	0.132563274623	317.055989158	33.5411255411	1954.03343099	4	0	0					
10	9	1	0	2062	153.482541222	5.46799224054	0.0582557983654	0.00631491790457	1924.54168023	12273	0.144456891445	577.201606422	28.2773567995	3701.68602992	4	0	0					
10	10	1	0	1916	69.139874739	2.70354906054	0.0167340991703	0.00282584010653	1195.21046824	5700	0.122695396746	277.107368117	25.9443859649	2065.6328916	4	0	0					
10	11	1	0	2155	13.6737819026	0.47192575406	0.00411592055067	0.000461279203372	966.106228791	1126	0.128919186781	307.743240332	29.3614564831	1965.02267947	4	0	0					
10	12	1	0	2242	8.74710080285	0.292595896521	0.00294901016102	0.000316186368234	935.428954882	731	0.133730342062	303.09577383	30.2503419973	1934.80246479	4	0	0					
10	13	1	0	2147	8.97904052166	0.286446204006	0.00310528647681	0.000293313186267	894.32592913	698	0.136138522713	337.729213255	31.8667621777	2075.37731399	4	0	0					
10	14	1	0	2067	8.60957910015	0.308659893566	0.00243960518175	0.000302469010383	903.009510991	714	0.129720420162	249.736681512	27.6652661064	1649.59683558	4	0	0					
10	15	1	0	1913	8.14270778881	0.280188186095	0.00222789015576	0.000280106890178	919.804983957	592	0.12632920403	260.6429193	29.3902027027	1753.52718568	4	0	0					
10	16	1	0	2037	9.89543446244	0.340206185567	0.00322470369414	0.000347821774295	908.00618402	760	0.131472081635	291.901220499	29.5539473684	1876.36801116	4	0	0					
10	17	1	0	2088	9.36063218391	0.288793103448	0.00304040886313	0.00029454001478	875.477784772	667	0.134315449597	290.660558209	32.9715142429	1811.33411527	4	0	0					
10	18	1	0	1684	90.2197149644	3.15973871734	0.0234848294034	0.00341911508127	1208.30423283	5877	0.128030991011	290.528976361	28.7706312745	2086.31922121	4	0	0					
10	19	1	0	1916	48.7510438413	1.69258872651	0.0107173355721	0.00171951745832	936.692731176	3591	0.119129572837	203.004845058	29.044555834	1547.05020066	4	0	0					
10	20	1	0	2057	10.3087019932	0.339329120078	0.00313020852132	0.000356559759206	878.928315945	749	0.127209449543	262.708891008	30.3324432577	1707.33350912	4	0	0					
10	21	1	0	1791	143.709659408	5.34450027917	0.0507609923125	0.00602770413507	1526.90157022	10702	0.142732847486	451.815605774	27.0065408335	2868.96869757	4	0	0					
10	22	1	0	2110	51.6440758294	1.72369668246	0.0119323116458	0.00176054010816	1023.38325129	3983	0.12081793983	232.613425736	30.2598543811	1744.49633725	4	0	0					
10	23	1	0	2079	10.1418951419	0.334295334295	0.00289844419184	0.000346226171557	830.34600875	766	0.127928504891	232.687987804	30.3929503916	1522.89874807	4	0	0					
10	24	1	0	2162	9.40795559667	0.326086956522	0.00263443451031	0.00032644441524	911.327368271	804	0.129776204702	246.808935222	28.9527363184	1618.30655044	4	0	0					
11	1	1	0	2195	10.538952164	0.311617312073	0.00363817560979	0.000305135208699	1042.27901848	763	0.14353937786	399.355960405	33.5596330275	2286.91494992	4	0	0					
11	2	1	0	2050	8.52097560976	0.302926829268	0.0022194475268	0.000327426243167	841.271976675	701	0.124920003789	211.899643012	29.1055634807	1482.8969527	4	0	0					
11	3	1	0	1884	10.1730360934	0.307324840764	0.00270071216249	0.000298389895529	837.777755307	666	0.125116012394	220.578033508	33.6831831832	1520.15084846	4	0	0					
11	4	1	0	2094	169.393982808	6.97564469914	0.0913342729298	0.00873247842393	2731.67411903	16128	0.165370420925	1027.05421733	24.3668774802	5699.02774484	4	0	0					
11	5	1	0	1917	136.346896192	5.13458528951	0.0443492382082	0.00574654381031	1506.22058275	10827	0.14022042981	434.027867261	26.6775653459	2823.40488386	4	0	0					
11	6	1	0	2005	59.5182044888	2.15810473815	0.0133514882249	0.0022984821818	1027.82854467	4716	0.120877203716	227.399824886	27.7830788804	1746.19243155	4	0	0					
11	7	1	0	1909	20.5678365636	0.720796228392	0.00501796961631	0.000720773233703	968.745032049	1531	0.12214048659	242.271674838	28.7413455258	1750.56172029	4	0	0					
11	8	1	0	1907	16.0256948086	0.573151546932	0.00343243078749	0.000540954927756	914.852945686	1211	0.121618870409	218.454428079	28.1312964492	1592.05149359	4	0	0					
11	9	1	0	1932	11.9761904762	0.394409937888	0.00372118473466	0.000388311033314	902.749455806	844	0.130888465621	280.617291465	30.4632701422	1822.48471717	4	0	0					
11	10	1	0	1814	136.633406836	5.79988974642	0.0509442227457	0.00746159581416	1623.9662036	11494	0.141206849901	444.178858127	23.7375152253	2954.95201109	4	0	0					
11	11	1	0	1827	59.7011494253	2.28845101259	0.0131737727917	0.00244107715704	1040.07109854	4635	0.120230745478	217.452298904	26.2916936354	1692.33591851	4	0	0					
11	12	1	0	1951	20.3280369042	0.764736032804	0.00500439382739	0.000790013912776	936.835258037	1654	0.120919256892	227.511397318	26.8198307134	1651.97219168	4	0	0					
11	13	1	0	1949	8.82093381221	0.30990251411	0.00273154077099	0.000318850531294	899.422919571	666	0.131177243226	279.804156717	28.8453453453	1739.67754533	4	0	0					
11	14	1	0	1919	8.87545596665	0.306930693069	0.00252363922079	0.000313305610648	881.112492059	667	0.129250417895	257.388765371	29.6116941529	1656.26812438	4	0	0					
11	15	1	0	2063	7.9093553078	0.253029568589	0.00258985481488	0.000256340802048	884.981880006	589	0.133961667574	284.767720485	32.025466893	1738.60891705	4	0	0					
11	16	1	0	1901	119.082062073	4.19042609153	0.0369521952768	0.00501411469822	1308.4043817	8614	0.133252904315	326.948254051	28.5615277455	2269.28760541	4	0	0					
11	17	1	0	1997	70.3605408112	2.48572859289	0.0178169385324	0.00284815524452	1115.03386511	5412	0.123394946192	250.517305169	28.575203252	1883.85441498	4	0	0					
11	18	1	0	1904	9.98476890756	0.294642857143	0.00341809234757	0.000319562752508	951.482578186	628	0.133026845562	344.470419006	34.4554140127	2116.29817704	4	0	0					
11	19	1	0	1921	9.35346173868	0.291514836023	0.00278507336304	0.000284158648737	863.606282212	623	0.133655660832	268.486829322	32.0834670947	1693.35632462	4	0	0					
11	20	1	0	2028	12.2993096647	0.364891518738	0.00341636659448	0.000371120619911	888.766552492	804	0.129270159019	257.031298934	33.8992537313	1735.80988593	4	0	0					
11	21	1	0	2056	11.0243190661	0.318093385214	0.00259695846141	0.000305013242447	876.031363346	720	0.128055074906	227.450754033	35.0666666667	1522.63984449	4	0	0					
11	22	1	0	1916	48.8256784969	1.87473903967	0.011655016698	0.00196258305368	974.8268885	3978	0.124666509222	231.958648716	26.336098542	1692.31241737	4	0	0					
11	23	1	0	2091	9.1425155428	0.305117168819	0.0028454007489	0.00030540595729	872.9767085	698	0.131642202363	290.92172663	30.2220630372	1789.56617265	4	0	0					
11	24	1	0	2151	48.6132031613	1.91073919107	0.0110253645196	0.00207541199971	1031.98356703	4483	0.121954991772	220.791473453	25.5500780727	1668.83575746	4	0	0					
12	1	1	0	1908	153.19129979	5.59853249476	0.0494468119662	0.00612435882921	1783.5559975	11695	0.143252839271	501.962724724	27.5877725524	3214.27343747	4	0	0					
12	2	1	0	2171	10.1174573929	0.311377245509	0.00339911860058	0.000301985789715	901.698684165	767	0.140233086921	328.14091883	32.6440677966	1962.43850241	4	0	0					
12	3	1	0	2091	20.0573888092	0.808703969393	0.00442195854141	0.000838537065604	882.84830694	1872	0.11897991492	195.338262621	24.9887820513	1496.06067111	4	0	0					
12	4	1	0	2148	9.91713221601	0.351489757914	0.00276573172998	0.000343461554111	873.550330842	844	0.125504694367	257.382207924	28.0805687204	1661.7286659	4	0	0					
12	5	1	0	2135	10.3091334895	0.370491803279	0.00349278728996	0.000376148355922	886.618304946	894	0.133757357208	283.852738695	28.1353467562	1797.22294457	4	0	0					
12	6	1	0	1979	10.0515411824	0.32945932289	0.00318142553185	0.000337035242756	882.144679513	725	0.132121572577	273.176534286	30.995862069	1776.92586644	4	0	0					
12	7	1	0	1779	161.028667791	6.04946599213	0.0601203509186	0.00688783044641	1902.99833654	11639	0.145248047351	568.425286392	26.8047942263	3663.67121482	4	0	0					
12	8	1	0	2132	39.6088180113	1.55487804878	0.0102512368109	0.00170793608677	1071.21501785	3679	0.124565150082	256.505249522	25.6142973634	1895.96639	4	0	0					
12	9	1	0	2132	10.8053470919	0.371013133208	0.00271015315627	0.000398679281385	887.223798996	876	0.121772605403	218.628825272	29.1894977169	1554.55852581	4	0	0					
12	10	1	0	2033	10.3920314806	0.356615838662	0.00329152380819	0.000380110463743	908.154309549	806	0.126118241498	261.340199037	29.3957816377	1735.62577481	4	0	0					
12	11	1	0	1970	12.5543147208	0.490862944162	0.00401729730758	0.000488475643215	917.490139644	1061	0.13008346056	267.228377165	25.8369462771	1728.94417141	4	0	0					
12	12	1	0	2101	9.0071394574	0.294621608758	0.00268957397563	0.000310339038161	887.915755679	687	0.127941297674	246.39159681	30.7991266376	1650.66506089	4	0	0					
12	13	1	0	1898	10.0974710221	0.36406743941	0.00319539028894	0.000374719267358	909.775151211	772	0.133220109837	296.765083251	28.0220207254	1929.93776136	4	0	0					
12	14	1	0	1913	9.60637741767	0.330371144799	0.00275169929644	0.000320942338909	929.816133341	707	0.127265515947	287.904387911	29.5997171146	1893.74689038	4	0	0					
12	15	1	0	1990	8.8391959799	0.29648241206	0.00253392946451	0.00030125942856	868.983286327	661	0.127275956347	233.678238888	30.0121028744	1569.42369072	4	0	0					
12	16	1	0	1758	108.147326507	3.88339021615	0.0313617020105	0.00413476131976	1459.10774591	7434	0.132900790036	391.668288002	28.0602636535	2705.95224656	4	0	0					
12	17	1	0	1874	20.8794023479	0.654215581644	0.00530009222762	0.000671457181189	920.669065199	1369	0.121531594687	226.262268927	32.2556610665	1614.73077885	4	0	0					
12	18	1	0	1867	12.3444027852	0.410819496518	0.00357509925515	0.000409789870725	922.895357717	856	0.129573584817	259.638320979	30.6273364486	1706.23301744	4	0	0					
12	19	1	0	1541	154.825438027	5.25243348475	0.0521292508689	0.00608983393969	1578.4017775	8846	0.13915096955	409.121929725	29.7437259778	2790.65596769	4	0	0					
12	20	1	0	1897	99.9699525567	4.12124406958	0.0262948358102	0.00421629729082	1172.2042316	8533	0.130839783862	306.808151355	24.5239657799	2142.59185168	4	0	0					
12	21	1	0	1868	19.323875803	0.622055674518	0.00486443314949	0.00063672679376	871.150232707	1283	0.122239815038	228.232424806	31.5611847233	1596.22153089	4	0	0					
12	22	1	0	2069	11.0372160464	0.366843885935	0.00298325499527	0.00036423577614	861.078793789	845	0.129395386493	237.033104605	30.5775147929	1552.53488115	4	0	0					
12	23	1	0	2001	9.61069465267	0.302848575712	0.00298999379998	0.000329197327097	897.964139437	665	0.132256909613	276.176791963	31.8812030075	1738.58100924	4	0	0					
12	24	1	0	1814	164.165380375	6.1598676957	0.05562876407	0.00686644877896	1767.47735355	12341	0.145553998233	493.089790553	26.9045458229	3127.60275488	4	0	0					
13	1	1	0	2018	124.555500496	4.95044598612	0.036048258703	0.00517254502893	1662.70860347	11079	0.138244493034	450.55187666	25.1109305894	2983.56749598	4	0	0					
13	2	1	0	1983	10.8487140696	0.35552193646	0.00311918909812	0.00027729272057	980.058403578	784	0.137240424653	364.190338452	30.2589285714	2128.97565821	4	0	0					
13	3	1	0	2053	9.1500243546	0.288358499756	0.00250627267732	0.000301820129114	890.121750747	662	0.124819448367	245.846551435	31.3429003021	1721.96484158	4	0	0					
13	4	1	0	1865	112.790884718	3.36353887399	0.0306535742333	0.00372863947731	1269.68819019	6849	0.129861087987	316.672190307	33.7050664331	2281.98941121	4	0	0					
13	5	1	0	1933	44.6714950854	1.61924469736	0.0100833638163	0.00170692206441	978.189369528	3519	0.120549679036	219.17730159	27.7138391589	1677.4227462	4	0	0					
13	6	1	0	2233	13.043439319299999	0.373488580385	0.0040796534388	0.000394546743828	916.027955163	932	0.129383172604	275.520815811	34.7703862661	1776.0488283	4	0	0					
13	7	1	0	1987	9.31152491193	0.28686462003	0.00294817743929	0.000282527505342	903.846832955	674	0.133546415981	287.995170458	32.0356083086	1794.50351875	4	0	0					
13	8	1	0	2020	12.6678217822	0.394554455446	0.00404013958791	0.000375420807865	887.203193316	875	0.130720978395	278.238594652	32.3222857143	1741.01331389	4	0	0					
13	9	1	0	1965	13.4839694656	0.379134860051	0.00426756931803	0.00037848783622	914.12840842799994	841	0.136293120313	310.730319797	35.6302021403	1854.62469401	4	0	0					
13	10	1	0	1914	128.10815047	5.20323928945	0.0407791605325	0.00570765515168	1658.28253371	10933	0.138918070049	483.13069911	24.8890514955	3170.23127499	4	0	0					
13	11	1	0	2140	48.6060747664	1.80327102804	0.0116906584255	0.00188421958015	1120.86069054	4195	0.122649775993	265.868644388	27.3818831943	1966.92698918	4	0	0					
13	12	1	0	1938	17.5784313725	0.572755417957	0.00464715070639	0.000572534724384	972.198772584	1219	0.122114433739	266.714551111	30.7145200984	1821.46259856	4	0	0					
13	13	1	0	2050	11.3507317073	0.354146341463	0.00392471901673	0.000427245172953	917.843291514	805	0.127334830836	296.068123842	32.0683229814	1959.38201128	4	0	0					
13	14	1	0	2092	9.34225621415	0.307361376673	0.00306370629612	0.00031778427283	906.875598149	734	0.135301674165	345.646257176	30.7561307902	2107.17676576	4	0	0					
13	15	1	0	2035	9.08353808354	0.291891891892	0.00275216864458	0.000297794774655	918.431726615	641	0.129678835265	299.53351491	30.8159126365	1996.00880023	4	0	0					
13	16	1	0	1718	175.178696158	6.21769499418	0.0850274559097	0.00795308336187	2460.51760669	12003	0.157318555336	777.106378561	28.1957010747	4580.38932806	4	0	0					
13	17	1	0	1994	154.883650953	5.91574724173	0.0633352125009	0.00687863221283	1911.29239845	12798	0.148586146617	612.517603881	26.3970151586	3726.42894381	4	0	0					
13	18	1	0	1959	20.8861664114	0.719244512506	0.0058465573105	0.000723726507283	947.795438179	1576	0.125564913708	260.9237475	29.2322335025	1783.03666552	4	0	0					
13	19	1	0	2079	14.037037037	0.438672438672	0.00380329121193	0.000454442302972	940.413802742	1021	0.12719074808	260.88128455	32.4015670911	1790.27288078	4	0	0					
13	20	1	0	1854	12.0269687163	0.369471413161	0.00422534409161	0.000382895765019	881.76563483	756	0.136868074098	303.759770217	32.8333333333	1890.43199557	4	0	0					
13	21	1	0	1945	10.5845758355	0.33264781491	0.00388743976791	0.000342360365963	895.665171248	715	0.133625345928	395.065547293	31.9216783217	2299.71514946	4	0	0					
13	22	1	0	1825	170.013150685	6.39671232877	0.0956627290423	0.00802909372116	3683.57869919	12796	0.164328328626	1353.9969698	26.7803219756	7701.90361433	4	0	0					
13	23	1	0	2045	131.095843521	5.04107579462	0.0440164188266	0.00548838268368	1517.16154493	11121	0.139367423813	446.3518294	26.206096574	2934.8682085	4	0	0					
13	24	1	0	2057	141.628585318	6.9460379193	0.0466676559342	0.00773386738743	1587.47044079	15611	0.14487256769	444.964616245	20.5844596759	2832.96414922	4	0	0					
14	1	1	0	2048	65.5649414063	2.2744140625	0.0166776250371	0.0022600713904	1133.10583307	5109	0.125749778759	291.196864954	28.9823840282	2085.38763549	4	0	0					
14	2	1	0	1552	178.034149485	6.91108247423	0.0744453372616	0.00841798967453	2189.61626494	11797	0.154524549687	675.286898869	25.8553021955	4062.43912458	4	0	0					
14	3	1	0	2058	15.7298347911	0.526724975705	0.00475032956704	0.000528958265456	970.861157639	1195	0.128647813016	285.204996258	29.9280334728	1908.98275402	4	0	0					
14	4	1	0	1973	10.7141409022	0.311708058794	0.00296083820606	0.00031206966715	868.825152003	679	0.125054359292	291.722133441	33.8055964654	1932.60485073	4	0	0					
14	5	1	0	2144	9.77425373134	0.321361940299	0.0028212524177	0.000319614038574	906.387492307	762	0.126231934495	290.543375829	30.7887139108	1871.4460395	4	0	0					
14	6	1	0	2061	80.1673944687	2.75254730713	0.0216468925512	0.00311379083589	1151.31172116	6221	0.127049206929	283.617220861	29.3763060601	2043.5027507	4	0	0					
14	7	1	0	2097	31.8946113495	1.21268478779	0.00756873784686	0.00126058650359	991.831641027	2807	0.120489192752	232.439404645	26.5920912006	1729.22215446	4	0	0					
14	8	1	0	1984	15.4380040323	0.471774193548	0.00419543769083	0.000466471309804	897.048089492	1069	0.124717637649	244.096079385	32.6398503274	1693.12236654	4	0	0					
14	9	1	0	2236	11.2513416816	0.377906976744	0.00374948503421	0.000396947661364	916.944466168	926	0.132617757383	313.82735893	29.8650107991	1950.22971594	4	0	0					
14	10	1	0	2038	10.0363101079	0.331207065751	0.00285924063448	0.000334827344696	884.621051802	747	0.128089561033	269.360685326	30.5515394913	1763.86543063	4	0	0					
14	11	1	0	2138	12.2684752105	0.376987839102	0.00334297843863	0.000389343945755	872.552425036	884	0.129605516481	252.892579955	32.4932126697	1631.14881584	4	0	0					
14	12	1	0	2008	75.0791832669	2.50697211155	0.0188830879686	0.00279493298604	1204.8884794	5593	0.123749171553	282.547540583	30.1072769533	2103.62414708	4	0	0					
14	13	1	0	2023	24.3376173999	0.850716757291	0.0059057260252	0.000872463981516	982.854161857	1915	0.120701198494	240.649946728	28.3639686684	1774.17927364	4	0	0					
14	14	1	0	2108	11.125711575	0.368595825427	0.00319422063083	0.000380074815305	889.04523728	872	0.127683524496	266.664060257	31.0538990826	1717.26799822	4	0	0					
14	15	1	0	2132	13.1271106942	0.402908067542	0.00416265478948	0.000408473831828	913.015850704	963	0.130687210857	286.320479365	32.3302180685	1787.34643905	4	0	0					
14	16	1	0	1956	10.5848670757	0.30981595092	0.00309451792304	0.000322142257985	860.404766589	694	0.130376186804	258.790689508	34.4048991354	1674.59548418	4	0	0					
14	17	1	0	2115	11.3550827423	0.360283687943	0.00417254424332	0.000379835684092	946.869837958	845	0.135812061007	352.630205378	31.6674556213	2209.55770886	4	0	0					
14	18	1	0	1796	142.075723831	4.93095768374	0.050736822766	0.00556900662071	1778.16593982	9742	0.14387631769	567.411335506	28.8008622459	3529.70063537	4	0	0					
14	19	1	0	2099	19.2787041448	0.71272034302	0.00478306248458	0.000710041288789	942.834127725	1633	0.122254349072	232.642418609	27.2002449479	1647.62072933	4	0	0					
14	20	1	0	2177	12.2609095085	0.428571428571	0.00351406982606	0.00046615030085	889.944247598	1027	0.125872749289	255.222378867	29.2414800389	1759.28186413	4	0	0					
14	21	1	0	1938	8.77915376677	0.302889576883	0.00261619768895	0.000306021700286	1531.6008924	662	0.12865539882	252.511628565	29.1374622356	1667.01076422	4	0	0					
14	22	1	0	2259	10.4479858344	0.343072155821	0.00341718372047	0.0003601479364	870.842549359	844	0.133449712012	267.531127674	30.8518957346	1655.17481484	4	0	0					
14	23	1	0	1733	167.916330063	6.43508366994	0.0678824827715	0.00772990427671	2049.04561385	12319	0.150932375712	611.217426841	26.3724328273	3733.05633595	4	0	0					
14	24	1	0	1904	10.3970588235	0.358718487395	0.00275254155585	0.000369307554152	868.741030618	779	0.125691233904	237.334638441	29.3863928113	1559.74214355	4	0	0					
15	1	1	0	1971	12.2749873161	0.370877727042	0.0040283074567	0.000350918090043	965.564291536	830	0.139702085969	341.113098206	33.3060240964	2019.03017222	4	0	0					
15	2	1	0	1980	148.998989899	6.49797979798	0.0504196154499	0.0073699467291	1687.8100768	13960	0.144096348984	476.47597594	23.0131088825	3056.8050195	4	0	0					
15	3	1	0	1937	99.0087764584	3.26329375323	0.0288213150144	0.00368764056881	1338.22279489	6892	0.1306545401	344.521678101	30.45342426	2424.47786486	4	0	0					
15	4	1	0	2111	27.3207010895	1.02036949313	0.00634033680608	0.0011073311015	977.533209324	2391	0.119273101726	226.019185859	27.1020493517	1732.09007465	4	0	0					
15	5	1	0	2093	11.1012900143	0.331581462016	0.00309311963634	0.000351926705893	876.143876257	765	0.12584351441	223.288411069	33.3751633987	1551.68993039	4	0	0					
15	6	1	0	2359	10.148791861	0.344213649852	0.00300497914611	0.000351515570811	890.84791368	898	0.125207745092	246.938593886	29.2227171492	1653.73953127	4	0	0					
15	7	1	0	2014	9.74031777557	0.319265143992	0.00279737511657	0.000311652411698	933.17789164	719	0.131072735521	296.487370458	30.6578581363	1843.63119635	4	0	0					
15	8	1	0	2050	9.67463414634	0.318048780488	0.00259787535695	0.000316040083786	886.961577671	750	0.128827522651	250.305665836	30.468	1669.51933006	4	0	0					
15	9	1	0	1710	171.387134503	6.18187134503	0.0703254519238	0.00731728135371	2363.35311542	11676	0.14997033815	726.434122152	27.7691846523	4520.85299051	4	0	0					
15	10	1	0	2048	84.638671875	2.76318359375	0.0218378865482	0.00307889051104	1598.93253625	6162	0.126757019708	319.38861546	30.5715676728	2338.9610385	4	0	0					
15	11	1	0	2140	18.4593457944	0.607009345794	0.00431010448086	0.000621790221781	944.356451283	1462	0.119815301899	226.958408271	30.1470588235	1658.87866225	4	0	0					
15	12	1	0	2195	12.3398633257	0.43416856492	0.00351470192158	0.000464495086784	907.862739595	1032	0.125809529996	245.001899303	28.2829457364	1679.52457918	4	0	0					
15	13	1	0	2224	10.3520683453	0.313399280576	0.00311371639375	0.000331506812636	905.857280497	754	0.129104065679	267.343306323	32.9854111406	1718.78046813	4	0	0					
15	14	1	0	2137	10.3626579317	0.305568554048	0.00241188982472	0.000307192428855	891.11079273	728	0.125526003321	217.225842143	34.3035714286	1537.09425441	4	0	0					
15	15	1	0	1748	157.677345538	5.43707093822	0.0628217570431	0.00623184443586	2127.86323234	10544	0.146938977069	668.68775521	29.0543437026	4222.45956941	4	0	0					
15	16	1	0	1914	94.9958202717	3.15151515152	0.0274097052372	0.0034448719788	1353.15883657	6733	0.130956748147	349.747782763	30.1926332987	2464.95391438	4	0	0					
15	17	1	0	2187	15.2368541381	0.502057613169	0.00436087177707	0.000577732852551	984.7003233	1211	0.126479271099	279.072898299	30.3501238646	1940.62447781	4	0	0					
15	18	1	0	1777	11.5981992122	0.374788970174	0.00295534700928	0.000366556473497	895.448332165	754	0.123696906126	249.799766552	30.925729443	1643.56966055	4	0	0					
15	19	1	0	2125	9.16047058824	0.280470588235	0.00264761396346	0.000294049191056	876.999490083	677	0.129394541494	261.402924212	33.388478582	1634.48903669	4	0	0					
15	20	1	0	1948	11.6334702259	0.344455852156	0.00308704335392	0.00033616837785	860.653492756	729	0.128770718428	246.001335384	33.7956104252	1606.8266033	4	0	0					
15	21	1	0	1981	126.671378092	4.75769813226	0.0378930094291	0.00541566064177	1408.00364657	10350	0.136412636217	359.782023109	26.870531401	2434.5098918	4	0	0					
15	22	1	0	1993	47.4034119418	1.85750125439	0.0109081586253	0.0019689538494	1006.18978994	4057	0.122755851254	224.106707047	25.7924574809	1674.20220436	4	0	0					
15	23	1	0	1723	159.240858967	6.65177016831	0.056202506159	0.00749321837393	1743.64606487	12722	0.146266305726	496.811755287	24.0264895457	3131.45900902	4	0	0					
15	24	1	0	2231	10.6965486329	0.308830121022	0.0032709127422	0.000334472874054	861.89460351	753	0.129652462267	246.130423423	34.6281540505	1591.09337274	4	0	0					
16	1	1	0	1963	10.4085583291	0.275089149261	0.00388616585622	0.000279196587156	934.268611412	600	0.147694569931	400.324002647	37.6466666667	2243.6596769	4	0	0					
16	2	1	0	2067	12.3526850508	0.376390904693	0.00390815081097	0.000369225989378	920.925480585	879	0.133424582446	295.076641476	32.9385665529	1875.21190599	4	0	0					
16	3	1	0	2068	9.32785299807	0.276595744681	0.00319608803489	0.00028412334093	935.730976945	648	0.134740214725	310.170254195	33.9984567901	1953.52423783	4	0	0					
16	4	1	0	2139	8.54698457223	0.236559139785	0.00282393688512	0.000262589494865	980.860264978	584	0.134134892917	311.911063784	36.5479452055	2014.94478778	4	0	0					
16	5	1	0	2124	7.40960451977	0.228813559322	0.00263699918902	0.000254778491881	1047.96786806	554	0.136176752278	329.514702531	31.9422382671	2083.35590994	4	0	0					
16	6	1	0	2321	58.8362774666	1.98578199052	0.0142154142136	0.00219144995156	1172.31608429	5040	0.121764239872	266.744412172	29.7837301587	1969.92776198	4	0	0					
16	7	1	0	1974	32.8971631206	1.08713272543	0.00766251515439	0.00115022788208	1210.86932844	2391	0.119247474949	266.870721518	30.1263069845	2014.7970281	4	0	0					
16	8	1	0	2031	23.344657804	0.681930083703	0.00568227188064	0.00070270719874	1077.79092941	1572	0.119468044642	273.871463751	33.8454198473	2027.90248388	4	0	0					
16	9	1	0	2162	11.2206290472	0.336262719704	0.00307068436861	0.000353767051898	969.287379792	810	0.126228230018	257.990500362	33.3074074074	1771.2007297	4	0	0					
16	10	1	0	1980	10.4247474747	0.291919191919	0.00282836602205	0.00028970337393	936.325130437	652	0.12957186918	269.330567353	35.5552147239	1762.79493679	4	0	0					
16	11	1	0	1982	11.5247225025	0.323915237134	0.00318591919973	0.000322996505359	910.698173973	720	0.131131954565	277.143869777	35.4263888889	1766.70009446	4	0	0					
16	12	1	0	1964	147.400203666	4.50509164969	0.0593463504393	0.00539462372664	2162.72434985	9686	0.146220647202	698.147751539	32.7493289284	4416.58829054	4	0	0					
16	13	1	0	1873	40.8158035238	1.26268019221	0.0104412786962	0.00142721850903	1252.63283112	2608	0.1216294755	312.440474493	32.1556748466	2342.23959591	4	0	0					
16	14	1	0	2022	13.8452027695	0.418892185955	0.00398163544267	0.000443070792337	882.206261353	923	0.12787024115	249.257887755	32.684723727	1635.79336043	4	0	0					
16	15	1	0	2116	9.64177693762	0.319943289225	0.00306074247603	0.000331542577994	953.322453686	750	0.131100157976	304.959215613	30.1306666667	1891.71431111	4	0	0					
16	16	1	0	2150	8.47581395349	0.255348837209	0.00281304570945	0.000275173768114	1018.14540439	621	0.135594132248	339.396944928	33.0917874396	2051.72117658	4	0	0					
16	17	1	0	2092	13.9818355641	0.392447418738	0.00450472890938	0.000466040473058	1025.92424237	917	0.130133526817	330.942067035	35.6870229008	2206.19064933	4	0	0					
16	18	1	0	1882	116.595642933	4.09192348565	0.0325749905671	0.0044395039268	1516.40512947	8496	0.132843371577	383.007655685	28.588747646	2686.94194015	4	0	0					
16	19	1	0	2129	11.2949741663	0.338186942226	0.00317898026687	0.000332418549954	1010.30443583	817	0.130410989717	321.791207965	33.6927784578	2132.80946095	4	0	0					
16	20	1	0	2061	9.98835516739	0.288694808345	0.00271242909663	0.000288466731843	885.507538227	654	0.12796079666	237.415042678	34.8363914373	1615.29599146	4	0	0					
16	21	1	0	2055	10.8257907543	0.317761557178	0.00331259760662	0.000312578632118	970.499864577	716	0.134626172913	324.344995455	34.6578212291	1990.45550763	4	0	0					
16	22	1	0	2134	9.27319587629	0.305529522024	0.00281675398343	0.000327277538717	991.24234293	708	0.130287754415	327.391633066	30.3615819209	2116.50226978	4	0	0					
16	23	1	0	2030	10.7793103448	0.329556650246	0.00320800249563	0.000323744316156	903.136221393	737	0.135016563253	284.148909052	33.0664857531	1759.58336567	4	0	0					
16	24	1	0	2022	10.3931750742	0.314045499505	0.00375738656317	0.000292146381081	991.912347674	701	0.145214798796	400.623159804	33.2981455064	2283.9813246	4	0	0					
