Database Name	Phenix ODA 2
Database Location	http://opera2.dyn.scilifelab.se/ODA/OdaService.asmx
Evaluation Signature	6fd17455-d6f1-485b-a824-51ab453200a7
Plate Name	P103630
Plate Name	231018_182441-V
Measurement	Measurement 1
Evaluation	Evaluation1

[Data]
Row	Column	Plane	Timepoint	Cell Selected - Number of Objects	Cell Selected - Total Spot Area - Mean per Well	Cell Selected - Number of Spots - Mean per Well	Cell Selected - Relative Spot Intensity - Mean per Well	Cell Selected - Number of Spots per Area of Cytoplasm - Mean per Well	Cell Selected - Intensity Cytoplasm Mean - Mean per Well	Spots Selected - Number of Objects	Spots Selected - Relative Spot  Intensity - Mean per Well	Spots Selected - Corrected Spot  Intensity - Mean per Well	Spots Selected - Spot Area [px²] - Mean per Well	Spots Selected - Intensity Spot Mean - Mean per Well	Number of Analyzed Fields	Height [µm]	Time [s]	Compound	Concentration	Cell Type	Cell Count	
1	1	1	0	2144	7.22621268657	0.228544776119	0.00231423612833	0.000237883743549	985.037039886	556	0.130069060669	304.987714434	31.9244604317	1967.20578414	4	0	0					
1	2	1	0	2247	145.831330663	5.99866488652	0.0694816148237	0.00757623652201	2335.27862813	14447	0.155543377709	838.944705189	24.5572091092	4825.71667014	4	0	0					
1	3	1	0	2174	102.760809568	4.02115915363	0.0393077588853	0.00431755471385	1548.5938627	9529	0.149350003992	599.027621717	25.8181341169	3464.52578087	4	0	0					
1	4	1	0	2181	22.9371847776	0.890875745071	0.00553300847727	0.000915882169462	1005.42182548	2142	0.123948490689	255.234968446	26.1381886088	1838.41910512	4	0	0					
1	5	1	0	2259	7.34174413457	0.20761398849	0.00232490441897	0.000238158647511	1014.69230169	532	0.126240748376	313.544241654	36.4605263158	2152.49271249	4	0	0					
1	6	1	0	2166	6.85226223453	0.201292705448	0.00155846818417	0.000200789986775	943.171245616	489	0.117165855712	221.406339172	33.8793456033	1641.76528627	4	0	0					
1	7	1	0	2263	8.83252319929	0.379142730888	0.00203259856027	0.00038876220637	965.798234238	937	0.119815385679	218.733217553	23.4663820704	1613.91036504	4	0	0					
1	8	1	0	2164	160.1474122	8.1876155268	0.0669380175645	0.0103752816472	2413.16413361	19503	0.15183618488	701.159627614	19.696969697	4333.22494764	4	0	0					
1	9	1	0	2300	133.307391304	5.64043478261	0.0456775217332	0.00634199341232	1717.61926651	14227	0.142617501719	503.647022856	23.8347508259	3172.61240691	4	0	0					
1	10	1	0	2298	90.7489120975	4.01784160139	0.0303494491554	0.0046778481933	1487.20656928	10073	0.140431513291	444.156987497	22.8252754889	2806.26720791	4	0	0					
1	11	1	0	2191	33.1798265632	1.484710178	0.00766936117059	0.00154314817386	1097.64382639	3570	0.120231906591	245.952963505	22.5879551821	1877.3397203	4	0	0					
1	12	1	0	2392	11.7817725753	0.482441471572	0.00255058334769	0.000484095408572	988.327401193	1260	0.11595649969	210.901228517	24.5793650794	1656.92511813	4	0	0					
1	13	1	0	2286	9.8394575678	0.38845144357	0.00259694704373	0.000373422591513	986.888518971	983	0.122437826609	249.380524335	25.5432349949	1745.22654821	4	0	0					
1	14	1	0	2234	145.67905103	7.02148612355	0.0436055645921	0.00792227037097	1809.81443738	17098	0.139341866507	465.860711992	20.8533746637	3130.05380288	4	0	0					
1	15	1	0	2231	20.4038547736	0.908561183326	0.00383037515588	0.000903145392966	1173.18428094	2222	0.114153547147	207.598380466	22.6530153015	1711.09414359	4	0	0					
1	16	1	0	2291	10.9956350938	0.416412047141	0.00270025903739	0.000422003808775	1060.4226673	1037	0.116474120168	239.385614636	26.6171648987	1785.15356157	4	0	0					
1	17	1	0	2185	8.13775743707	0.321739130435	0.00203609601578	0.000320544426217	990.263311757	775	0.11914530478	222.772599459	25.5174193548	1621.44625188	4	0	0					
1	18	1	0	2405	7.57463617464	0.260291060291	0.00255358433498	0.000277215472943	1050.87723143	702	0.127859760243	348.625234999	30.0797720798	2144.95855365	4	0	0					
1	19	1	0	2295	6.07625272331	0.177777777778	0.00185848794072	0.000182258080417	1092.42412138	452	0.127610607795	303.507329067	33.9845132743	2003.50849058	4	0	0					
1	20	1	0	1913	157.002090957	5.85520125457	0.0637194965057	0.00738849333109	4433.89370115	12258	0.145211669842	1234.57683225	27.065181922	7942.32077843	4	0	0					
1	21	1	0	2125	150.201411765	6.86917647059	0.0582380195548	0.00761556350988	2034.99187558	15968	0.150706690258	660.492491204	21.9633016032	3896.27992088	4	0	0					
1	22	1	0	2218	46.9102795311	2.01668169522	0.0111867418599	0.00213546780144	1025.11359319	4944	0.124061817926	238.202959765	23.4708737864	1738.53881411	4	0	0					
1	23	1	0	2162	22.5013876041	0.802497687327	0.00528094248148	0.000839926947245	973.829506892	1891	0.119959572364	223.012866416	28.5039661555	1649.90080964	4	0	0					
1	24	1	0	2261	10.3405572755	0.282176028306	0.00307157624437	0.000301896036622	917.23414111	710	0.127600827123	256.529258028	36.6056338028	1666.63500492	4	0	0					
2	1	1	0	2189	8.06486980356	0.248515303792	0.00187118929305	0.000248432893309	911.225498442	598	0.119308390262	225.962019387	33.3511705686	1671.1294302	4	0	0					
2	2	1	0	2273	13.1187857457	0.479102507699	0.00305233723674	0.00048923345338	975.666189079	1230	0.1194473334	223.352680524	27.262601626	1624.68598079	4	0	0					
2	3	1	0	2263	10.8559434379	0.384445426425	0.00277816078583	0.000394983614289	897.984000064	964	0.12095180007	218.40031306	28.3381742739	1580.26056435	4	0	0					
2	4	1	0	2175	163.936551724	5.69379310345	0.055974889091	0.00668812609266	1843.51363617	13492	0.142943304098	500.642756394	28.9600504002	3235.30533628	4	0	0					
2	5	1	0	2094	115.092645654	4.18767908309	0.033473565078	0.00446048382851	1407.73849373	9630	0.136429099595	384.773823192	27.7728971963	2556.88484609	4	0	0					
2	6	1	0	2300	19.622173913	0.568260869565	0.0044770745793	0.000593836176989	1025.50081469	1413	0.119188481941	237.050439218	34.7254069356	1824.55961248	4	0	0					
2	7	1	0	2154	9.36768802228	0.324048282266	0.00308365810579	0.000327036651653	1037.62838191	769	0.128309499268	313.671084298	29.1937581274	2048.08978407	4	0	0					
2	8	1	0	2319	9.30185424752	0.320396722725	0.00292501385711	0.000340821701885	954.201973614	825	0.13097649835	269.79671921	29.2509090909	1733.75886244	4	0	0					
2	9	1	0	2233	8.76802507837	0.289296909987	0.00213736138073	0.000289389528107	948.263134772	712	0.119118924401	235.857032814	30.8174157303	1699.34357126	4	0	0					
2	10	1	0	2181	121.825767996	5.40577716644	0.0361386856125	0.00622402842573	1641.47676207	12909	0.134145160418	414.642757721	22.663258192	2876.56305801	4	0	0					
2	11	1	0	2233	16.4729064039	0.723242274966	0.00419023012137	0.000787364296331	1029.23596508	1786	0.117644998081	239.201779529	22.9826427772	1810.38100796	4	0	0					
2	12	1	0	2302	8.72980017376	0.422241529105	0.00249336238386	0.000444275787188	964.004687809	1061	0.121507886235	232.693879918	20.780395853	1660.89299853	4	0	0					
2	13	1	0	2102	7.79923882017	0.278306374881	0.00229210681845	0.000295033914942	999.837956847	649	0.119683942627	255.584987768	28.5392912173	1913.85931561	4	0	0					
2	14	1	0	2332	7.01243567753	0.254288164666	0.00201647336251	0.000278790573632	958.089000926	640	0.123416289284	253.669345758	27.80625	1745.00397294	4	0	0					
2	15	1	0	2101	7.04616849119	0.262256068539	0.00211767308797	0.000266180071381	985.812891583	613	0.125867543816	294.507609926	26.9820554649	1990.01596849	4	0	0					
2	16	1	0	2275	107.814065934	5.76835164835	0.0400375850757	0.00644173395756	1779.21128695	14586	0.152733036957	613.629489088	18.8133141368	3497.85609533	4	0	0					
2	17	1	0	2017	65.6683192861	3.18244918195	0.0163122269487	0.00316336040319	1259.68045638	7147	0.126866026333	316.056324765	20.7203022247	2153.21906623	4	0	0					
2	18	1	0	2088	42.3409961686	1.719348659	0.0108606207684	0.00171093571263	1033.81415227	3935	0.126253889821	282.371885131	24.8947903431	1875.61923911	4	0	0					
2	19	1	0	2215	8.54446952596	0.306546275395	0.00215303044605	0.000292320506931	904.523106282	762	0.123938475476	226.553642331	28.081364829399998	1554.9436934	4	0	0					
2	20	1	0	2105	10.5201900238	0.375771971496	0.00258220490833	0.000353359158686	904.278018619	854	0.124987677139	235.613673906	28.0948477752	1595.82160406	4	0	0					
2	21	1	0	2190	9.45159817352	0.277168949772	0.00186726955888	0.000277174808951	877.328082734	663	0.116079281988	193.585933274	34.2171945701	1485.81690401	4	0	0					
2	22	1	0	1920	183.098958333	7.65	0.0798008605271	0.00947166203362	2345.75953744	15894	0.157874673587	722.081268124	24.047187618	4238.04477442	4	0	0					
2	23	1	0	2056	147.375486381	6.51799610895	0.0501931958426	0.00735895431018	1563.21262264	14702	0.146231659317	446.780112495	22.8058087335	2771.33129045	4	0	0					
2	24	1	0	2286	10.2392825897	0.370078740157	0.00265674488524	0.000377069211673	825.429833633	928	0.11912635223	197.924856278	27.7284482759	1424.42412683	4	0	0					
3	1	1	0	2167	54.9261652054	1.78864790032	0.0125487781309	0.00191141295123	1059.35490581	4250	0.121337706846	226.265975499	30.6301176471	1721.12469052	4	0	0					
3	2	1	0	2094	8.42693409742	0.282712511939	0.00201462639018	0.00028896490652	857.439201654	670	0.120652282584	210.153286258	30.5014925373	1540.92585195	4	0	0					
3	3	1	0	2089	9.64863571087	0.342747726185	0.00216913959885	0.000355528612678	890.376619489	799	0.116383882004	190.241044717	28.2841051314	1472.94428872	4	0	0					
3	4	1	0	2076	8.00096339114	0.207129094412	0.00240523076016	0.000213461872439	874.962217599	480	0.131525441498	248.926164594	39.4291666667	1615.16758259	4	0	0					
3	5	1	0	2228	6.89856373429	0.209156193896	0.00191066761352	0.000208762515868	934.557782233	517	0.12294282265	228.368120805	33.3907156673	1590.49077055	4	0	0					
3	6	1	0	2031	165.854751354	6.18316100443	0.0795418614098	0.00863940083273	2585.60889131	13561	0.155395596668	776.028535864	27.0381240322	4678.8871236	4	0	0					
3	7	1	0	2228	131.459605027	6.15754039497	0.0490744437989	0.00763123952047	1725.03306239	14952	0.148563659478	490.320945009	21.5370518994	3029.93213354	4	0	0					
3	8	1	0	2083	81.9971195391	2.95919347096	0.0204799074295	0.00322340838694	1215.64691159	6782	0.127360554516	279.543367001	27.9087289885	2037.6407309	4	0	0					
3	9	1	0	2121	12.6534653465	0.498821310702	0.00380338593051	0.000505169844815	1070.61870239	1175	0.120335461436	287.333489312	25.6110638298	2019.74835197	4	0	0					
3	10	1	0	2109	8.86533902323	0.320531057373	0.002501505848	0.000315041520429	949.488858521	757	0.122642059661	260.420216968	28.0858652576	1812.13387848	4	0	0					
3	11	1	0	2051	7.44124817162	0.243783520234	0.00265015367088	0.00027451086646	957.118857135	554	0.127378700916	284.845665347	30.7870036101	1909.95009171	4	0	0					
3	12	1	0	2218	118.068079351	4.88322813345	0.0391979777491	0.0062860663122	1479.85585755	11631	0.131822640919	342.295708353	24.321210558	2484.47675044	4	0	0					
3	13	1	0	2150	62.0553488372	3.01488372093	0.0296014388775	0.0034717063664	1342.17861406	7123	0.150346644845	682.212599524	20.7036361084	3456.5542496	4	0	0					
3	14	1	0	2096	16.7853053435	0.778148854962	0.00519476374951	0.000864850521398	995.799790535	1814	0.130554140513	302.432418745	21.8869900772	1920.47219677	4	0	0					
3	15	1	0	2283	8.86333771353	0.351292159439	0.00220427954004	0.00037412328779	989.602808344	871	0.119012647623	212.772866525	25.3295063146	1590.81044896	4	0	0					
3	16	1	0	2146	8.74883504194	0.367660764212	0.00212070552257	0.000364840079077	947.531012887	863	0.121102628617	226.858642322	24.1761297798	1602.25920314	4	0	0					
3	17	1	0	2249	8.20675855936	0.309026233882	0.00249790711009	0.000318938781265	988.357812816	771	0.128485476703	281.666275023	26.4241245136	1888.61513432	4	0	0					
3	18	1	0	2215	20.4194130926	0.794130925508	0.00513907284697	0.00077802351074	988.723940055	1984	0.130609587965	263.165462266	26.0554435484	1724.69286588	4	0	0					
3	19	1	0	2169	17.9626556017	0.488704472107	0.00439557550247	0.000489184341631	961.783801104	1173	0.132272357122	272.794038788	37.115942029	1752.14297728	4	0	0					
3	20	1	0	2161	21.2878297085	0.74687644609	0.00522177174121	0.000735938735438	941.997717737	1794	0.127276139923	237.798161973	28.4910813824	1640.55867991	4	0	0					
3	21	1	0	1938	91.3446852425	3.21310629515	0.0229020918047	0.00352050881112	1273.16298768	6963	0.128493650364	316.411030706	28.8651443343	2145.56274792	4	0	0					
3	22	1	0	2147	58.2706101537	2.13181183046	0.0133101371615	0.00236828696248	1051.18155776	5044	0.122186436385	230.097693199	27.5333068993	1708.164529	4	0	0					
3	23	1	0	2272	8.93617957746	0.301056338028	0.00219720050184	0.000306708825801	848.346419115	752	0.121774850735	227.772145768	30.6343085106	1592.48132863	4	0	0					
3	24	1	0	2124	20.7264595104	0.687382297552	0.00469886904864	0.000679745619527	897.236926552	1662	0.122823284694	205.308579692	30.3838748496	1460.81238712	4	0	0					
4	1	1	0	2309	52.0983109571	2.48419229104	0.0117213928176	0.00269607246201	988.183264636	6171	0.121885489787	213.373329508	21.117160914	1635.75414656	4	0	0					
4	2	1	0	2225	8.96674157303	0.325393258427	0.00269840693988	0.000354682077124	844.723328239	794	0.121295784255	213.302927138	27.5226700252	1509.48200129	4	0	0					
4	3	1	0	2527	100.265927978	3.90700435299	0.0367332917096	0.00469960093856	1843.87080244	10864	0.143340304971	560.287315805	25.7164948454	3389.39404411	4	0	0					
4	4	1	0	2183	19.7828676134	0.713696747595	0.00502968642553	0.000776047371023	1031.7841249	1736	0.119479400546	238.62707581	27.8433179724	1762.74488645	4	0	0					
4	5	1	0	2343	9.64916773367	0.290653008963	0.00316608878793	0.000302292351846	942.512507049	749	0.12747526936	299.960586037	33.3284379172	1922.8980027	4	0	0					
4	6	1	0	2118	9.56751652502	0.312559017941	0.00294485863473	0.000330433284011	932.149541055	724	0.130036905833	284.902021397	30.9488950276	1818.28222856	4	0	0					
4	7	1	0	2112	6.69223484848	0.176136363636	0.00203358469739	0.000177233063015	974.80259073	418	0.131318534973	291.762520637	38.2870813397	1786.79282232	4	0	0					
4	8	1	0	2144	9.30643656716	0.347947761194	0.00244372277546	0.000346445787846	963.506738396	831	0.124525970477	269.945902909	27.0072202166	1831.67636592	4	0	0					
4	9	1	0	2204	188.519509982	7.79809437387	0.0721643420214	0.00944753908481	3025.15967805	18662	0.147126729937	821.543708676	24.351677205	5353.50178923	4	0	0					
4	10	1	0	2150	64.9153488372	2.58325581395	0.016685570378	0.00297146233068	1193.99521366	6125	0.122565396411	277.119651493	25.290122449	2109.72685152	4	0	0					
4	11	1	0	2212	11.6478300181	0.396473779385	0.00268236315225	0.000412008519617	973.426238286	957	0.116733032302	208.629247882	29.5914315569	1613.81154774	4	0	0					
4	12	1	0	2213	8.79801174876	0.36195210122	0.00219661229225	0.000364269265287	979.286083156	887	0.119914195703	227.304131676	24.5219842165	1662.55254936	4	0	0					
4	13	1	0	2221	7.85186852769	0.351193156236	0.00220207062479	0.000361356907813	1033.66485012	881	0.121771597105	276.54926429	22.5743473326	1884.25097535	4	0	0					
4	14	1	0	2174	8.67801287948	0.404323827047	0.00192991009887	0.000411044325178	944.681861715	960	0.117281698961	198.543324376	21.7604166667	1505.25999012	4	0	0					
4	15	1	0	2172	97.9498158379	4.7532228361	0.0262649809347	0.00547242323971	1392.56842097	11243	0.126957445967	314.706857942	20.7529129236	2322.47873297	4	0	0					
4	16	1	0	2260	34.7212389381	1.62831858407	0.00826077809956	0.00183502716811	1096.44346516	4016	0.116496665448	232.766661597	21.5550298805	1807.03109694	4	0	0					
4	17	1	0	2141	11.6132648295	0.40822045773	0.00307696649276	0.000420803565584	1021.14720882	977	0.121781504215	266.754545445	28.8157625384	1849.49321864	4	0	0					
4	18	1	0	2156	11.0064935065	0.465677179963	0.00299727967581	0.000479307721517	951.525142477	1119	0.122553084597	265.536096926	23.4736371761	1839.37680179	4	0	0					
4	19	1	0	2146	8.64864864865	0.27632805219	0.00226300244616	0.000278017848604	936.368738186	666	0.125081459562	252.026139044	31.5375375375	1693.98911894	4	0	0					
4	20	1	0	2146	10.2390493942	0.325722273998	0.00293634964979	0.00033709538459	913.946919837	760	0.125875356966	249.480047875	31.4973684211	1680.24135294	4	0	0					
4	21	1	0	2062	150.909311348	6.15082444229	0.0489388618707	0.00709369864827	1658.8346612	13970	0.14162942299	439.180936404	24.7399427344	2872.81092665	4	0	0					
4	22	1	0	2058	77.0335276968	3.06268221574	0.0195950069553	0.00338435900817	1128.9821509	6970	0.126595714251	259.730245187	25.3916786227	1884.31437693	4	0	0					
4	23	1	0	2099	9.90424011434	0.283468318247	0.0026848871007	0.000279349409845	846.036804053	669	0.126170151827	240.911715876	35.5321375187	1608.54287774	4	0	0					
4	24	1	0	1846	172.958829902	7.78439869989	0.0654363572759	0.00892753275456	1871.82946448	15643	0.152503273642	557.295022162	22.3240427028	3377.90308825	4	0	0					
5	1	1	0	2039	147.013732222	6.66307013242	0.0520294605753	0.00776945423007	1790.76346293	14738	0.147130638743	523.530751878	22.2604152531	3261.36001405	4	0	0					
5	2	1	0	1949	29.0841457158	0.948691636737	0.00599669406595	0.000936651099349	955.708098686	2080	0.117339515151	205.526583084	31.0331730769	1597.33236929	4	0	0					
5	3	1	0	2133	8.24097515237	0.22456633849	0.00252709224055	0.000230185416476	942.947765432	546	0.124754342827	281.277540952	36.3296703297	1832.15706158	4	0	0					
5	4	1	0	2167	8.7475772958	0.302261190586	0.00226986332791	0.000311938399585	902.599433148	727	0.120311278079	235.299772207	28.9339752407	1673.04801653	4	0	0					
5	5	1	0	2248	8.09830960854	0.30871886121	0.00208284661274	0.000308963511706	913.119430951	775	0.120170941713	251.489700644	26.5483870968	1783.06157428	4	0	0					
5	6	1	0	1813	156.904578047	6.39768339768	0.0808877662476	0.00830209055437	2740.05807471	12604	0.160554193089	1001.6714026	24.6445572834	5817.9474885	4	0	0					
5	7	1	0	2088	126.971743295	5.63457854406	0.0506637632375	0.00655646212326	1872.73284286	12773	0.149084890587	671.967485918	22.754638691	3993.5290764	4	0	0					
5	8	1	0	2313	34.8279290964	1.67315175097	0.0109358694733	0.00182357068929	1124.97849402	4199	0.133584047505	380.483010582	20.8925934746	2359.18686233	4	0	0					
5	9	1	0	2081	11.1604997597	0.420951465642	0.00287503915347	0.000439416819658	1003.13554327	965	0.122372708233	254.799023212	26.7544041451	1765.88741931	4	0	0					
5	10	1	0	2242	9.07760927743	0.339875111508	0.00309304691253	0.000356483145754	1019.21114706	834	0.129543675673	338.271473226	27.0287769784	2186.90138394	4	0	0					
5	11	1	0	2063	7.35821619001	0.193892389724	0.00235514392451	0.000199279064062	996.936972772	446	0.133062604566	320.881673838	37.9461883408	2074.08451956	4	0	0					
5	12	1	0	2221	129.519135525	5.73390364701	0.0403757651107	0.00685249828429	1674.59421441	13952	0.134446627519	415.200189324	22.7207568807	2887.71790319	4	0	0					
5	13	1	0	2167	36.7789570835	1.7544993078	0.00803668738932	0.00185935324784	1111.64045074	4179	0.118140637282	229.219605628	21.1184493898	1807.11959319	4	0	0					
5	14	1	0	1988	11.2027162978	0.465794768612	0.00309250384873	0.000468657650011	965.364683177	1019	0.12147695932	246.899839252	24.3709519136	1717.79996713	4	0	0					
5	15	1	0	2173	7.10676484123	0.276115968707	0.00185551311127	0.000275412653642	998.670237836	671	0.123626749503	252.848392082	26.5350223547	1760.59893252	4	0	0					
5	16	1	0	2156	8.60296846011	0.354359925788	0.00260575130823	0.000369827191196	995.400560684	826	0.125471352287	305.088930047	24.6271186441	2057.68673635	4	0	0					
5	17	1	0	2152	8.33410780669	0.350371747212	0.00217651098309	0.000342488438701	1019.81266946	835	0.12666308111	264.707258321	24.0958083832	1843.80396922	4	0	0					
5	18	1	0	1799	112.928293496	5.02390216787	0.0598260838611	0.00740628659101	1999.90253877	9670	0.1492822168	643.656958601	22.6824198552	3992.93898473	4	0	0					
5	19	1	0	2169	118.75703089	4.68418626095	0.0461370642826	0.00596831979264	1772.73324419	11068	0.139150091944	501.564657647	25.5694795808	3207.81945332	4	0	0					
5	20	1	0	2083	81.3485357657	3.15794527124	0.0242956151998	0.00347756816552	1270.0813382	7168	0.129527049753	353.469255918	25.9288504464	2338.39773689	4	0	0					
5	21	1	0	2027	23.2017760237	0.909718796251	0.0054366247008	0.000906562020685	1032.74680248	2001	0.120464674695	248.308870025	25.7596201899	1811.11407129	4	0	0					
5	22	1	0	2144	11.0354477612	0.348880597015	0.00310843451861	0.000362600688733	888.547213623	823	0.125943140429	269.842404109	31.6889428919	1785.49036034	4	0	0					
5	23	1	0	2039	9.22216772928	0.291319274154	0.00251407267674	0.000286109753724	838.583896902	671	0.121263918141	222.483466167	31.7421758569	1523.74680285	4	0	0					
5	24	1	0	2011	167.06315266	8.67826951765	0.0636246990723	0.010041553893	1754.12464448	19071	0.153825675796	524.917309314	19.3532064391	3176.1053847	4	0	0					
6	1	1	0	1856	183.339978448	8.32596982759	0.0806838927787	0.00960797657635	2578.41783876	16909	0.158431641422	819.535901272	22.3256254066	4878.47856761	4	0	0					
6	2	1	0	1789	177.961430967	6.78870877585	0.0658371264503	0.00770774409319	1958.29486071	13472	0.152606453768	582.87363182	26.3179186461	3543.8386948	4	0	0					
6	3	1	0	2208	126.66576087	4.55706521739	0.0390545297375	0.00492226201259	1521.57191482	11068	0.136730299141	436.459056497	27.7565955909	2826.20117632	4	0	0					
6	4	1	0	2138	38.8811973807	1.31524789523	0.00902676215719	0.0013483313208	1018.27852334	3070	0.119162029565	241.345141129	29.5648208469	1806.92950102	4	0	0					
6	5	1	0	2127	11.4461683122	0.377056887635	0.00311241412317	0.000392020259749	916.386087523	897	0.121790949284	246.593484348	30.3656633222	1737.5127973	4	0	0					
6	6	1	0	2148	8.27234636872	0.294227188082	0.00237029598395	0.0002904309982	940.498830816	711	0.125124926189	259.546459064	28.3347398031	1753.69039079	4	0	0					
6	7	1	0	2168	6.21540590406	0.169741697417	0.00145721273114	0.000161158114406	1146.60596505	403	0.129777677794	324.527081112	36.7171215881	2128.95702078	4	0	0					
6	8	1	0	2303	130.821537125	7.37038645245	0.0462910056363	0.00850530575761	1809.99482677	18755	0.142713676758	514.431274568	17.859397494	3382.82521875	4	0	0					
6	9	1	0	2171	74.3823122985	3.5849838784	0.0183020882612	0.00386213383408	1264.41885602	8670	0.124726947013	285.435333454	20.8325259516	2144.64854383	4	0	0					
6	10	1	0	2218	21.7605951307	0.84265103697	0.00560399186922	0.000871429921806	1082.55869249	2027	0.118112681028	270.817428685	25.8436112481	1981.66137962	4	0	0					
6	11	1	0	2131	8.60300328484	0.280619427499	0.00260332015979	0.000283002012592	1020.9600297	654	0.131249830021	308.69717793	30.8211009174	1991.91664141	4	0	0					
6	12	1	0	2078	7.27670837344	0.290664100096	0.00210462549267	0.000291080013244	1024.33233223	660	0.129661918679	296.885525223	25.3893939394	2008.9549255	4	0	0					
6	13	1	0	2171	7.68908337172	0.351450944265	0.00205602662628	0.000361070391309	1025.48791587	853	0.12197978546	253.376697636	21.9085580305	1791.42368649	4	0	0					
6	14	1	0	2388	65.5427135678	3.17127303183	0.0148863719603	0.0034897043016	1262.20897316	8240	0.120042774104	258.005219471	20.817961165	2037.42370573	4	0	0					
6	15	1	0	2032	31.1850393701	1.54035433071	0.00711864149133	0.00162078170698	1034.47044462	3414	0.117466707892	215.800560492	20.3476859988	1658.27034705	4	0	0					
6	16	1	0	2164	14.6090573013	0.602125693161	0.0038441024841	0.00062251264438	1035.67808032	1438	0.120648446671	261.612130046	24.6175243394	1852.33268773	4	0	0					
6	17	1	0	2147	11.0894271076	0.448532836516	0.00360575808884	0.000450046770371	1051.15432523	1052	0.128647727195	358.873796538	24.8136882129	2258.91913017	4	0	0					
6	18	1	0	1964	9.1766802444	0.371690427699	0.00289440142382	0.000367759964892	993.25628163	803	0.126890887456	284.995795704	24.9626400996	1857.03829996	4	0	0					
6	19	1	0	2195	8.62050113895	0.282004555809	0.00299676844057	0.000285230212584	929.71777	677	0.131804495431	308.97081586	31.0694239291	1845.63762729	4	0	0					
6	20	1	0	2156	123.884044527	5.99165120594	0.03645310514	0.00673992744304	1439.68939089	14303	0.135866727445	361.925274116	20.7971055023	2506.4913299	4	0	0					
6	21	1	0	2147	57.6660456451	2.29156963204	0.0128335592734	0.00242902987151	1033.57968334	5375	0.119325512891	211.00462774	25.4219534884	1664.85706385	4	0	0					
6	22	1	0	2075	19.3821686747	0.734939759036	0.00423442831778	0.000777813501687	866.407888128	1701	0.113662462232	176.641933261	26.4920634921	1406.94912609	4	0	0					
6	23	1	0	1717	186.035527082	6.41875364007	0.0751464888882	0.00769672271814	2137.43087817	11995	0.153054110932	626.49516005	29.1554814506	3798.16588517	4	0	0					
6	24	1	0	2065	10.1384987893	0.393704600484	0.00208543007526	0.000386369088474	813.164223528	888	0.116942673235	175.445628351	25.9234234234	1299.00310547	4	0	0					
7	1	1	0	2048	9.05712890625	0.2734375	0.0027773391975	0.000269280705112	930.377726019	631	0.124178733413	243.184893375	33.3470681458	1595.97437674	4	0	0					
7	2	1	0	1948	139.18275154	4.83932238193	0.0407625595141	0.00538270740439	1418.52768351	10237	0.138417472933	377.752891036	28.8902022077	2520.15047295	4	0	0					
7	3	1	0	2043	9.79246206559	0.397944199706	0.00277107399025	0.000394538046498	880.681653802	902	0.122789607584	227.903753187	25.0177383592	1589.22274502	4	0	0					
7	4	1	0	2054	111.901168452	4.35248296008	0.0305562172645	0.00473985315175	1377.92384911	9768	0.132195521333	342.032189411	25.9507575758	2403.75619465	4	0	0					
7	5	1	0	2165	39.1949191686	1.25357967667	0.00896548238112	0.00131305194828	1058.43364715	2933	0.119093671661	238.712672222	31.5035799523	1838.37469008	4	0	0					
7	6	1	0	2220	12.6247747748	0.413063063063	0.00353763078695	0.000415339714585	998.117333504	1016	0.12103093559	254.791625493	30.8622047244	1818.7584607	4	0	0					
7	7	1	0	2042	8.52938295788	0.285014691479	0.00262643048272	0.000271256393823	1014.36748419	656	0.127348178018	300.604398521	30.2103658537	1957.62813941	4	0	0					
7	8	1	0	2138	8.236202058	0.298409728718	0.0027846362191	0.000315056145244	982.762982272	707	0.127484483636	314.678689211	27.6902404526	2040.09352073	4	0	0					
7	9	1	0	2027	8.12678835718	0.31672422299	0.0019005105104	0.000298436996789	964.835978458	727	0.119999827714	228.104677855	25.7180192572	1688.77258354	4	0	0					
7	10	1	0	2086	148.508149569	6.55704697987	0.069958762876	0.00945929129236	2432.53356097	14732	0.151713653796	695.046038497	22.800977464	4304.54282524	4	0	0					
7	11	1	0	2009	123.840716775	5.16724738676	0.0389046642154	0.00602246380493	1586.45575707	11368	0.13794479703	414.190229065	24.1522695285	2761.76481131	4	0	0					
7	12	1	0	2052	51.8255360624	2.70419103314	0.0113585801779	0.00278784260758	1105.17529502	6083	0.122216610147	231.510133945	19.2845635377	1783.11399865	4	0	0					
7	13	1	0	2007	14.1738913802	0.671150971599	0.00354803394058	0.000684089381623	972.330047568	1477	0.11830577165	214.454452447	21.2538930264	1621.12609499	4	0	0					
7	14	1	0	2004	10.1087824351	0.450598802395	0.00279353272088	0.000441015737232	1054.65395644	967	0.125499351667	313.635337637	22.487073423	2110.65683964	4	0	0					
7	15	1	0	2049	10.2083943387	0.424597364568	0.00362940257521	0.000457904180339	1025.25260518	978	0.129820075319	327.137489056	23.9867075665	2099.04426895	4	0	0					
7	16	1	0	2312	153.221020761	8.29498269896	0.0638810854651	0.0102969404798	2209.01009889	20646	0.152541292728	670.736237288	18.5660660661	4122.61854877	4	0	0					
7	17	1	0	1847	126.806172171	5.73524634543	0.0387025789564	0.00638342531749	1507.7747929	11456	0.138323772472	397.590415859	22.327950419	2655.69640459	4	0	0					
7	18	1	0	2072	45.1235521236	2.31177606178	0.00956495271211	0.00239822999967	1057.10645925	5296	0.120107011908	222.575550215	19.689765861	1717.07696392	4	0	0					
7	19	1	0	2104	11.2799429658	0.334125475285	0.00237830239308	0.000328050701012	936.579318624	769	0.118997043746	210.685389814	34.0065019506	1529.78017634	4	0	0					
7	20	1	0	2143	11.9776014932	0.435370975268	0.0029577289866	0.000427173097199	884.573644928	1026	0.121377334222	213.809593252	27.761208577	1494.54976489	4	0	0					
7	21	1	0	2080	10.3697115385	0.358653846154	0.00342609913834	0.000359244397953	950.399126316	810	0.127768269029	321.387239151	29.0567901235	2033.52578098	4	0	0					
7	22	1	0	1992	102.450803213	4.63604417671	0.0297215786958	0.00515610087208	1308.09050768	10134	0.133033951858	332.317130892	22.1895598974	2335.79131231	4	0	0					
7	23	1	0	1929	155.976153447	6.57905650596	0.0506066331969	0.00706076623524	1571.23487784	13963	0.145608050844	435.005359024	23.8821170236	2755.52253116	4	0	0					
7	24	1	0	1960	25.4989795918	0.968367346939	0.00556456155512	0.000992051588772	953.000823257	2075	0.11712748703	209.666029648	26.7590361446	1610.18197287	4	0	0					
8	1	1	0	2062	9.67992240543	0.337051406402	0.00239054738121	0.000344076350203	851.157344701	764	0.117911321429	214.081459252	29.0876963351	1556.60492713	4	0	0					
8	2	1	0	2183	11.2139257902	0.41548327989	0.00260651152735	0.000425242551123	845.236436894	998	0.117467135791	198.604516497	27.1503006012	1502.6272492	4	0	0					
8	3	1	0	2216	7.78023465704	0.264891696751	0.00238281871069	0.000288189513398	881.963553606	661	0.122751200473	251.829826798	29.6293494705	1704.52639691	4	0	0					
8	4	1	0	2189	8.964367291	0.317953403381	0.00269229160229	0.000326697079158	905.146925155	769	0.124292047043	264.048478589	28.5760728218	1789.00293348	4	0	0					
8	5	1	0	2294	11.1259808195	0.287707061901	0.00352965430587	0.000327439826958	974.792527746	742	0.130201739535	309.740745378	38.3005390836	2064.40362816	4	0	0					
8	6	1	0	2210	108.659728507	3.91131221719	0.02827110103	0.00429201159536	1388.17225116	9458	0.129207867287	334.019811728	27.9859378304	2406.1528922	4	0	0					
8	7	1	0	1977	36.3884673748	1.47951441578	0.00817016901228	0.0015140447909	1053.04606358	3243	0.11943776643	227.410958699	24.6978106691	1762.5612766	4	0	0					
8	8	1	0	2017	17.1522062469	0.866137828458	0.00473918758372	0.000910274387227	997.253355099	1921	0.121397827372	259.407234945	19.7761582509	1835.7945688	4	0	0					
8	9	1	0	2247	12.1611036938	0.489541611037	0.00423671018714	0.000537377328424	1026.41492045	1201	0.127173442821	341.660942027	24.8817651957	2291.42666684	4	0	0					
8	10	1	0	2040	8.41862745098	0.294117647059	0.00277347416034	0.000291829368714	1012.13207137	679	0.131300330876	327.679077951	28.9042709867	2053.62207497	4	0	0					
8	11	1	0	1980	8.36313131313	0.270202020202	0.00250905938087	0.000272613764151	965.045308651	583	0.126308720613	310.55766034	31.2795883362	2044.25283987	4	0	0					
8	12	1	0	2156	101.048701299	5.42903525046	0.0282072808882	0.00615011433373	1378.99386866	12901	0.132061178976	331.066805849	18.7155259282	2347.0684572	4	0	0					
8	13	1	0	2062	29.8123181377	1.49321047527	0.00713236076381	0.00157877061866	1035.84602748	3388	0.119297524811	228.476019488	20.0791027155	1731.22343638	4	0	0					
8	14	1	0	2087	12.3708672736	0.629132726402	0.00326399063737	0.000633016714	1012.66818689	1480	0.120309322846	250.209822147	19.7425675676	1806.2428151	4	0	0					
8	15	1	0	2072	8.85810810811	0.340250965251	0.0022766660663	0.000343812264701	1087.74462863	785	0.123103934595	286.731951352	26.1057324841	2124.55219392	4	0	0					
8	16	1	0	2071	8.17431192661	0.341380975374	0.00226956972204	0.00035548785329	973.313378227	789	0.122041434958	243.820374265	24.1850443599	1661.5664869	4	0	0					
8	17	1	0	2166	10.6061865189	0.443213296399	0.00320557693241	0.000465678718339	1067.42513787	1035	0.127493247437	303.444590187	24.2125603865	2090.63671514	4	0	0					
8	18	1	0	1758	111.321956769	5.92832764505	0.0316260944562	0.00630827064381	1423.75542583	11362	0.13759118781	382.462941621	18.9500968139	2567.00551638	4	0	0					
8	19	1	0	2041	47.5805977462	2.10093091622	0.0113503299935	0.0022185776698	1113.41309062	4705	0.121319441863	243.229258832	22.9190223167	1839.62768817	4	0	0					
8	20	1	0	2262	10.525198939	0.354553492485	0.00323827901065	0.000375937872837	960.169082469	876	0.127077830074	295.054313622	29.9600456621	1938.34276229	4	0	0					
8	21	1	0	2096	7.7266221374	0.270992366412	0.00210615389242	0.000277479018258	904.723719133	614	0.122754886731	235.86678965	28.7019543974	1591.61654436	4	0	0					
8	22	1	0	2138	7.83348924228	0.284377923293	0.0025076765017	0.00029755283686	896.646057662	673	0.127442045954	263.251335418	27.8202080238	1716.31232284	4	0	0					
8	23	1	0	2082	7.34293948127	0.253602305476	0.00211112127501	0.000257705062477	874.907500497	586	0.120771203692	224.519432197	29.5699658703	1568.00361193	4	0	0					
8	24	1	0	1913	7.88813382122	0.267642446419	0.00209566420663	0.000266302739497	947.665861389	589	0.127540027489	264.172091253	29.4176570458	1709.35298336	4	0	0					
9	1	1	0	2034	8.5319567355	0.323992133727	0.00250806263687	0.000317475779465	918.850486852	736	0.124055836935	275.227837818	26.7907608696	1806.86074566	4	0	0					
9	2	1	0	1480	234.875	9.62432432432	0.0804848756696	0.00921720283746	2596.55968663	16997	0.159322863719	812.554546185	24.6493498853	4818.76099645	4	0	0					
9	3	1	0	2120	114.157075472	3.90094339623	0.0307522872351	0.00426431841055	1244.23716675	9241	0.131872676686	316.752574222	29.163618656	2221.62981686	4	0	0					
9	4	1	0	2154	30.2344475395	1.14856081708	0.00688803768515	0.0011377892545	959.000939032	2719	0.117537517893	213.852818247	26.0967267378	1661.43654045	4	0	0					
9	5	1	0	2176	8.96047794118	0.285386029412	0.00234728173838	0.000289911222973	904.147470163	721	0.125212601403	246.874360958	32.1830790569	1648.89315019	4	0	0					
9	6	1	0	2003	7.47229156266	0.249126310534	0.0023607311609	0.000254673703823	979.635605888	555	0.127521715486	282.168035993	30.154954955	1857.0505341	4	0	0					
9	7	1	0	1914	8.44043887147	0.240334378265	0.00269931447753	0.000236834623454	904.550702769	499	0.13553912691	313.144713604	35.6332665331	1890.64743553	4	0	0					
9	8	1	0	1902	94.7712933754	4.52996845426	0.0269475770487	0.00504001783222	1410.22418557	9504	0.129269778902	347.615180079	20.9530723906	2527.72161315	4	0	0					
9	9	1	0	2110	35.591943128	1.72322274882	0.00837015835742	0.00180655229642	1119.73703638	4028	0.119623502084	244.62697632	20.7296425025	1895.46663482	4	0	0					
9	10	1	0	2136	9.87312734082	0.373127340824	0.00256916191558	0.000383772143207	977.792030439	878	0.121357143101	253.084181107	26.7756264237	1760.33543844	4	0	0					
9	11	1	0	2153	7.01532745007	0.231769623781	0.00217883415694	0.000240113553554	995.606538937	544	0.126110908309	292.111920195	30.2352941176	1989.38472611	4	0	0					
9	12	1	0	1995	9.16140350877	0.427067669173	0.00249008225027	0.000431734899188	939.834289908	969	0.118775953242	239.375914222	21.6718266254	1700.00270313	4	0	0					
9	13	1	0	2115	8.32293144208	0.350827423168	0.00262076013586	0.000362278213386	962.628259615	847	0.124051919756	286.895981511	23.9421487603	1927.96952816	4	0	0					
9	14	1	0	2255	101.529933481	5.61064301552	0.0282595080794	0.00622203997274	1381.9281748	13745	0.132841826097	338.017997147	18.1827573663	2384.98809449	4	0	0					
9	15	1	0	2044	29.1653620352	1.46037181996	0.00592680094377	0.00149600500206	964.458153778	3258	0.116985719603	194.922552332	20.0445058318	1550.03785123	4	0	0					
9	16	1	0	2097	9.10300429185	0.41440152599	0.00255525785104	0.000422936375736	1022.12705923	964	0.121679964982	266.876669706	21.9823651452	1854.59323637	4	0	0					
9	17	1	0	1931	8.43656136717	0.381149663387	0.00212830154962	0.000380419588693	907.977992472	819	0.122154640879	220.907508085	22.4884004884	1579.91094277	4	0	0					
9	18	1	0	2170	7.77788018433	0.330414746544	0.00233023475315	0.000338803850488	955.621691483	784	0.128249530446	271.375020877	23.6645408163	1780.00748762	4	0	0					
9	19	1	0	2083	6.28276524244	0.197791646663	0.00171136517458	0.000198043179423	923.975883439	458	0.129938946482	265.09590934	32.6506550218	1685.08111516	4	0	0					
9	20	1	0	2057	172.479824988	7.3203694701	0.0738790963066	0.00897020031046	2548.03876957	16346	0.153816241416	773.359087972	23.6544720421	4704.51803216	4	0	0					
9	21	1	0	1968	145.489837398	5.37804878049	0.0458782597616	0.0059876755762	1470.36342566	11681	0.138884406541	390.235852146	27.2167622635	2601.31233313	4	0	0					
9	22	1	0	2046	86.128054741	3.75268817204	0.0192520214084	0.003914076719	1007.62269257	8391	0.124976471066	220.124642207	22.9570968895	1663.00623703	4	0	0					
9	23	1	0	2059	11.2812044682	0.413793103448	0.00255206621345	0.000421400567904	862.740645822	935	0.119771599571	194.996179584	27.4524064171	1447.96972441	4	0	0					
9	24	1	0	2198	8.72565969063	0.316651501365	0.00236829157607	0.000319615828372	867.470734537	769	0.122842073102	227.886865056	27.5942782835	1546.23058326	4	0	0					
10	1	1	0	2018	9.62388503469	0.296828543112	0.00246915420881	0.000305916609529	917.064214021	662	0.121834728013	236.059552348	32.3474320242	1759.63610298	4	0	0					
10	2	1	0	2289	7.78462210572	0.275666229795	0.00209891927532	0.000282414850102	896.616295454	693	0.120243958911	226.326947914	28.6262626263	1594.03189197	4	0	0					
10	3	1	0	2169	101.834024896	4.2581834947	0.0385534215165	0.00512642163736	1442.1041162	10118	0.140373916354	491.396136813	23.9171773078	2948.24303222	4	0	0					
10	4	1	0	2099	22.6040971891	0.767984754645	0.0056243267038	0.000805716532126	958.594171513	1810	0.120266905557	234.982099392	29.3817679558	1737.39499375	4	0	0					
10	5	1	0	2028	10.1025641026	0.291420118343	0.00313239242882	0.000293503951119	954.945504299	658	0.127118224238	291.845092903	34.5592705167	1880.72215869	4	0	0					
10	6	1	0	2077	8.25421280693	0.309099662975	0.00234005479829	0.000322205488295	936.3387509	714	0.123664253084	253.127000154	27.0056022409	1760.83103893	4	0	0					
10	7	1	0	2007	7.17737917289	0.184853014449	0.00224069158272	0.000187046652307	929.496177442	422	0.133487702493	309.902517884	38.5900473934	1961.17922409	4	0	0					
10	8	1	0	1989	9.64756158874	0.41628959276	0.00261650435359	0.000414543540407	928.383451315	911	0.121319806047	254.146558515	23.1394072448	1730.27887785	4	0	0					
10	9	1	0	1678	166.749106079	8.18533969011	0.0814503417154	0.0105207000537	2540.25221439	15263	0.159876052809	818.574306305	20.4676669069	4883.57212101	4	0	0					
10	10	1	0	1957	160.693919264	7.35973428717	0.0573544036828	0.00836248116385	1936.87771949	15801	0.148557121294	558.95486247	22.0094930701	3476.45283496	4	0	0					
10	11	1	0	2010	94.0502487562	3.77263681592	0.0242384277704	0.00411394282207	1327.85162562	8197	0.128936495311	317.148649862	25.0768573868	2270.49735651	4	0	0					
10	12	1	0	2010	11.6278606965	0.529850746269	0.00319511564257	0.000561352272026	1007.4933194	1156	0.121103799484	247.520647563	22.160899654	1800.57452784	4	0	0					
10	13	1	0	1930	10.7538860104	0.462176165803	0.00327583023882	0.000449952661314	951.227344885	1000	0.120468455212	308.411321803	23.287	2025.08383122	4	0	0					
10	14	1	0	1952	9.61270491803	0.433913934426	0.00213965422035	0.000424741604741	929.749733459	940	0.119465806946	212.750057054	22.4446808511	1552.82493217	4	0	0					
10	15	1	0	2072	106.17519305	5.48503861004	0.0315013362889	0.00612634872565	1458.09632734	12550	0.135861617588	390.640795348	19.4762549801	2663.87369537	4	0	0					
10	16	1	0	2124	32.4830508475	1.66384180791	0.0066630342809	0.00169011439095	1042.72881293	3833	0.117260857424	216.412617729	19.6955387425	1719.46821249	4	0	0					
10	17	1	0	2002	10.4155844156	0.468031968032	0.0027570952954	0.000477921468203	926.624279865	1054	0.11822601965	235.131645641	22.6669829222	1651.49885705	4	0	0					
10	18	1	0	2004	7.53642714571	0.25249500998	0.00204215862085	0.000249354167887	957.134744338	563	0.124525020739	251.387457014	29.8401420959	1708.61359713	4	0	0					
10	19	1	0	1997	6.67601402103	0.217325988983	0.0018118747854	0.000219984642423	889.438468353	477	0.125737975718	235.420371092	31.2180293501	1624.85500789	4	0	0					
10	20	1	0	2052	7.4873294347	0.248538011696	0.00249871320047	0.000269554786162	926.393906724	565	0.125348439398	277.253736904	30.7115044248	1782.5335835	4	0	0					
10	21	1	0	1434	175.9958159	7.81380753138	0.0876453070229	0.010673552367	2623.56128879	12366	0.15998287929	793.037336831	22.7330583859	4757.28512131	4	0	0					
10	22	1	0	1678	160.111442193	7.84564958284	0.0583830259703	0.00908498097518	1526.41092989	14556	0.15090753795	439.823601351	20.609645507	2710.67954372	4	0	0					
10	23	1	0	1971	69.0081177067	2.7737189244	0.0167228558988	0.00304565787071	1012.64469359	5938	0.124625874024	229.533261561	25.0385651735	1696.06530032	4	0	0					
10	24	1	0	2071	12.1564461613	0.460164171898	0.00276708663098	0.000460835471664	872.450933784	1070	0.117717853283	195.871932189	26.4140186916	1417.60065134	4	0	0					
11	1	1	0	2079	11.0697450697	0.393939393939	0.00301149305189	0.000388989235649	851.210893293	926	0.119315766246	211.521626613	27.9794816415	1549.5488843	4	0	0					
11	2	1	0	1848	8.39123376623	0.261363636364	0.00202177081006	0.000256946853704	809.482008436	536	0.117751277323	211.931885172	32.4832089552	1540.28615268	4	0	0					
11	3	1	0	1510	8.79271523179	0.294039735099	0.00239195842668	0.000318362217629	856.641161954	490	0.117742883114	209.579365595	30.2081632653	1568.05603445	3	0	0					
11	4	1	0	2140	126.740186916	4.61308411215	0.0418104957962	0.00607362189367	1521.68434292	10817	0.134497327733	371.386558546	27.5651289637	2605.37673036	4	0	0					
11	5	1	0	1951	110.075858534	4.06817016914	0.0294532252717	0.00483283944072	1382.68809863	8621	0.127561182569	312.05301507	27.023779144	2312.12516209	4	0	0					
11	6	1	0	1999	94.1970985493	3.32266133067	0.0238118206989	0.00380723135513	1291.82316724	7284	0.123742490476	286.424149201	28.4518121911	2178.41926398	4	0	0					
11	7	1	0	1906	69.6972717733	2.25236096537	0.016813085391	0.00252990677473	1192.76585595	4778	0.120786441424	270.001353928	30.7982419422	2062.83524125	4	0	0					
11	8	1	0	1917	30.5800730308	1.55190401669	0.00703655845625	0.00154440291381	1060.0382283	3260	0.120472933854	249.317289782	19.7653374233	1891.18262422	4	0	0					
11	9	1	0	1906	14.4889821616	0.5944386149	0.00352744184102	0.000560919777478	1022.16804655	1227	0.121203043009	271.82880296	24.8565607172	1900.07243269	4	0	0					
11	10	1	0	1940	170.590206186	7.19690721649	0.0637709611804	0.00839419611548	2453.40406417	15497	0.144089973749	673.735856438	23.7987352391	4426.01313652	4	0	0					
11	11	1	0	1922	129.2289282	4.86056191467	0.0352576756282	0.00529374168889	1573.39758724	10289	0.129323398158	371.929288533	26.7100787249	2706.1883952	4	0	0					
11	12	1	0	2014	85.3589870904	4.14299900695	0.0197158728255	0.00437147426131	1304.75515526	9221	0.123496599644	277.820762801	20.755015725	2128.9188607	4	0	0					
11	13	1	0	1959	25.0158244002	1.21031138336	0.00548438260828	0.00131604012109	978.964230485	2648	0.11585318421	196.292496886	20.6952416918	1564.94042309	4	0	0					
11	14	1	0	1944	17.5303497942	0.874485596708	0.00392352914748	0.00090579755353	980.701071914	1876	0.11666837425	207.212786513	20.1492537313	1601.35327918	4	0	0					
11	15	1	0	1824	11.8432017544	0.532894736842	0.00332299437822	0.000537289773747	985.178509488	1079	0.121297927701	254.132538494	22.4457831325	1803.51386569	4	0	0					
11	16	1	0	1900	8.55105263158	0.371052631579	0.00207625318254	0.000374556142916	919.487929582	759	0.118534899746	201.847965997	23.2964426877	1514.59766694	4	0	0					
11	17	1	0	2030	9.08916256158	0.393596059113	0.00240643056056	0.000406889977083	939.094447122	860	0.119520990906	252.191310645	23.4744186047	1721.21813326	4	0	0					
11	18	1	0	2111	8.5940312648	0.390336333491	0.00224635125494	0.000417461698355	892.119796	934	0.120507939535	216.383152056	22.4871520343	1551.70971563	4	0	0					
11	19	1	0	2307	79.8677936714	3.20242739489	0.02018298218	0.00358886582252	1204.13912448	8077	0.123919155428	268.39828242	25.1021418844	2015.50671066	4	0	0					
11	20	1	0	1953	29.5750128008	1.06912442396	0.00635904112037	0.00110755068308	1005.26201916	2273	0.115794112548	210.06954375	27.7993840739	1648.79822615	4	0	0					
11	21	1	0	2327	15.4297378599	0.542329179201	0.0052056895145	0.000710313480729	1032.64783129	1367	0.120825990817	270.516876089	28.559619605	1976.62235919	4	0	0					
11	22	1	0	2082	130.980787704	5.46061479347	0.0409482553576	0.00621113894503	1492.39814101	12407	0.13710552506	361.041530219	24.1318610462	2470.54138497	4	0	0					
11	23	1	0	2020	9.08514851485	0.326732673267	0.0025831758792	0.000332185867015	853.884875157	726	0.118414527355	211.591553176	28.0523415978	1527.98499069	4	0	0					
11	24	1	0	2005	53.0947630923	2.13416458853	0.011802474599	0.00227876246097	1018.89392722	4713	0.120934786908	214.088659446	24.9492892001	1659.37380126	4	0	0					
12	1	1	0	2083	115.229956793	5.04752760442	0.032875647326	0.00531074473927	1520.96479362	11537	0.137189934662	404.061683058	23.084424027	2718.28390934	4	0	0					
12	2	1	0	1990	7.71507537688	0.283417085427	0.00186302304291	0.000297592849528	877.123803125	624	0.116840300956	196.446281354	27.6794871795	1497.62080793	4	0	0					
12	3	1	0	2264	9.04019434629	0.312720848057	0.00226927828603	0.000325953698567	994.928588427	769	0.117942526076	216.329690526	28.9154746424	1589.03400295	4	0	0					
12	4	1	0	2120	10.0283018868	0.366037735849	0.00267132218888	0.000399205532412	895.802452556	853	0.11939398615	213.499596322	27.5146541618	1563.05384384	4	0	0					
12	5	1	0	1985	8.72040302267	0.295717884131	0.00229768940122	0.000289299291536	928.991649749	660	0.123439403557	265.348932449	29.5015151515	1831.57339973	4	0	0					
12	6	1	0	2047	8.09770395701	0.283829995115	0.00210245227513	0.000280970352369	930.899124977	642	0.125581648717	240.316497145	28.9408099688	1667.31957615	4	0	0					
12	7	1	0	1705	145.829912023	5.66041055718	0.0867680913511	0.00836953190795	2334.65270536	10482	0.165536923572	873.512143164	25.9930356802	4897.99305863	4	0	0					
12	8	1	0	1784	153.542040359	7.01569506726	0.0698016996732	0.00857762186379	2332.80698555	13886	0.157888198146	806.912005956	22.0193720294	4655.11508519	4	0	0					
12	9	1	0	1935	102.19379845	4.34521963824	0.0326929353949	0.00495255338956	1376.5944724	9326	0.140349809685	410.665302738	23.5531846451	2599.87268538	4	0	0					
12	10	1	0	2031	11.6154603644	0.402264894141	0.00301951554416	0.000427960591224	997.59274259	902	0.120442000256	238.275846183	28.7361419069	1746.83356192	4	0	0					
12	11	1	0	2020	6.98465346535	0.227722772277	0.00196706447482	0.000238929726218	939.735280359	518	0.126865251344	249.248366001	30.9498069498	1709.31371398	4	0	0					
12	12	1	0	1954	8.90941658137	0.383316274309	0.0023275240595	0.000383300695544	948.23632093	806	0.120111975668	243.972167804	23.2282878412	1728.16376039	4	0	0					
12	13	1	0	1873	8.57928457021	0.411105178857	0.0025521601786	0.000402942057938	1066.84848703	838	0.126119075682	305.681149593	21.1217183771	2018.18825552	4	0	0					
12	14	1	0	2041	7.62861342479	0.336109750122	0.00197025914078	0.000338345500725	968.414564153	754	0.12307691704	247.308759058	22.9549071618	1707.189375	4	0	0					
12	15	1	0	1940	7.92989690722	0.325257731959	0.00205807750724	0.000311420812265	957.302217667	694	0.124677917347	247.959648514	24.4207492795	1713.71276443	4	0	0					
12	16	1	0	2004	7.40369261477	0.328343313373	0.00185128167483	0.000327114615883	925.693331374	710	0.124018531281	226.188455566	22.8521126761	1573.75240346	4	0	0					
12	17	1	0	2146	86.4133271202	4.17753960857	0.0220593907572	0.004689593173	1159.65725851	9776	0.127565895879	263.760384811	20.7914279869	1919.66448277	4	0	0					
12	18	1	0	2128	21.3289473684	0.936560150376	0.00498383922511	0.000994345670549	994.590583017	2185	0.117890480122	224.604848694	23.1135011442	1671.90065473	4	0	0					
12	19	1	0	1953	196.370199693	6.74756784434	0.0904124339048	0.00854837528062	3555.41713778	14274	0.155421107265	1055.9993796	29.3549810845	6435.02797233	4	0	0					
12	20	1	0	2080	142.409615385	5.64855769231	0.0677438815833	0.00663475484454	2389.47113464	12907	0.153602824284	922.754664925	25.3880065081	5231.46996715	4	0	0					
12	21	1	0	1951	10.5366478729	0.357252690928	0.00255533903986	0.000360466862047	884.02433021	798	0.120129013092	229.084353788	29.0350877193	1617.6426273	4	0	0					
12	22	1	0	1967	10.0050838841	0.32384341637	0.00270421776043	0.000335856743705	889.177447689	701	0.124972145512	243.966926913	30.9272467903	1693.66292595	4	0	0					
12	23	1	0	2007	8.53861484803	0.312904833084	0.002095185312	0.000327993440643	821.398859295	675	0.119629576072	184.972514062	27.3822222222	1378.9132506	4	0	0					
12	24	1	0	1952	161.913422131	6.9375	0.0583544505391	0.00787230824384	1844.77627044	14942	0.148253715247	523.050503078	23.407375184	3251.64975122	4	0	0					
13	1	1	0	1975	144.230379747	6.21974683544	0.0504493053245	0.00730578121336	1763.49608333	13307	0.147289412465	510.845975034	23.3866386113	3167.49833064	4	0	0					
13	2	1	0	2052	9.1671539961	0.274366471735	0.00309792777918	0.000248023020054	1220.27809929	617	0.137300106807	398.58558559	33.5899513776	2358.36244605	4	0	0					
13	3	1	0	2028	8.20266272189	0.276134122288	0.00191540886017	0.00026921916411	928.291873343	622	0.122896083185	233.026912055	29.7459807074	1664.37456329	4	0	0					
13	4	1	0	1960	86.2530612245	2.88163265306	0.0229958736467	0.00297131968761	1325.49761467	6181	0.126711468922	345.96741387	29.9304319689	2549.11704301	4	0	0					
13	5	1	0	1972	34.2444219067	1.20588235294	0.00798246527322	0.00124423441648	1065.78050668	2631	0.120279217826	255.198765321	28.4032687191	1923.21069277	4	0	0					
13	6	1	0	1745	20.7507163324	0.61547277937	0.00462302437197	0.000585362379635	1042.42656235	1203	0.118827261177	259.880621806	33.5918536991	1918.95898505	4	0	0					
13	7	1	0	1975	13.0334177215	0.403037974684	0.0029009283247	0.000411449527125	978.756078874	888	0.116210626314	223.496812431	32.5202702703	1715.52454551	4	0	0					
13	8	1	0	1759	11.8698123934	0.370096645821	0.00377360105169	0.00036916386261	997.303741406	716	0.126393183329	309.808488241	32.0195530726	1971.9105547	4	0	0					
13	9	1	0	1999	9.98749374687	0.377688844422	0.00267899001247	0.000379180577391	960.648245173	823	0.125100478978	260.356757949	26.7205346294	1761.80958191	4	0	0					
13	10	1	0	1785	168.008403361	6.45770308123	0.0801328533408	0.00865665448838	2495.89358871	12758	0.157403454737	806.735498885	26.132152375	4779.10393749	4	0	0					
13	11	1	0	1907	113.114315679	4.67435762979	0.0368275116714	0.00534046827216	1598.43351186	9806	0.139074592978	468.68184292	24.3902712625	2991.88834958	4	0	0					
13	12	1	0	2052	39.0282651072	2.00097465887	0.00904147724534	0.00221075573586	1084.27648406	4528	0.11995663922	231.542391284	19.5943021201	1781.10265593	4	0	0					
13	13	1	0	2022	11.4708209693	0.541543026706	0.0031265999308	0.000571043948948	947.364692692	1210	0.119119696306	241.700136235	21.367768595	1720.37525237	4	0	0					
13	14	1	0	2140	9.46728971963	0.428504672897	0.00314783778504	0.000468644233686	969.236524639	1016	0.121008805572	271.908960856	21.9320866142	1826.16534806	4	0	0					
13	15	1	0	2128	10.0625	0.423872180451	0.00305408452393	0.000460742004973	977.419898592	1007	0.127143140312	319.659514406	23.8848063555	2137.50026812	4	0	0					
13	16	1	0	2105	152.222327791	7.26840855107	0.0628682597096	0.00873987898025	2083.7740279	16735	0.151459061521	658.911964743	21.0686585001	4051.17279215	4	0	0					
13	17	1	0	2051	62.4778156997	3.17698683569	0.0157388365031	0.00331393612773	1172.30623259	7218	0.128400086583	300.993735297	19.8210030479	2171.3284786	4	0	0					
13	18	1	0	1954	13.9979529171	0.524564994882	0.00402702261707	0.000545604841948	950.79789835	1136	0.124279893382	259.41901411	26.6927816901	1792.7556268	4	0	0					
13	19	1	0	2080	9.26538461538	0.361057692308	0.00305956129548	0.00037323024052	926.536090974	810	0.123386999672	298.361147044	26.0777777778	1929.42500446	4	0	0					
13	20	1	0	1847	8.91229020032	0.311315646995	0.00235057225406	0.000312129477546	919.790801669	627	0.122098315074	230.266266153	28.8054226475	1647.29499324	4	0	0					
13	21	1	0	2036	7.27406679764	0.257367387033	0.00176717675512	0.000260256269827	891.745903487	584	0.118789137738	207.069571662	28.3886986301	1516.32739397	4	0	0					
13	22	1	0	2030	142.556650246	5.55911330049	0.0491032245031	0.00652836812838	1619.75077507	12308	0.139899285997	444.576646358	25.825560611	2964.80420859	4	0	0					
13	23	1	0	1968	35.5777439024	1.32012195122	0.00861548832891	0.00145094744004	945.955438639	2925	0.120191646012	217.617022862	26.9422222222	1664.24245008	4	0	0					
13	24	1	0	2132	161.470450281	6.53236397749	0.0560653045782	0.00745815690156	1668.63986566	15082	0.147353820082	472.436651773	25.0330857976	2956.35291539	4	0	0					
14	1	1	0	2250	10.0275555556	0.327555555556	0.00307236348992	0.000284365089327	940.011358918	811	0.129139883827	305.311020103	30.5474722565	1982.33544565	4	0	0					
14	2	1	0	1761	171.797274276	6.2441794435	0.0700431828336	0.00755537555084	2165.48256722	12058	0.154112891814	658.759109735	27.706087245	3996.57499675	4	0	0					
14	3	1	0	2117	9.47520075579	0.324043457723	0.00223661491909	0.000320037897976	885.850834594	754	0.119066892637	222.204376499	29.0450928382	1566.46143164	4	0	0					
14	4	1	0	1849	10.460789616	0.334234721471	0.00276150445567	0.000347412251807	872.39929118	686	0.121444668956	222.886206533	30.8483965015	1570.15908148	4	0	0					
14	5	1	0	1972	9.32961460446	0.320993914807	0.00338421051846	0.000337527186933	912.156351346	705	0.125810893854	270.706218263	28.9304964539	1760.83206359	4	0	0					
14	6	1	0	1961	46.5609382968	1.83018867925	0.0124464414347	0.00187597371179	992.287823234	3899	0.135447265944	294.326706577	25.6637599384	1935.11604714	4	0	0					
14	7	1	0	2003	13.105341987	0.348976535197	0.0033021086559	0.000358899825443	966.142180669	795	0.12485743304	257.761917692	36.7849056604	1809.54687349	4	0	0					
14	8	1	0	2137	9.51006083294	0.382311651848	0.00250585806792	0.000390978295503	911.898785292	904	0.121132622895	231.565146455	24.9115044248	1627.76317839	4	0	0					
14	9	1	0	1887	8.57657657658	0.322204557499	0.00266770837297	0.000321854006849	943.633371642	671	0.128971539296	298.42869413	26.4456035768	1957.50052269	4	0	0					
14	10	1	0	1939	7.79989685405	0.257864878804	0.00196345415875	0.000254495969951	975.808375067	562	0.125192289955	261.226374216	30.6103202847	1814.1003886	4	0	0					
14	11	1	0	1970	161.653807107	6.54822335025	0.0620659218367	0.00754341744202	2361.22782507	14286	0.145630990527	706.543547751	24.8353632927	4471.29365885	4	0	0					
14	12	1	0	2077	51.8979297063	2.33606162735	0.0169005647449	0.00257719871082	1165.14103472	5300	0.132157957626	372.8472014	22.3075471698	2446.9256262	4	0	0					
14	13	1	0	2066	12.5561471442	0.524685382381	0.00330437968001	0.000542803024145	1028.84866747	1200	0.121559482515	265.10067864	24.0891666667	1879.3088891	4	0	0					
14	14	1	0	2062	8.95877788555	0.371968962173	0.00217752521575	0.000374497530515	944.246679918	856	0.120275652765	239.370873832	24.2803738318	1757.40617091	4	0	0					
14	15	1	0	2014	8.39324726912	0.3862959285	0.00209538349443	0.000389503241349	947.240456458	858	0.118584455379	229.686709542	21.789044289	1664.87986463	4	0	0					
14	16	1	0	2020	8.48267326733	0.343069306931	0.00244764547806	0.000342088104263	905.108826575	787	0.124229123954	249.350026422	24.6149936468	1730.28318489	4	0	0					
14	17	1	0	1616	151.324876238	7.61881188119	0.0630660644231	0.00955764148275	1859.48550011	13801	0.152267726924	571.321042464	19.9944206942	3485.52878543	4	0	0					
14	18	1	0	1933	98.7899637869	4.71960682876	0.0276656898866	0.00539626020442	1193.47076358	10055	0.132184586518	288.956019445	21.1439085032	2034.79814884	4	0	0					
14	19	1	0	1976	34.2494939271	1.38461538462	0.00711929881329	0.00147502815968	993.655655496	3010	0.116048635237	195.904112925	24.9671096346	1576.33323426	4	0	0					
14	20	1	0	1870	10.7213903743	0.45614973262	0.00262240782825	0.000447959911967	889.806805228	942	0.117974577662	199.623341371	23.5944798301	1466.71059509	4	0	0					
14	21	1	0	2045	8.74474327628	0.298777506112	0.00227970684844	0.000305701314268	886.760780435	677	0.121499560093	232.72346427	29.1403249631	1573.32131975	4	0	0					
14	22	1	0	2120	8.35330188679	0.263679245283	0.00206293559853	0.000268388084009	860.248150177	613	0.120562751457	207.794878794	31.9983686786	1463.2076848	4	0	0					
14	23	1	0	1814	173.512127894	6.95865490628	0.0711361054037	0.00835786522033	2077.42860983	13775	0.152201003868	613.289391115	25.1417785844	3737.1346361	4	0	0					
14	24	1	0	2174	92.3500459982	3.49080036799	0.0228402872885	0.00402470176518	1218.95971777	8311	0.123162512028	250.740149263	26.6475755023	1930.96091155	4	0	0					
15	1	1	0	2060	10.3378640777	0.320388349515	0.003192934077	0.000301987595777	1004.84733579	721	0.133542547087	336.825776947	32.4646324549	2141.04733045	4	0	0					
15	2	1	0	1789	166.897708217	6.03074343208	0.0582521847065	0.00690839860517	1739.14984251	11940	0.148458844928	509.178339739	27.6855946399	3152.79284272	4	0	0					
15	3	1	0	2046	44.4506353861	1.69305962854	0.00974894446312	0.00182230230987	1043.14971571	3807	0.118326347465	218.098948578	26.2739690045	1703.77999646	4	0	0					
15	4	1	0	1975	20.4	0.77164556962	0.00421633465116	0.000820673691047	969.962085147	1701	0.115875896364	200.187113225	26.4538506761	1595.1500404	4	0	0					
15	5	1	0	1994	9.83801404213	0.312437311936	0.00259470891346	0.000325743157533	913.74548232	662	0.123626917634	257.420953602	31.6027190332	1774.826879	4	0	0					
15	6	1	0	2073	8.35841775205	0.29329474192	0.00224788701627	0.000314918804512	956.107744997	661	0.122275352547	232.204093593	28.4810892587	1607.21678166	4	0	0					
15	7	1	0	1953	8.45929339478	0.246287762417	0.00253145294381	0.00024733339267	972.785410073	527	0.123284053011	300.237716154	34.0037950664	2037.92320802	4	0	0					
15	8	1	0	1963	167.409577178	8.21344880285	0.0730439843066	0.0103381238758	2252.00032467	17803	0.158571889274	725.962059015	20.5214289726	4229.2006034	4	0	0					
15	9	1	0	1996	135.652805611	5.4128256513	0.0492073071664	0.00646395303255	1629.87716795	11873	0.146754295507	490.011834666	25.1898424998	3018.59346642	4	0	0					
15	10	1	0	2099	70.6350643163	2.85135778942	0.0180068662389	0.00311849967024	1160.63093632	6506	0.127963400283	282.005556437	24.9162311712	2024.66572905	4	0	0					
15	11	1	0	2207	20.7539646579	0.700951517898	0.00468532396485	0.000741452937208	1035.04752078	1665	0.117007654798	238.701373256	29.9075075075	1840.15319045	4	0	0					
15	12	1	0	2004	10.6032934132	0.483033932136	0.00278385650498	0.000488748928469	982.667422776	1074	0.120319702502	246.770942029	22.5139664804	1735.02179751	4	0	0					
15	13	1	0	1979	9.25416877211	0.300656897423	0.00271665321229	0.00030773272607	957.378779383	664	0.125461489904	263.678789837	31.3704819277	1737.75654369	4	0	0					
15	14	1	0	1793	177.131622978	8.63190184049	0.0809153823877	0.0103051306399	2713.125047	17010	0.154695450156	831.770178623	20.7104644327	5172.61372281	4	0	0					
15	15	1	0	1969	140.324022346	7.67546978162	0.0463731603322	0.00865911893698	1684.60367825	16732	0.14078216837	447.605744087	18.4308510638	3025.17778841	4	0	0					
15	16	1	0	1980	82.2166666667	3.82121212121	0.019324961903	0.00404910460136	1320.62610083	8334	0.123592218423	286.372941541	21.6813054956	2185.39568082	4	0	0					
15	17	1	0	1893	27.8985736926	1.08452192287	0.00553175055307	0.0010932026099	1011.34499729	2292	0.114741689245	196.723030205	25.8695462478	1593.13189968	4	0	0					
15	18	1	0	1902	25.4495268139	1.05099894848	0.00531824224744	0.00110438111745	1013.52570482	2224	0.115130797526	205.904907929	24.4752697842	1649.2211232	4	0	0					
15	19	1	0	2110	17.0023696682	0.701895734597	0.00382127320714	0.000750589122521	958.932344417	1622	0.116881305405	205.400989877	24.4537607891	1584.80946544	4	0	0					
15	20	1	0	2169	145.035039189	5.34393729829	0.0825829386337	0.00676830252536	2973.02232478	12766	0.155085805353	1125.35100249	27.2140842864	6710.67702886	4	0	0					
15	21	1	0	1996	110.164829659	4.47595190381	0.0410483868598	0.00528314211867	1640.12075003	9744	0.13816386785	499.478541493	24.8564244663	3342.54475939	4	0	0					
15	22	1	0	1905	23.011023622	0.800524934383	0.00511685713925	0.000838012240043	912.615190938	1693	0.116223921427	196.129224226	29.1624335499	1534.60109685	4	0	0					
15	23	1	0	2028	164.250986193	6.37426035503	0.0593991910333	0.00747423078941	1802.12910294	14150	0.147664664527	505.114440111	25.9236042403	3154.91006454	4	0	0					
15	24	1	0	2058	8.15840621963	0.224975704568	0.0018755730882	0.000217240342489	971.667281946	511	0.123497681471	225.91005885	36.4794520548	1604.45599882	4	0	0					
16	1	1	0	2266	10.394086496	0.343777581642	0.0033391067087	0.000352669544562	1110.89610954	875	0.133358769199	344.260935812	31.2125714286	2184.22877666	4	0	0					
16	2	1	0	1945	11.9388174807	0.337275064267	0.00347660013253	0.00031083542528	1096.69744862	721	0.129234367682	357.234601833	35.2149791956	2254.18876622	4	0	0					
16	3	1	0	2130	7.07183098592	0.196713615023	0.00172529502756	0.000196774347572	940.344568683	471	0.122708995064	247.727280974	35.9214437367	1731.42091743	4	0	0					
16	4	1	0	2113	7.32654992901	0.267392333176	0.00242668844789	0.000291555896119	883.786738555	613	0.122537877655	232.712036123	27.528548124	1577.39853146	4	0	0					
16	5	1	0	1990	111.694974874	4.84572864322	0.0361477083982	0.00496479126082	1504.33428096	10693	0.142075009618	487.530426339	23.2660619097	3044.2033652	4	0	0					
16	6	1	0	1911	48.7331240188	1.85504971219	0.0113745982131	0.00177874205938	1055.81914556	3863	0.124627397778	268.956250738	26.468806627	1944.47101612	4	0	0					
16	7	1	0	2037	15.2793323515	0.445262641139	0.00360076459736	0.000428021150268	1013.56112006	993	0.123119431343	266.037924178	34.3846928499	1870.65218156	4	0	0					
16	8	1	0	2057	7.25814292659	0.245503159942	0.00199493880855	0.000235870328338	971.102556974	565	0.127739074944	277.074111655	29.8938053097	1865.56267588	4	0	0					
16	9	1	0	2002	7.90709290709	0.255744255744	0.00235474907881	0.000252300577038	980.197046072	562	0.127811659566	291.346374748	30.3683274021	1918.35147855	4	0	0					
16	10	1	0	1908	6.68291404612	0.198637316562	0.00192565435914	0.000193049133267	1019.47175499	429	0.127462219622	308.947717566	33.7622377622	2045.13234161	4	0	0					
16	11	1	0	2160	132.6	5.15972222222	0.0457388468861	0.00668432766831	1644.24256239	12109	0.138084894709	426.757965514	25.9108927244	2887.53674289	4	0	0					
16	12	1	0	2045	60.9344743276	2.78337408313	0.0148465668077	0.00309419384909	1220.69240394	6178	0.122137977102	270.134445806	22.0341534477	2058.75158277	4	0	0					
16	13	1	0	1984	11.5912298387	0.387600806452	0.00269020495579	0.000416808800897	1128.28199922	850	0.114826067927	241.565373838	29.9823529412	1914.65770216	4	0	0					
16	14	1	0	2046	10.3875855327	0.357282502444	0.00262754451619	0.000369319631241	1040.69421504	805	0.123067522779	256.294570983	28.8124223602	1835.65603166	4	0	0					
16	15	1	0	2251	8.33096401599	0.325188804976	0.00224588952233	0.000360922517126	977.024034512	800	0.122672617435	240.007733397	25.81625	1700.44423228	4	0	0					
16	16	1	0	1981	8.65825340737	0.3074204947	0.00254507130354	0.000328711064805	1006.77535494	670	0.127231343988	287.732862681	28.7059701493	1966.86784699	4	0	0					
16	17	1	0	2015	55.1672456576	2.45806451613	0.0130453049839	0.00272153434611	1176.63628779	5459	0.122426837012	258.872385379	22.5326982964	1967.40644612	4	0	0					
16	18	1	0	2168	18.6203874539	0.59778597786	0.00486482759242	0.000651004019964	1089.81798519	1443	0.12056488145	268.801593953	31.124047124	1904.76568968	4	0	0					
16	19	1	0	2074	10.9614271938	0.346190935391	0.00309121759863	0.000389370712314	922.661285122	832	0.120871671205	232.343212804	31.944711538499998	1654.04383695	4	0	0					
16	20	1	0	2115	7.1390070922	0.23073286052	0.00203286684512	0.000243495725322	968.111289284	541	0.125421618588	249.058116964	30.5822550832	1721.56462907	4	0	0					
16	21	1	0	1898	7.12118018967	0.245521601686	0.00200178917848	0.000260972379617	895.146050567	517	0.119487996844	219.587336143	28.7930367505	1574.90416774	4	0	0					
16	22	1	0	1910	8.82460732984	0.314659685864	0.00247233065451	0.00032779203992	909.29051013	669	0.121531630723	231.846927093	28.3437967115	1610.1144101	4	0	0					
16	23	1	0	2100	197.044285714	8.14857142857	0.0817198810928	0.00918261432654	3322.47311747	18673	0.156808370584	1031.80464858	24.3882611257	6176.62537656	4	0	0					
16	24	1	0	2088	9.8117816092	0.307950191571	0.00321904783232	0.000285112385631	979.583584309	705	0.135990206282	336.668129812	31.9234042553	2030.86735401	4	0	0					
