Database Name	Phenix ODA 2
Database Location	http://opera2.dyn.scilifelab.se/ODA/OdaService.asmx
Evaluation Signature	b78ca631-9900-4490-975d-c22fdabb8298
Plate Name	P103629
Measurement	Measurement 1
Evaluation	Evaluation1

[Data]
Row	Column	Plane	Timepoint	Cell Selected - Number of Objects	Cell Selected - Total Spot Area - Mean per Well	Cell Selected - Number of Spots - Mean per Well	Cell Selected - Relative Spot Intensity - Mean per Well	Cell Selected - Number of Spots per Area of Cytoplasm - Mean per Well	Cell Selected - Intensity Cytoplasm Mean - Mean per Well	Spots Selected - Number of Objects	Spots Selected - Relative Spot  Intensity - Mean per Well	Spots Selected - Corrected Spot  Intensity - Mean per Well	Spots Selected - Spot Area [px²] - Mean per Well	Spots Selected - Intensity Spot Mean - Mean per Well	Number of Analyzed Fields	Height [µm]	Time [s]	Compound	Concentration	Cell Type	Cell Count	
1	1	1	0	1619	8.62322421248	0.239036442248	0.00317751941775	0.000241374676201	1015.12807686	435	0.134669664391	359.174598237	35.5977011494	2217.62327057	3	0	0					
1	2	1	0	2076	143.735549133	5.35308285164	0.0651934980759	0.00665821982281	2286.63902012	11981	0.15134496595	754.533282244	27.1226942659	4486.26167244	4	0	0					
1	3	1	0	2263	77.8537339814	3.16659301812	0.0266776961348	0.00350051009299	1577.33569744	7925	0.141384943004	469.21653476	24.7066246057	2867.65690761	4	0	0					
1	4	1	0	2164	19.7777264325	0.722735674677	0.00512691955309	0.000727447699305	983.390916514	1723	0.126018189337	276.256884033	27.4161346489	1888.49197363	4	0	0					
1	5	1	0	2227	8.84912438258	0.365514144589	0.00262804255653	0.000382897027232	975.799049997	898	0.131699699284	298.441164528	24.8028953229	1930.4508766	4	0	0					
1	6	1	0	2182	8.27910174152	0.263978001833	0.0027671091965	0.000263507977328	1068.42310392	644	0.131662096706	333.296870119	31.1583850932	2118.14845986	4	0	0					
1	7	1	0	2549	7.97959984308	0.252648097293	0.00228959183728	0.000261364817352	1018.40844563	699	0.126295095057	287.899963371	31.6366237482	1969.03492798	4	0	0					
1	8	1	0	2251	170.834295869	6.10484229231	0.065375508495	0.00748655737569	2332.25633382	14790	0.146233958013	661.790792194	28.2798512508	4217.70671939	4	0	0					
1	9	1	0	2263	129.737958462	5.65930181175	0.0437411248227	0.00664642032745	1731.53799723	14055	0.140277158973	481.912906183	23.1474919957	3122.7371709	4	0	0					
1	10	1	0	2018	97.0386521308	4.2160555005	0.0311383755988	0.00465872031796	1447.17913943	9197	0.141266768756	448.667084801	23.3017288246	2795.25656768	4	0	0					
1	11	1	0	2025	28.4054320988	0.961481481481	0.00656309783529	0.000960686374801	1120.59998734	2130	0.11938148783	257.130908909	29.8028169014	1935.20806342	4	0	0					
1	12	1	0	2051	10.5431496831	0.356899073623	0.00247815086431	0.000354013758282	1013.04578694	805	0.11966359698	239.496002507	30.4322981366	1785.35360726	4	0	0					
1	13	1	0	2344	7.0204778157	0.216723549488	0.00209595409445	0.000222909168198	1049.50730985	561	0.132458161362	310.727522178	31.9215686275	2029.40579834	4	0	0					
1	14	1	0	2377	130.996634413	5.21497686159	0.0392092895024	0.00608026922142	1949.74936286	13438	0.134242189356	476.96573999	25.4026640869	3318.31328463	4	0	0					
1	15	1	0	2466	21.5689375507	0.70802919708	0.00637766910335	0.000839588308032	1217.01367653	1905	0.120168347334	299.815773921	30.5112860892	2189.17807812	4	0	0					
1	16	1	0	2337	9.77749251177	0.297817715019	0.00232819158829	0.000303245052615	983.6209142	756	0.119453604676	233.12893354	33.0621693122	1680.00163987	4	0	0					
1	17	1	0	2446	7.44194603434	0.213000817661	0.00243733766736	0.000228365642041	995.716034768	586	0.131540976526	297.686661335	35.3122866894	1905.22179717	4	0	0					
1	18	1	0	1829	8.38819026791	0.285401858939	0.00270125548926	0.000285139637035	955.504426342	569	0.134575431287	363.351097169	29.8892794376	2310.68732013	3	0	0					
1	19	1	0	2554	9.81793265466	0.360610806578	0.00385637187523	0.000555622034151	1063.71212506	997	0.135778785786	367.843914377	27.887662989	2345.37057391	4	0	0					
1	20	1	0	1878	177.105963791	5.58945686901	0.08868974145	0.0074450852788	3423.44780752	11541	0.159480701032	1068.05946311	31.9481847327	6196.78440665	4	0	0					
1	21	1	0	2142	155.149393091	7.6974789916	0.0609260677801	0.00851994237173	2084.95161179	18054	0.152747391161	681.496850744	20.3085188878	4047.81927293	4	0	0					
1	22	1	0	2217	42.9052774019	1.59720342806	0.0106377168414	0.00163760514378	1020.29578788	3808	0.126675373783	260.372553367	27.1953781513	1811.67745324	4	0	0					
1	23	1	0	2171	22.7609396591	0.80561953017	0.00478909299719	0.000823015735286	982.160503669	1941	0.117365230389	207.660512258	28.6254507986	1602.05312201	4	0	0					
1	24	1	0	2184	9.42582417582	0.277472527473	0.0024728063012	0.000271831411064	952.6267327	695	0.12597113839	296.068435249	34.9769784173	1960.79234719	4	0	0					
2	1	1	0	2085	9.60959232614	0.285851318945	0.00244661175115	0.000284070045198	896.72837196	657	0.125461432372	245.008856643	33.9269406393	1680.8072801	4	0	0					
2	2	1	0	2209	12.2670891806	0.380715255772	0.00330995896216	0.000390830827306	921.767460892	934	0.121636913324	237.054485839	32.3565310493	1663.48807466	4	0	0					
2	3	1	0	2117	9.89466225791	0.364666981578	0.00315111107541	0.000383138733392	935.964707539	848	0.12534617262	269.436114206	27.5530660377	1780.67001143	4	0	0					
2	4	1	0	2211	151.423337856	5.97150610583	0.0477954811135	0.00693063245232	1690.30483749	14279	0.138385876013	430.440893688	25.5189439036	2911.17185766	4	0	0					
2	5	1	0	2301	101.995654063	4.36505867014	0.0298294624165	0.00486763336901	1368.86491991	11079	0.133983046448	360.772439731	23.6210849355	2432.95799518	4	0	0					
2	6	1	0	2111	21.2700142113	0.843202273804	0.00496271863152	0.000851082672383	1010.155684	1980	0.121245195208	246.924652988	25.3787878788	1830.01778032	4	0	0					
2	7	1	0	2272	8.87059859155	0.290933098592	0.00280812077073	0.000281625347949	1005.2244238	745	0.129146129437	321.613899841	31.3369127517	2085.0666488	4	0	0					
2	8	1	0	2092	7.78298279159	0.217973231358	0.00263834733186	0.000219145827559	994.649291139	500	0.134977482162	340.807314441	36.246	2167.95399267	4	0	0					
2	9	1	0	2343	7.43235168587	0.232180964575	0.00262651707198	0.00024878529689	1059.55597787	608	0.134768816551	394.315325217	32.4226973684	2417.85701126	4	0	0					
2	10	1	0	2485	84.7215291751	3.22615694165	0.0220257133324	0.00356478360647	1412.79363538	8697	0.126465935139	332.458784127	26.4150856617	2446.81979808	4	0	0					
2	11	1	0	2204	11.0063520871	0.348457350272	0.00270586473975	0.000358421487497	1024.56435899	864	0.120370783944	244.393451375	31.9293981481	1798.4172747	4	0	0					
2	12	1	0	2216	6.08935018051	0.217057761733	0.00180306794616	0.000230520749518	994.593780408	518	0.129133830231	262.931307843	28.3513513514	1749.42815454	4	0	0					
2	13	1	0	2410	7.74149377593	0.24979253112	0.00242264507883	0.000276973658617	988.282531859	661	0.128788072496	259.946337271	31.4296520424	1750.60299795	4	0	0					
2	14	1	0	2176	7.57261029412	0.273897058824	0.00225511821113	0.000274736042664	1003.58827271	662	0.129332926554	289.506163492	29.1903323263	1903.31596678	4	0	0					
2	15	1	0	2345	8.54925373134	0.268230277186	0.00277075887397	0.000281881978305	1006.93396872	701	0.132384091872	313.370500051	32.4978601997	1954.73806895	4	0	0					
2	16	1	0	2173	115.820984814	4.74965485504	0.0360147020938	0.0052599550069	1658.42285183	11461	0.142156072424	487.06285871	24.6039612599	3047.42165272	4	0	0					
2	17	1	0	2026	60.6066140178	2.23593287266	0.0139103692866	0.00220584365805	1182.1780333	4988	0.125214944597	293.938596114	27.3660785886	2039.42911458	4	0	0					
2	18	1	0	2166	40.3347183749	1.39150507849	0.0110662313361	0.0013714431157	1103.46934807	3292	0.130406251018	338.955415507	29.4331713244	2115.99039345	4	0	0					
2	19	1	0	2488	9.84364951768	0.264469453376	0.00340719102298	0.000310049620068	993.201967489	713	0.136946767454	345.570172807	37.5273492286	2065.65123734	4	0	0					
2	20	1	0	2137	7.46888160973	0.275620028077	0.0021895164378	0.000287828833337	927.315280573	637	0.127769100704	270.859658588	27.4442700157	1820.35296607	4	0	0					
2	21	1	0	2217	8.14388813712	0.352728912945	0.00249637525852	0.000348476766555	901.841202608	862	0.126890736627	251.262773665	23.4176334107	1668.84589794	4	0	0					
2	22	1	0	2074	171.917068467	8.37512054002	0.0748274400471	0.0103831825636	2252.4275573	19045	0.158718936253	704.629548542	20.7709635075	4170.8201445	4	0	0					
2	23	1	0	2080	145.083173077	6.07548076923	0.0477319807712	0.0068035085708	1496.65715188	13933	0.143875140515	414.419240929	24.2064881935	2610.36554544	4	0	0					
2	24	1	0	2225	8.19191011236	0.246292134831	0.00199396111597	0.000252777987063	915.186450584	605	0.121245588013	215.944779346	33.2578512397	1558.16136001	4	0	0					
3	1	1	0	1922	65.081685744	2.75442247659	0.0150915994185	0.00283911860978	1051.3916947	5866	0.124840551805	238.631404071	23.7911694511	1754.08387047	4	0	0					
3	2	1	0	1965	11.6865139949	0.438676844784	0.00328033453912	0.000458175501834	921.710643107	965	0.126550080974	267.215763284	26.9865284974	1819.69291599	4	0	0					
3	3	1	0	2281	13.4064007014	0.375712406839	0.00462323415031	0.000508680776369	1004.92019654	949	0.125834103134	289.85095098	36.6680716544	2065.0321264	4	0	0					
3	4	1	0	2114	9.92667928098	0.307947019868	0.00324773466798	0.000301535649875	951.558941762	724	0.131440361365	300.45883653	32.2403314917	1883.45352651	4	0	0					
3	5	1	0	2081	7.83853916386	0.290725612686	0.00259550805968	0.00029379754703	959.0435607	672	0.130821245667	311.073820584	27.5863095238	1974.11895416	4	0	0					
3	6	1	0	2047	158.856863703	6.69711773327	0.0763728681305	0.00949844103981	2472.51895475	14887	0.155136060568	730.905928636	23.8440921609	4447.32658664	4	0	0					
3	7	1	0	2011	129.76628543	5.84883142715	0.0468047425323	0.0072870222465	1693.84704535	12961	0.144253096367	471.065009672	22.4302908726	2993.82500639	4	0	0					
3	8	1	0	2126	81.7793979304	3.69943555974	0.02023524059	0.00410051508741	1282.82928259	8668	0.127539361162	295.383019724	22.341716659	2165.47686013	4	0	0					
3	9	1	0	2099	11.1243449262	0.407813244402	0.00282994577296	0.000414933801051	997.681150977	921	0.122211759619	259.074295708	27.5255157438	1804.12622741	4	0	0					
3	10	1	0	2001	8.30834582709	0.314342828586	0.0025582408687	0.000306954320156	1022.64231664	714	0.131195800612	292.468012535	26.8053221289	1889.29739762	4	0	0					
3	11	1	0	2063	9.2961706253	0.324769752787	0.00268802260379	0.000307470780046	1011.21421927	733	0.128874404317	306.047066715	28.9140518417	1969.14818653	4	0	0					
3	12	1	0	2141	114.890705278	4.06539000467	0.0378137020754	0.00540155407765	1437.72383614	9314	0.129954799202	333.571548172	28.4273137213	2446.6263602	4	0	0					
3	13	1	0	2324	38.2723752151	1.4182444062	0.0171279892457	0.00165229031632	1204.79362879	3608	0.152277459677	596.218889164	27.284368071	3135.27748795	4	0	0					
3	14	1	0	2309	10.1485491555	0.308358596795	0.00309808483236	0.000332131857588	1017.80070242	808	0.128462447476	284.18408777	33.4306930693	1905.53749172	4	0	0					
3	15	1	0	2206	8.16500453309	0.237533998187	0.00261196746466	0.000245556568556	995.465796202	600	0.130923331326	289.011231732	34.68	1838.06419362	4	0	0					
3	16	1	0	2250	8.35288888889	0.269777777778	0.00277175263876	0.000294072178154	984.30716474	660	0.133227797336	314.722596688	31.3424242424	2017.34069959	4	0	0					
3	17	1	0	2223	8.18983355825	0.230319388214	0.00301463524357	0.000246302637255	1011.93034374	567	0.137512877713	328.6717429	36.1992945326	1964.50648587	4	0	0					
3	18	1	0	2143	19.5002333178	0.516565562296	0.00526347494833	0.000500124799377	1005.9598532	1209	0.135391145712	287.387947598	38.1191066998	1832.33585148	4	0	0					
3	19	1	0	1641	14.8086532602	0.503960999391	0.00450283587166	0.000484795815932	952.917983165	905	0.135736299507	272.940986527	29.9403314917	1709.04560329	3	0	0					
3	20	1	0	2245	15.238752784	0.501113585746	0.00426074807464	0.000483905422155	932.043037935	1247	0.130792317676	261.278569854	30.8909382518	1705.14318413	4	0	0					
3	21	1	0	2215	66.5494356659	2.93589164786	0.0164790534774	0.00317282484546	1175.45255755	7232	0.127132415713	280.79263179	22.9286504425	1947.38670323	4	0	0					
3	22	1	0	2083	37.8766202592	1.56697071531	0.00857458276778	0.00168757840765	995.342204939	3591	0.121968365362	210.614070677	24.2564745196	1567.73469276	4	0	0					
3	23	1	0	2239	7.12416257258	0.23358642251	0.00208484044972	0.000240472109848	889.111884316	581	0.126326898543	248.655070437	31.1549053356	1659.4963116	4	0	0					
3	24	1	0	2186	21.6107044831	0.684812442818	0.00534025888331	0.000692945739264	877.00250755	1678	0.125480031989	217.44122754	31.7979737783	1501.22482815	4	0	0					
4	1	1	0	2207	104.760761214	4.37607612143	0.0263886306808	0.0046692351313	1175.88095869	10524	0.129779720827	279.444514862	24.0877042949	2007.12747038	4	0	0					
4	2	1	0	2248	10.3598754448	0.38256227758	0.00302847474335	0.000401170468329	890.355196846	945	0.130493463414	271.208626492	27.5883597884	1825.50801378	4	0	0					
4	3	1	0	2190	112.515981735	4.42100456621	0.0408092117981	0.00507498655176	1587.77598345	10587	0.143570708568	543.75159686	25.4628317748	3260.30621922	4	0	0					
4	4	1	0	2120	19.3231132075	0.812264150943	0.0049114437465	0.000846197057523	980.047787119	1906	0.119579140928	229.178946282	24.0325288562	1697.6091958	4	0	0					
4	5	1	0	2080	11.3399038462	0.467307692308	0.0036391929354	0.000493496993695	964.75343581	1085	0.12329363835	267.493880193	24.3253456221	1886.68147792	4	0	0					
4	6	1	0	2144	7.89925373134	0.298507462687	0.00249156922521	0.000304440845508	950.583960692	700	0.127735801478	266.206663976	26.6914285714	1758.53173999	4	0	0					
4	7	1	0	2144	7.26912313433	0.252332089552	0.00263227809509	0.000269455260602	974.191635728	604	0.134455616826	318.401990287	29.5347682119	2005.248068	4	0	0					
4	8	1	0	2227	7.47507858105	0.242927705433	0.0024033933274	0.000266649104326	990.515081814	596	0.130795216255	295.389342675	30.8791946309	1982.12667268	4	0	0					
4	9	1	0	2244	191.60516934	6.80659536542	0.0711233525904	0.00831495292869	2876.75115442	16769	0.144833248409	772.014892867	28.4527401753	5053.23735844	4	0	0					
4	10	1	0	2026	69.6663376111	2.76752221125	0.0175462866112	0.00308849695269	1226.45388034	6206	0.124390312026	286.499790412	25.4216886884	2144.91745205	4	0	0					
4	11	1	0	2159	10.2251042149	0.293654469662	0.00307552251556	0.000290508942912	1031.23519576	701	0.130073576438	333.412591734	34.9728958631	2049.74823409	4	0	0					
4	12	1	0	1921	8.70692347736	0.275897969807	0.00246999506695	0.000252946012963	1022.62580164	596	0.131777509494	308.596040319	31.9429530201	1956.58689077	4	0	0					
4	13	1	0	2395	7.6375782881	0.263048016701	0.00244096372038	0.000262991976166	1012.2957193	687	0.12953701911	316.430984174	29.3187772926	2061.06017185	4	0	0					
4	14	1	0	2192	6.23950729927	0.192062043796	0.00171305828357	0.000193813640997	976.393918521	465	0.128306531418	264.511441364	33.288172043	1780.70234181	4	0	0					
4	15	1	0	2137	89.0505381376	3.18015910154	0.0234656700681	0.00376719498897	1375.47874153	7442	0.123356933542	298.704125476	28.2523515184	2260.10435183	4	0	0					
4	16	1	0	2133	25.2278481013	0.957337083919	0.00607144967608	0.0010036082792	1077.85356373	2233	0.118786686527	239.641521927	26.644872369	1785.88353509	4	0	0					
4	17	1	0	2064	9.77567829457	0.285368217054	0.00273386305058	0.000279372063106	976.175070374	652	0.130969317034	287.499716707	34.1886503067	1874.94117235	4	0	0					
4	18	1	0	2203	7.94371311847	0.288697231049	0.00273515299947	0.000298209544102	954.678945514	696	0.133081427654	311.997577742	27.9841954023	1920.18656812	4	0	0					
4	19	1	0	2171	10.0082911101	0.420082911101	0.00304778988138	0.000421945984153	940.488268535	987	0.12769349963	278.146310873	23.9493414387	1878.26234682	4	0	0					
4	20	1	0	2239	8.88610987048	0.301027244305	0.00295755198356	0.000306279480845	966.939192731	757	0.135095689828	291.530475363	30.3408190225	1815.7582633	4	0	0					
4	21	1	0	1886	149.8504772	5.16065747614	0.0495605291571	0.00602611183524	1646.59206092	10816	0.139807692224	430.479924085	29.2151442308	2861.33050099	4	0	0					
4	22	1	0	2157	82.6277236903	4.01993509504	0.0203534422937	0.00432031960344	1118.51156287	9517	0.128063551135	258.199266457	20.745297888	1884.01432797	4	0	0					
4	23	1	0	2155	9.54199535963	0.319257540603	0.002713697941	0.00035038873518	851.52141858	741	0.127297254735	228.996785669	30.1187584345	1567.69273472	4	0	0					
4	24	1	0	1857	168.329563813	7.1281637049	0.0647990777097	0.00845601223096	1927.11006669	14655	0.151164594076	563.824593068	23.8807915387	3447.88662082	4	0	0					
5	1	1	0	1873	146.249332621	4.97650827549	0.0473219070699	0.00562934801671	1709.29185993	10286	0.141968578677	464.547608396	29.495527902	3014.55315801	4	0	0					
5	2	1	0	1819	30.1253435954	1.14953271028	0.00649078155021	0.0011148574594	951.536964225	2271	0.119713161022	217.163470204	26.2778511669	1637.20198649	4	0	0					
5	3	1	0	2221	9.58802341288	0.291760468258	0.00268441435898	0.000278824293741	925.27214281	722	0.127280602249	255.396175223	32.4515235457	1699.94744971	4	0	0					
5	4	1	0	2138	7.14499532273	0.295603367633	0.00165022282221	0.000285906198692	921.761183663	715	0.120008026233	216.057821972	24.7426573427	1573.13584071	4	0	0					
5	5	1	0	2309	7.26331745344	0.238631442183	0.00269361122603	0.000244468762214	925.963997227	615	0.135281660619	342.364210622	30.5154471545	2037.84774519	4	0	0					
5	6	1	0	2124	150.237758945	6.88041431262	0.0767029862449	0.00889541425738	2751.10604065	15753	0.159266909906	982.271841625	21.9834317273	5729.94695981	4	0	0					
5	7	1	0	2055	129.036009732	5.33090024331	0.0547154502652	0.00652147756729	2055.00877007	12037	0.148067009157	715.975965375	24.443050594	4343.19573814	4	0	0					
5	8	1	0	2184	17.2999084249	0.567307692308	0.0045239774923	0.000582235604833	1082.69347164	1380	0.125150032443	284.841253948	30.3601449275	1981.58171693	4	0	0					
5	9	1	0	2119	8.22793770647	0.259556394526	0.00237307519711	0.000265217609118	1016.45749187	615	0.128121912821	275.309244443	31.7365853659	1853.28004664	4	0	0					
5	10	1	0	2047	8.73717635564	0.265266243283	0.00316671032645	0.000278827239071	994.346492737	619	0.137106510782	322.973546762	33.8852988691	1980.27067551	4	0	0					
5	11	1	0	1933	7.23745473357	0.245732022763	0.00221370193664	0.000251079400292	950.862859849	529	0.13024910539	274.061525453	29.7051039698	1789.04287492	4	0	0					
5	12	1	0	2036	126.224459725	5.17436149312	0.0373899662366	0.00598692483569	1718.84466134	11375	0.132247326164	422.077372529	24.6108131868	2995.05824149	4	0	0					
5	13	1	0	2131	22.5654622243	0.830126701079	0.00517833901273	0.0008650629984	1563.78776544	1953	0.116109312775	253.374090287	27.4531490015	1964.92836975	4	0	0					
5	14	1	0	1942	12.7657054583	0.445932028836	0.00318345854829	0.000467545076839	990.385829129	952	0.119753302437	238.465507619	28.9180672269	1757.97827694	4	0	0					
5	15	1	0	2071	8.99275712216	0.303718010623	0.00300809702877	0.000312644879669	993.965633925	688	0.137047342617	376.210460812	30.1947674419	2303.64798522	4	0	0					
5	16	1	0	2208	8.16077898551	0.26902173913	0.0030861101697	0.000258074955152	1072.34671027	661	0.139509634628	381.837179213	30.58698941	2302.77384042	4	0	0					
5	17	1	0	2217	7.70139828597	0.274695534506	0.00267201939953	0.00028067743824	981.145485633	660	0.133700613518	364.234854758	28.2272727273	2246.49002902	4	0	0					
5	18	1	0	1896	118.893459916	4.35654008439	0.0652306211296	0.00663613515187	1929.13587382	8870	0.147055098604	585.572553188	27.479481398	3636.91861521	4	0	0					
5	19	1	0	2037	121.918507609	5.91261659303	0.044581528345	0.00717223311047	1707.41550965	13237	0.14048875401	480.618315691	20.8516280124	3101.36106603	4	0	0					
5	20	1	0	2133	64.8884200656	2.17252695734	0.0164434759095	0.00237865283718	1201.23581394	5115	0.122606753645	286.019382195	30.0838709677	2110.08031937	4	0	0					
5	21	1	0	2247	14.7289719626	0.581219403649	0.00358274558093	0.000590584288392	928.257682138	1438	0.119927058385	219.24129199	25.6029207232	1630.03211183	4	0	0					
5	22	1	0	2139	9.80925666199	0.412342215989	0.00250246546998	0.000420897722181	886.301409888	993	0.121884863506	213.542555699	24.1268882175	1501.41286739	4	0	0					
5	23	1	0	2071	8.14340898117	0.275712216321	0.00211384485312	0.000271381548528	843.118353192	614	0.124527375299	208.648021565	29.3680781759	1454.46045611	4	0	0					
5	24	1	0	1939	163.400722022	7.29138731305	0.0574010264847	0.00835869658243	1748.63820474	15400	0.147414654699	491.884648721	22.6062337662	3097.88105815	4	0	0					
6	1	1	0	1819	181.169873557	6.73007146784	0.0798059454061	0.00769712053934	2640.98573221	13245	0.154701232855	842.010211182	27.0790486976	5030.46256376	4	0	0					
6	2	1	0	2049	128.923377257	4.98438262567	0.0368540078955	0.00544039901343	1290.25361783	11267	0.138411998145	341.761827279	25.9787876098	2296.46095345	4	0	0					
6	3	1	0	2115	101.965484634	4.51205673759	0.0284386952095	0.00481638007504	1374.37590239	10603	0.13190461296	368.250485267	22.7509195511	2513.08860285	4	0	0					
6	4	1	0	2104	24.8959125475	1.01188212928	0.0053763850501	0.00103115256897	970.937658561	2329	0.116932424297	216.101922359	24.5693430657	1675.81966191	4	0	0					
6	5	1	0	2098	9.40753098189	0.307435653003	0.00314415289136	0.000304116163668	952.186841253	724	0.12702412935	277.424172805	30.361878453	1841.43421442	4	0	0					
6	6	1	0	2151	8.35890283589	0.30729893073	0.00265468900686	0.000304992727966	967.176007662	734	0.12734989927	311.439350297	27.485013624	2017.44841075	4	0	0					
6	7	1	0	2172	9.60082872928	0.285451197053	0.00290187187478	0.000317087049194	977.326517078	691	0.131869081914	310.579939807	34.1693198263	2025.90159549	4	0	0					
6	8	1	0	2381	129.233095338	5.2452750945	0.0444615074057	0.00607588078404	1868.51617694	13529	0.137357399428	509.319381664	24.8131421391	3447.81380519	4	0	0					
6	9	1	0	2031	69.2240275726	2.61447562777	0.0179588846681	0.00285232246475	1289.96670453	5866	0.123036797891	303.383304117	26.6193317422	2265.64590111	4	0	0					
6	10	1	0	2094	14.3696275072	0.531041069723	0.00417388407691	0.000548481291585	1040.36127483	1215	0.123143522867	277.336974647	26.9514403292	1924.14912582	4	0	0					
6	11	1	0	2130	7.40563380282	0.238028169014	0.00239637937907	0.000240345532343	1006.0364828	541	0.133114492472	337.470511543	31.2735674677	2098.15317894	4	0	0					
6	12	1	0	2004	9.35628742515	0.37624750499	0.00293488639865	0.000393127631604	1002.48267338	823	0.128172135178	301.360895967	25.3013365735	2000.72020952	4	0	0					
6	13	1	0	2156	7.81957328386	0.227736549165	0.00297418824951	0.000242844828127	1032.83904109	533	0.140618618016	434.47207935	34.4521575985	2557.86058898	4	0	0					
6	14	1	0	2182	63.2076076994	2.4477543538	0.0145794704064	0.00262694237511	1282.96988569	5884	0.118829264394	272.644558276	26.1425900748	2120.89575951	4	0	0					
6	15	1	0	2273	21.7721073471	0.745710514738	0.00476711684423	0.000817982008404	1057.96944706	1847	0.114256659936	215.742685604	29.458040065	1708.85785267	4	0	0					
6	16	1	0	2348	10.0319420784	0.373509369676	0.00286924292809	0.000420845606154	1006.54317602	966	0.120399032854	242.320172707	27.1925465839	1720.05900411	4	0	0					
6	17	1	0	2143	8.55296313579	0.268782081195	0.00268950326366	0.000274387588821	983.692450404	637	0.13330171603	318.103735309	32.0376766091	2027.80368674	4	0	0					
6	18	1	0	2111	5.39459971577	0.169114163903	0.00150667158504	0.000170706749076	946.377936826	400	0.127886381155	247.082135671	32.3875	1659.46861331	4	0	0					
6	19	1	0	2040	8.6068627451	0.351470588235	0.00294462634844	0.000351543893682	940.464658633	786	0.132851490195	298.457611889	24.6641221374	1886.78303403	4	0	0					
6	20	1	0	2312	98.2988754325	3.39835640138	0.0289837014053	0.00409512623888	1386.47977739	8581	0.130817489847	335.890788743	29.1348327701	2397.83999352	4	0	0					
6	21	1	0	2046	60.1793743891	2.75268817204	0.0137345228831	0.00295975113646	1056.34039956	6123	0.123145927858	225.95887097599999	22.0963579944	1727.29959736	4	0	0					
6	22	1	0	2191	17.875399361	0.703788224555	0.00408745694082	0.000763495357792	877.631478133	1670	0.115794652735	178.957447718	25.5401197605	1402.15835411	4	0	0					
6	23	1	0	1954	167.163254862	6.64073694985	0.0662997514252	0.00808669137331	2024.22077635	14005	0.150177476015	581.067358586	25.3706533381	3603.14750793	4	0	0					
6	24	1	0	1989	9.66968325792	0.322775263952	0.00244225206451	0.000316333914927	850.890711888	706	0.125126490867	220.419517484	29.9518413598	1508.29995441	4	0	0					
7	1	1	0	1940	10.3108247423	0.39175257732	0.00276320730794	0.00038459321225	846.899269085	854	0.122178447208	221.422080654	26.8208430913	1544.37178184	4	0	0					
7	2	1	0	1877	133.009589771	5.2168353756	0.0363820400752	0.00560147779387	1293.1028024	10613	0.136345758265	335.124022566	25.6593800057	2284.77616818	4	0	0					
7	3	1	0	2176	9.56020220588	0.328125	0.00294604525096	0.000334357393931	914.95893011	786	0.129873110808	285.51184491	29.3625954198	1874.80522128	4	0	0					
7	4	1	0	2101	107.014754879	4.96049500238	0.0296907563946	0.00547011216366	1355.84690457	11355	0.133272409019	344.678116973	21.8325847644	2416.4419203	4	0	0					
7	5	1	0	2276	30.4165202109	1.21792618629	0.00691357436034	0.00126570446864	1009.00139721	3071	0.119649662826	222.457166958	25.1716053403	1701.79058551	4	0	0					
7	6	1	0	2137	15.8727187646	0.710341600374	0.00405662617805	0.000728606811034	978.877098558	1658	0.121556225392	239.273534892	22.6604342581	1710.32580665	4	0	0					
7	7	1	0	2097	8.4635193133	0.289461134955	0.0029484760623	0.000299944311489	991.609845753	687	0.131015855748	335.85357571	28.8762736536	2168.87501194	4	0	0					
7	8	1	0	2063	8.19098400388	0.282598158022	0.00263369930396	0.000285161479415	966.772781356	653	0.130686434567	286.558825288	28.7656967841	1864.70184164	4	0	0					
7	9	1	0	2192	7.69023722628	0.277372262774	0.00264339829692	0.000293559898761	988.040348888	682	0.131612974872	327.639326289	28.2785923754	2095.14113105	4	0	0					
7	10	1	0	1960	149.575	5.8306122449	0.0656658461482	0.00810798222071	2293.30980881	12406	0.147879535614	634.200096155	25.826374335	4032.9644346	4	0	0					
7	11	1	0	1863	123.822329576	5.38754696726	0.038411745274	0.0062695069209	1551.82704101	11106	0.138588153394	396.474464232	23.1176841347	2644.3607969	4	0	0					
7	12	1	0	2144	21.5970149254	0.711287313433	0.00440073267826	0.000742100511194	2065.09756379	1685	0.115447075923	230.892379387	30.6237388724	1881.20651223	4	0	0					
7	13	1	0	2245	8.1710467706	0.281514476615	0.00220673470491	0.000294815852991	969.969062633	698	0.12531483255	254.827872883	29.5888252149	1724.04588356	4	0	0					
7	14	1	0	2146	7.96365330848	0.283317800559	0.00243787657833	0.000299246023974	1053.76736749	663	0.133399078354	318.763236706	28.3936651584	2024.34384902	4	0	0					
7	15	1	0	2198	7.07279344859	0.222474977252	0.0026659842417	0.000250383432741	1036.53840229	541	0.133398319097	357.124220129	31.7726432532	2312.73290287	4	0	0					
7	16	1	0	2098	157.936129647	6.21448999047	0.0623764360532	0.0076429661257	2275.90723806	14205	0.146517172181	637.778832185	25.5761351637	4055.28819371	4	0	0					
7	17	1	0	2063	113.609791566	4.36500242365	0.0318496442541	0.0049043251006	1413.57964072	9823	0.13250085197	345.717425666	26.1683803319	2417.76819644	4	0	0					
7	18	1	0	2259	26.7158034529	0.885347498893	0.00574518074889	0.000962946000834	1026.44002941	2181	0.114823560241	206.945449557	30.4690508941	1654.90467867	4	0	0					
7	19	1	0	2083	11.6970715314	0.487277964474	0.00313483518005	0.00047115449057	979.490291264	1112	0.124549583589	255.717807488	24.125	1776.20980119	4	0	0					
7	20	1	0	2153	9.81932187645	0.296795169531	0.00255575661085	0.000285126912473	941.92142304	713	0.125285324693	267.329049155	33.427769986	1767.86997146	4	0	0					
7	21	1	0	2085	9.93908872902	0.413908872902	0.00257721881758	0.000407289929398	906.459787833	953	0.126089114465	233.611977221	24.1059811123	1588.62416942	4	0	0					
7	22	1	0	1878	108.173588924	4.97603833866	0.0326717485138	0.00551669795471	1312.97850325	10285	0.1340393017	336.231476992	21.9523578026	2344.63704988	4	0	0					
7	23	1	0	1774	170.959977452	7.04904171364	0.0622038096573	0.00806021327588	1786.48822314	13666	0.148638956998	507.839942075	24.4213376262	3161.01104731	4	0	0					
7	24	1	0	2142	22.0336134454	0.873015873016	0.00460433986908	0.000908644786556	898.082505923	2025	0.116152232859	178.931235576	25.6301234568	1425.58932407	4	0	0					
8	1	1	0	2195	8.10933940774	0.330751708428	0.00192690574481	0.000340478909178	857.464089265	803	0.12089314042	205.04031749	25.0149439601	1482.38610396	4	0	0					
8	2	1	0	2167	8.32902630365	0.28703276419	0.00244849031484	0.000289970525929	923.687137194	705	0.125424937555	259.569668605	29.1588652482	1745.39195306	4	0	0					
8	3	1	0	2227	8.92456219129	0.322406825326	0.00240924437171	0.000331001368208	887.472826403	800	0.124684932287	249.093674794	28.22	1682.16783328	4	0	0					
8	4	1	0	2141	8.14712751051	0.300794021485	0.00284814061375	0.000310374160553	882.773045913	707	0.123933240765	248.394879258	27.1004243281	1686.8575245	4	0	0					
8	5	1	0	2019	8.22634967806	0.326399207528	0.00269888263166	0.000331655417991	954.173348586	752	0.126898604404	271.672927463	25.7712765957	1828.21702864	4	0	0					
8	6	1	0	2164	107.012939002	4.676987061	0.0308119634466	0.00524759914203	1367.08245375	11016	0.132087527033	346.926075283	22.9855664488	2424.74107996	4	0	0					
8	7	1	0	1972	33.2596348884	1.16328600406	0.00747807975575	0.00116235348264	1076.63732826	2537	0.118682799357	240.612950072	29.0748916043	1850.84764955	4	0	0					
8	8	1	0	1932	12.7898550725	0.472567287785	0.00378307514859	0.000480640932394	1005.8108676	1021	0.124497112346	276.191795349	27.2938295788	1909.77001274	4	0	0					
8	9	1	0	2080	7.65480769231	0.270192307692	0.00203396644394	0.000274001713045	958.668143827	626	0.127043608766	247.790275362	28.9808306709	1715.90784613	4	0	0					
8	10	1	0	2046	8.65786901271	0.286412512219	0.00301770422417	0.000294471061626	989.164491939	662	0.134366211815	338.894939979	30.3126888218	2081.61645815	4	0	0					
8	11	1	0	2197	7.89804278562	0.258989531179	0.0023565237929	0.000259701288402	990.535920687	623	0.12882774965	294.698810436	31.1155698234	1970.03730416	4	0	0					
8	12	1	0	2116	94.5864839319	4.24338374291	0.0260565447988	0.00485169687889	1386.04835213	9815	0.128601168103	325.385847377	22.5401935813	2380.07382787	4	0	0					
8	13	1	0	2094	16.3968481375	0.507163323782	0.00456764543737	0.000524451603903	1021.0734342	1131	0.120224767515	263.19708479	32.516357206	1912.98398853	4	0	0					
8	14	1	0	2118	7.92351274788	0.28611898017	0.00246595271945	0.000296438859221	1022.58856385	672	0.127721057117	290.311123412	28.1443452381	1905.81443499	4	0	0					
8	15	1	0	2165	8.09376443418	0.268360277136	0.00235409310513	0.000275534944147	1014.57814105	632	0.132612517151	322.66807507	30.1946202532	2020.84572403	4	0	0					
8	16	1	0	2237	7.65534197586	0.248994188646	0.00274278456635	0.000257927622319	1005.72446597	616	0.132967480936	347.201811063	31.2061688312	2147.93549746	4	0	0					
8	17	1	0	2048	7.74365234375	0.24267578125	0.00266881218449	0.000253500522334	947.258214674	531	0.139281458226	329.580809461	31.7156308851	1926.57359428	4	0	0					
8	18	1	0	1965	111.015267176	4.19491094148	0.033261431322	0.00475856032295	1344.37326366	9041	0.134444785653	350.169820301	26.6618736865	2393.52506814	4	0	0					
8	19	1	0	1870	56.2406417112	2.40802139037	0.0127386652679	0.00254457300673	1110.81057171	4980	0.120796625638	237.341833005	23.6431726908	1827.489947	4	0	0					
8	20	1	0	2115	9.68085106383	0.329078014184	0.00261345405735	0.000310505870823	943.469657862	777	0.126556783645	254.523597848	29.6435006435	1712.5988021	4	0	0					
8	21	1	0	2141	8.83839327417	0.346099953293	0.00256904257087	0.000356485907547	877.940597121	809	0.124777603053	234.695534208	25.8158220025	1582.69785194	4	0	0					
8	22	1	0	2058	10.527696793	0.438775510204	0.00310084689574	0.00045007496245	865.29044696	1013	0.125470331114	238.048154707	24.5350444225	1611.41130173	4	0	0					
8	23	1	0	1930	9.13730569948	0.292227979275	0.00228353902094	0.000290683394831	897.343687345	634	0.125478482617	242.850838793	31.7413249211	1638.05231022	4	0	0					
8	24	1	0	2010	8.49154228856	0.307462686567	0.0026326877367	0.000326885812654	909.603727224	679	0.127809795068	239.276350537	27.8276877761	1666.26231192	4	0	0					
9	1	1	0	1781	8.45030881527	0.311061201572	0.00211522230555	0.000314743533786	841.915721733	623	0.124538904933	222.834466591	28.4446227929	1564.10708634	4	0	0					
9	2	1	0	1943	183.988677303	8.34225424601	0.0781748170964	0.00991121240791	2572.70893745	17724	0.156518852783	814.514242963	22.2273753103	4955.21775503	4	0	0					
9	3	1	0	1987	84.3769501761	3.55963764469	0.0207776262525	0.0037126183911	1117.15383627	7673	0.127151645951	269.302558835	23.7419523003	1983.16143617	4	0	0					
9	4	1	0	1950	15.5241025641	0.647692307692	0.0047295489245	0.000647770789174	966.959263639	1374	0.125374046726	257.899225536	24.2896652111	1769.4854741	4	0	0					
9	5	1	0	1978	9.94944388271	0.3432760364	0.00309198301677	0.000339118844789	923.479354042	758	0.125271389775	260.189096349	29.2519788918	1745.37859473	4	0	0					
9	6	1	0	2100	6.74142857143	0.239047619048	0.00222894103406	0.000246053067191	959.323850854	564	0.129588227264	290.273219724	27.9840425532	1899.46851044	4	0	0					
9	7	1	0	1979	9.16574027287	0.277918140475	0.00315515008923	0.000255255312438	954.379700286	622	0.13557693733	342.625220353	33.1704180064	2048.3195604	4	0	0					
9	8	1	0	1810	102.628729282	3.62430939227	0.0289801559062	0.00385523425378	1352.8929372	7137	0.129779183336	352.118750053	28.4902620149	2529.86793245	4	0	0					
9	9	1	0	1920	24.1947916667	0.881770833333	0.00612101423968	0.000889783624667	1087.72462418	1875	0.120906818604	285.360042942	27.5813333333	2027.59358457	4	0	0					
9	10	1	0	1952	11.018442623	0.432889344262	0.00336374714153	0.000452634735271	984.187796358	929	0.126513060588	259.674680279	25.6738428418	1740.28485714	4	0	0					
9	11	1	0	1919	8.57269411152	0.287128712871	0.00252136797397	0.00030944481541	975.00068329	592	0.130814479647	285.656936501	29.847972973	1856.12310303	4	0	0					
9	12	1	0	1967	6.85765124555	0.219115404169	0.00197653248783	0.00022913625319	999.594217583	478	0.126987665967	283.597645356	31.4163179916	1973.69019927	4	0	0					
9	13	1	0	2235	7.32304250559	0.221029082774	0.00299767840486	0.000236948020052	1008.58651155	554	0.135455277631	403.661255992	33.3718411552	2467.94840962	4	0	0					
9	14	1	0	2287	94.7328377787	4.10013117621	0.025458295112	0.00455737433527	1351.87228882	10266	0.127872651403	326.896520108	23.3319696084	2383.88398723	4	0	0					
9	15	1	0	2192	15.6268248175	0.584397810219	0.00389101789618	0.000617121540289	994.813688815	1403	0.118959176331	230.989070273	27.4476122594	1701.48830401	4	0	0					
9	16	1	0	2163	8.63199260287	0.291724456773	0.00264387779493	0.000308349071831	954.32743114	670	0.125809829352	282.970923736	29.8820895522	1887.72294496	4	0	0					
9	17	1	0	2049	6.72864812103	0.233772571986	0.00202151850399	0.000243193790098	905.287177592	531	0.125413616639	246.034412683	28.8305084746	1638.17616373	4	0	0					
9	18	1	0	2028	7.83678500986	0.251972386588	0.00237722639619	0.000250661445775	961.698845852	576	0.131133698013	309.736382513	30.8611111111	2004.86939643	4	0	0					
9	19	1	0	1984	9.02419354839	0.292338709677	0.00251260634265	0.000294105048368	936.240224672	640	0.131593967127	254.598952569	30.746875	1647.71300534	4	0	0					
9	20	1	0	1824	175.167214912	8.05043859649	0.0724227906142	0.00911196954034	2565.46129788	16192	0.155220670812	817.734805168	21.8872282609	4957.19376492	4	0	0					
9	21	1	0	1985	138.276070529	6.49471032746	0.0455465466944	0.00749610430722	1441.7836048	14225	0.142109711819	395.88276728	21.4269947276	2605.90697893	4	0	0					
9	22	1	0	2054	83.0404089581	3.61051606621	0.0191814910255	0.0037565503776	1036.28129185	8138	0.126043270505	233.512365462	23.2168837552	1734.28000817	4	0	0					
9	23	1	0	1992	12.3318273092	0.459337349398	0.0034092279308	0.000449080512851	884.648359662	1013	0.124775360225	248.114667356	27.1994076999	1650.99725141	4	0	0					
9	24	1	0	2109	9.45851114272	0.286391654813	0.00278730939218	0.000299507023996	843.328358057	668	0.125624445283	238.17692364	32.880239521	1591.78475689	4	0	0					
10	1	1	0	2099	8.17436874702	0.289185326346	0.0022574381501	0.000306000955937	915.511980345	670	0.124461805649	239.853470747	28.2537313433	1700.02664067	4	0	0					
10	2	1	0	2100	8.8880952381	0.293333333333	0.00245184791933	0.000305357556166	879.150905155	680	0.125211374627	249.887549509	30.0632352941	1755.61122189	4	0	0					
10	3	1	0	2061	98.4386220281	4.02620087336	0.0323291318573	0.004576142163	1263.30736099	9146	0.134811416819	384.84522744	24.4939864422	2469.1188327	4	0	0					
10	4	1	0	2123	13	0.502590673575	0.00334509271489	0.000526281028333	914.336938859	1185	0.122897103099	226.951043909	26.0801687764	1640.19543545	4	0	0					
10	5	1	0	1930	11	0.430051813472	0.00294795383056	0.000416846160335	942.434067432	932	0.123885577306	243.87149428	25.5954935622	1698.64366694	4	0	0					
10	6	1	0	2039	7.26189308485	0.254536537518	0.0017347884773	0.000242903452944	916.323622972	582	0.121561284604	216.711524273	29.118556701	1589.33920668	4	0	0					
10	7	1	0	2102	9.27069457659	0.26688867745	0.00318138321567	0.000274709332643	957.960690365	609	0.13316707574	323.489144134	34.661740558299996	2105.1621482	4	0	0					
10	8	1	0	1991	8.84379708689	0.303867403315	0.00279366629461	0.000307631247543	970.990888442	667	0.126679620899	316.210951146	28.7496251874	2135.38832774	4	0	0					
10	9	1	0	1650	163.855757576	6.71515151515	0.0790422777258	0.00888705502868	2594.14685833	12284	0.155784009915	819.138240135	24.6690817323	4964.78706486	4	0	0					
10	10	1	0	1762	159.421679909	7.1350737798	0.0583105233259	0.00822002068071	1793.73958002	13759	0.148148031626	518.478327777	22.4482157134	3254.60804044	4	0	0					
10	11	1	0	1849	91.6608977826	3.75987020011	0.0228722086825	0.00403259978483	1362.49550909	7657	0.127481125848	314.684322808	24.6759827609	2288.43025438	4	0	0					
10	12	1	0	2177	9.9981626091	0.355994487827	0.00289184323744	0.000362290442156	995.723674046	850	0.125000068469	285.096908058	28.1835294118	1930.97745367	4	0	0					
10	13	1	0	1982	8.38496468214	0.292129162462	0.002555062059	0.000306264884303	993.235317517	634	0.128393572512	279.836149236	28.8028391167	1892.46655814	4	0	0					
10	14	1	0	2032	6.31003937008	0.244094488189	0.00161838405764	0.000245638263844	968.454431509	550	0.123161196713	234.664201691	26.2818181818	1675.27426989	4	0	0					
10	15	1	0	2019	109.526002972	4.20950965825	0.0323626242677	0.00469614679133	1482.56609558	9319	0.13325693096	392.601914791	26.2009872304	2724.92289089	4	0	0					
10	16	1	0	2137	28.7543284979	1.05007019186	0.00606761982703	0.0011103306506	994.166371573	2440	0.115481602303	204.923037417	27.7405737705	1637.38202203	4	0	0					
10	17	1	0	2075	8.10843373494	0.276626506024	0.00281770646016	0.000288097447665	961.127457019	635	0.131039402945	343.155481776	29.4960629921	2178.75207989	4	0	0					
10	18	1	0	2017	8.10064452157	0.243430837878	0.00256687937707	0.000251349591743	971.568287757	546	0.132284405962	299.838029839	32.8681318681	1929.53138956	4	0	0					
10	19	1	0	2217	10.99819576	0.344158773117	0.00372422376303	0.000423651824405	1035.70233136	846	0.129657615214	312.591348447	32.5709219858	2121.09451134	4	0	0					
10	20	1	0	2061	9.18728772441	0.360504609413	0.00256016165906	0.000345676913917	931.434503849	810	0.127286975941	264.293580691	25.5098765432	1729.67055071	4	0	0					
10	21	1	0	1492	171.435656836	7.30495978552	0.0838858173488	0.00999308922288	2479.41999527	12042	0.157164125344	743.207624771	23.6473177213	4488.38029038	4	0	0					
10	22	1	0	1981	142.39323574	6.63149924281	0.0490274171006	0.00790684139007	1428.68649097	14516	0.144553168947	385.047738761	21.6459079636	2489.09293815	4	0	0					
10	23	1	0	2090	62.8598086124	2.70956937799	0.0146897400907	0.00288726647449	1044.47218355	6309	0.125107347439	234.282100747	23.2271358377	1730.86517496	4	0	0					
10	24	1	0	2055	12.7732360097	0.438442822384	0.00320503471926	0.000435434955604	852.439658127	1025	0.122566940984	217.614234766	29.7590243902	1504.94055354	4	0	0					
11	1	1	0	1760	11.0011363636	0.427272727273	0.00265344185151	0.000427744283165	885.9492701	847	0.120308782054	212.260865517	26.4746162928	1560.8003844	4	0	0					
11	2	1	0	1783	9.71172181716	0.359506449804	0.00226464888517	0.000356667695901	861.545888241	701	0.118815613629	202.969324582	27.1455064194	1488.0649758	4	0	0					
11	3	1	0	2011	8.75236200895	0.35305818001	0.00235259661324	0.000358141029591	865.235501114	763	0.120242191205	209.147193328	24.9331585845	1546.87656728	4	0	0					
11	4	1	0	2155	116.302088167	5.12900232019	0.039597922487	0.00676082258639	1559.67191083	12097	0.136619703688	384.00450011	22.7694469703	2653.39963848	4	0	0					
11	5	1	0	1887	100.685214626	4.17117117117	0.0292466955111	0.00523364340561	1349.93279922	8666	0.128946081842	315.420641194	24.2123240249	2303.80186024	4	0	0					
11	6	1	0	2001	89.8940529735	3.2303848076	0.0228179333296	0.00380505273362	1276.65173029	7139	0.123115749056	274.33961604	27.9490124667	2103.45496329	4	0	0					
11	7	1	0	1897	70.2282551397	2.67738534528	0.0157644455777	0.0028373735017	1181.59180822	5535	0.120853889025	267.115774398	26.3100271003	2039.49863808	4	0	0					
11	8	1	0	1903	24.6894377299	1.01996847084	0.00525582920677	0.00104529183946	987.657219138	2166	0.11659589384999999	214.464489286	24.4085872576	1700.38342485	4	0	0					
11	9	1	0	1924	11.5005197505	0.388253638254	0.00261354492472	0.000396869848939	991.731986381	833	0.118067003418	239.14273138	29.849939976	1862.20065776	4	0	0					
11	10	1	0	1865	175.21769437	7.09329758713	0.0665044737317	0.00797300948549	2367.91194128	14623	0.145220584294	672.959481633	24.8980373384	4371.41079634	4	0	0					
11	11	1	0	1998	125.873873874	4.69469469469	0.0368636464272	0.00535314312702	1527.7875612	10212	0.13094124418	375.054840825	27.0779475127	2693.34169619	4	0	0					
11	12	1	0	1939	80.695719443	3.33316142341	0.0182929980396	0.00362777330386	1215.92433061	7112	0.121337842897	256.14366288	24.4326490439	1996.32415711	4	0	0					
11	13	1	0	1994	28.6499498495	0.917251755266	0.00622467762431	0.000986150204497	1077.46365911	2035	0.114947328957	220.28215554	31.4584766585	1770.38637479	4	0	0					
11	14	1	0	2129	11.8689525599	0.476749647722	0.00263625156476	0.000488966968384	991.947744686	1127	0.114928870009	211.262836607	25.2617568767	1647.64250631	4	0	0					
11	15	1	0	2267	8.06793118659	0.284516982797	0.00213926582168	0.000288289613734	1002.00153399	705	0.122318547078	300.378618514	31.2695035461	2124.24846524	4	0	0					
11	16	1	0	1982	7.92885973764	0.262361251261	0.00213034841024	0.000271250368474	946.851388131	564	0.126208539552	246.780122299	30.0159574468	1697.80943413	4	0	0					
11	17	1	0	2187	6.34979423868	0.219935985368	0.00190000594079	0.000228041882954	922.764696921	527	0.126694813937	284.73828357	29.605313093	1906.40653113	4	0	0					
11	18	1	0	2106	6.52089268756	0.205603038936	0.00163401760586	0.000209726375644	930.362833019	500	0.127128150711	240.507084542	32.218	1617.47038037	4	0	0					
11	19	1	0	2202	82.8369663942	3.71525885559	0.0207124237794	0.00426739378581	1187.69477702	8923	0.124718943427	258.261935556	22.5414098397	1957.68294292	4	0	0					
11	20	1	0	2090	25.176076555	1.18612440191	0.00594677564247	0.00127060361552	988.61064244	2678	0.117300815889	211.161775991	21.5205377147	1634.23052405	4	0	0					
11	21	1	0	2159	10.575266327	0.440481704493	0.00280227169608	0.000474053629714	898.985640339	1019	0.120904868416	220.805018591	24.3238469087	1593.89110502	4	0	0					
11	22	1	0	2169	127.612263716	6.1051175657	0.0384760306592	0.00678937854034	1376.0380836	14639	0.137399103358	360.13072386	21.0169410479	2461.42172983	4	0	0					
11	23	1	0	1976	8.5298582996	0.275303643725	0.0021501442889	0.000282766531395	841.271003085	595	0.121488354132	201.853890918	31.1831932773	1439.9846538	4	0	0					
11	24	1	0	2138	21.4041159963	0.836763330215	0.00481940502227	0.000855535157893	942.851846151	1967	0.116923979476	194.007653697	25.6675139807	1498.78896693	4	0	0					
12	1	1	0	1761	156.428165815	6.3378762067	0.051230937632	0.0068555758299	1789.5945358	12142	0.145068066495	515.927495278	24.7026025366	3288.78208208	4	0	0					
12	2	1	0	1973	9.33299543842	0.27825646224	0.00236754351473	0.000284727031623	858.859532345	610	0.120871689146	225.209155549	33.5081967213	1596.48409537	4	0	0					
12	3	1	0	2142	9.53688141923	0.348739495798	0.0026600457848	0.000360132995595	881.230662106	840	0.121923638475	228.174272575	27.1404761905	1625.32156009	4	0	0					
12	4	1	0	1999	8.55777888944	0.365682841421	0.00238523668261	0.00036699532491	909.233437752	831	0.121540651839	234.83112367	23.770156438	1587.80447684	4	0	0					
12	5	1	0	1870	10.2021390374	0.352941176471	0.00318161252937	0.000341688894886	938.841155218	741	0.128788840153	285.01278478	28.4709851552	1901.85161871	4	0	0					
12	6	1	0	2022	9.32195845697	0.301681503462	0.00247253804642	0.000300604788291	914.098122519	675	0.123896283453	230.698290614	30.922962963	1634.53707745	4	0	0					
12	7	1	0	1588	139.768261965	4.85705289673	0.0768546067459	0.00693417180334	2280.09600664	8521	0.160727128034	820.892023952	28.7116535618	4722.37942553	4	0	0					
12	8	1	0	1781	156.542953397	6.88152723189	0.0674924919556	0.00835420020912	2158.66973164	13595	0.155191196003	713.961766539	22.8383229128	4213.94468065	4	0	0					
12	9	1	0	1904	56.9805672269	2.09191176471	0.0139110589889	0.00228525685469	1198.28647638	4414	0.126189300163	285.448277539	27.2396918894	2084.87923216	4	0	0					
12	10	1	0	1942	11.4222451081	0.409371781668	0.00258248968088	0.000398331261725	1011.51963216	867	0.118910170892	235.178996248	27.7600922722	1759.44939551	4	0	0					
12	11	1	0	2051	10.6952705997	0.398342272062	0.00410058223284	0.0004999759965	1010.13155523	916	0.129563711324	316.882614419	26.5862445415	2044.46189847	4	0	0					
12	12	1	0	2049	7.37872132748	0.23962908736	0.002421512971	0.000239828303336	985.470492118	544	0.13011957801	310.435156555	31.0919117647	1958.15159204	4	0	0					
12	13	1	0	1896	7.68196202532	0.241033755274	0.00249403104611	0.000246543207812	1054.02854892	518	0.134487340063	355.467152896	32.555984556	2236.38123887	4	0	0					
12	14	1	0	2090	6.46220095694	0.204306220096	0.00220425163887	0.000214165408522	976.52906281	476	0.132166916052	294.463565256	31.8214285714	1844.34255059	4	0	0					
12	15	1	0	1442	9.07142857143	0.28987517337	0.00213087823307	0.000236028499492	993.596140855	514	0.132372401621	305.823136434	32.8424124514	1866.80044243	4	0	0					
12	16	1	0	2012	8.94284294235	0.288767395626	0.00308909188949	0.000342775056804	1002.57239731	645	0.135886808205	332.990803688	31.3798449612	2058.37933306	4	0	0					
12	17	1	0	1890	56.6216931217	2.24867724868	0.0122772458084	0.00234580280605	1102.46428002	4661	0.120744493189	230.330254008	25.3271830079	1766.42396862	4	0	0					
12	18	1	0	2141	14.1373190098	0.465670247548	0.00394782403258	0.000485545494643	996.738942004	1117	0.12393684856	272.912098095	30.4153983885	1908.7800976	4	0	0					
12	19	1	0	2002	168.415584416	7.61988011988	0.084354124728	0.00941567473136	3192.27830771	16494	0.157855478004	1095.68823094	22.3493391536	6451.26523964	4	0	0					
12	20	1	0	1943	142.705095214	6.61502830674	0.0647824404965	0.00782650756222	2207.12794791	14100	0.150834241857	778.531077594	21.6403546099	4623.76704259	4	0	0					
12	21	1	0	1939	11.5611139763	0.484270242393	0.0030544542537	0.000510462618793	901.776636524	1039	0.121397534882	228.483204511	24.5476419634	1600.08491412	4	0	0					
12	22	1	0	1999	10.0500250125	0.379689844922	0.00300476808312	0.000387520052088	890.597130436	863	0.127032433777	244.634839858	26.6709154114	1623.77921309	4	0	0					
12	23	1	0	2049	8.02879453392	0.294289897511	0.00206566616579	0.000289455558668	865.298258021	658	0.122546960397	217.56646647	27.2279635258	1495.5802843	4	0	0					
12	24	1	0	1657	166.670488835	6.4133977067	0.0591445132135	0.00723262765554	1756.83838986	11713	0.148345170269	501.266887997	26.1875693674	3115.51590931	4	0	0					
13	1	1	0	1898	160.974710221	6.95363540569	0.0554062466878	0.00776039622362	1721.93674749	14338	0.147938529685	510.867167028	23.3067373413	3184.77920406	4	0	0					
13	2	1	0	1912	8.86506276151	0.293410041841	0.00255959855134	0.000281084625305	968.981149592	633	0.131707269669	288.827686859	30.6034755134	1867.74262331	4	0	0					
13	3	1	0	1881	9.74269005848	0.331738437002	0.00247947103408	0.000317958173153	933.709943526	710	0.125817033477	244.075989953	29.4492957746	1673.17493906	4	0	0					
13	4	1	0	1980	86.3232323232	3.28939393939	0.0233156972781	0.00333525050162	1278.20163793	7213	0.127770769621	335.827269491	26.5409676972	2441.14097425	4	0	0					
13	5	1	0	1938	37.5087719298	1.32920536636	0.00826934219347	0.00136067744278	1060.47498856	2816	0.118883811311	238.100295238	28.2318892045	1871.41860257	4	0	0					
13	6	1	0	2027	19.0429205723	0.583621114948	0.00477022471335	0.00058252395219	1106.96721117	1318	0.121049844289	286.01024189	32.4339908953	2038.5510211	4	0	0					
13	7	1	0	2043	14.8095937347	0.47577092511	0.00341553029153	0.000479110932556	983.577966557	1070	0.116758995517	243.045434606	31.0654205607	1776.36072264	4	0	0					
13	8	1	0	1948	12.7843942505	0.487679671458	0.00373186891216	0.000502806646015	1043.37639609	1058	0.128848172341	305.264322466	26.4026465028	2016.20369626	4	0	0					
13	9	1	0	1692	12.6873522459	0.435579196217	0.0040264578014	0.000438389910939	980.505877739	822	0.127431340599	297.561336158	29.4829683698	1907.11675264	4	0	0					
13	10	1	0	1803	165.851358846	7.09206877427	0.0782487442965	0.00943532105812	2454.84110549	13961	0.156232986169	802.384812915	23.4374328486	4796.56641934	4	0	0					
13	11	1	0	2202	60.1089918256	2.41598546776	0.0153522204766	0.00272223663545	1186.94777108	5785	0.125452490587	281.231990813	25.1448573898	2055.66787088	4	0	0					
13	12	1	0	2203	31.5392646391	1.24738992283	0.00726856350236	0.00132740804732	1117.16869207	2999	0.118969151904	248.060917913	25.4521507169	1899.76349721	4	0	0					
13	13	1	0	2134	9.90299906279	0.35145267104	0.00311774819547	0.00036924037218	986.836826556	818	0.130390340811	295.993939826	28.52200489	1935.75384366	4	0	0					
13	14	1	0	1893	7.99947173798	0.267300581088	0.00323502768453	0.000278354437538	1019.58821865	582	0.138572523963	389.986464976	30.2577319588	2299.96315734	4	0	0					
13	15	1	0	2231	8.16718960108	0.267144778126	0.00276238823576	0.000278910908769	952.849828329	648	0.129692570664	319.31967964	30.7206790123	1993.40346158	4	0	0					
13	16	1	0	1854	162.153721683	6.40291262136	0.0615120510832	0.00703842417476	2131.2901602	13137	0.148141197875	670.387214494	25.5116084342	4179.20780982	4	0	0					
13	17	1	0	1977	58.8487607486	2.21092564492	0.014595950399	0.00230104675843	1142.33343431	4810	0.1262517767	288.171438296	26.7738045738	2092.17632801	4	0	0					
13	18	1	0	1803	16.4270660011	0.57071547421	0.00450668341662	0.000561849322384	948.556193551	1117	0.124112236273	255.268441823	28.6839749329	1744.84082083	4	0	0					
13	19	1	0	2110	10.1706161137	0.363507109005	0.0031068198591	0.000368315849111	928.437178269	835	0.129165946688	294.474172521	28.0934131737	1909.75030356	4	0	0					
13	20	1	0	2049	10.4177647633	0.391898487067	0.00390959655181	0.000395192935964	983.870531254	886	0.132251337132	404.800246765	26.9695259594	2363.11589935	4	0	0					
13	21	1	0	1984	10.2006048387	0.403225806452	0.00283077650427	0.000396217674525	918.199357089	905	0.126289613768	249.520905759	25.8309392265	1659.38111542	4	0	0					
13	22	1	0	2033	139.7186424	6.68912936547	0.0468099835757	0.00748454082206	1582.07328499	14640	0.141992335511	450.618668318	21.1152322404	2982.46447283	4	0	0					
13	23	1	0	2182	14.1402383135	0.445921173236	0.00376182559117	0.000503098590842	957.09688486	1055	0.121368336098	259.496900688	32.1971563981	1849.09001107	4	0	0					
13	24	1	0	1845	159.415718157	6.7837398374	0.0567052918525	0.00731197421377	1860.6746903	13629	0.149559485781	559.289490297	23.6962359674	3470.5337418	4	0	0					
14	1	1	0	2051	13.5173086299	0.495368113116	0.00375075581282	0.000505811466099	906.331753018	1099	0.126753766905	255.424152961	27.253867152	1729.43208917	4	0	0					
14	2	1	0	1503	181.743180306	6.48436460413	0.0695481754386	0.00763241226094	2146.35360137	10973	0.151473582039	640.131738808	27.9669188007	3923.54282116	4	0	0					
14	3	1	0	2036	10.5987229862	0.376719056974	0.00228464228359	0.000378810614227	896.190283837	846	0.120106698705	204.856332721	28.7884160757	1506.87266045	4	0	0					
14	4	1	0	1961	9.91075981642	0.341152473228	0.00221720564858	0.000334720508886	897.02333669	769	0.120061512654	203.981309996	29.1092327698	1478.35457281	4	0	0					
14	5	1	0	1889	9.84436209635	0.340921122287	0.00231384872	0.00033003626711	919.76255185	735	0.119141416891	224.249252509	29.2353741497	1589.05121619	4	0	0					
14	6	1	0	2033	15.1701918347	0.621741269061	0.00335245773103	0.000618441525163	918.610793851	1425	0.120661699333	221.048808603	24.458245614	1610.03223285	4	0	0					
14	7	1	0	2032	10.4399606299	0.357283464567	0.00269528266834	0.000360823185245	928.865228386	815	0.121403064604	225.305806255	29.3190184049	1643.32260851	4	0	0					
14	8	1	0	1902	9.5	0.351209253417	0.0024349157347	0.000348980663566	931.749159068	764	0.123810859766	225.478107951	27.4842931937	1594.35905462	4	0	0					
14	9	1	0	1978	10.529322548	0.338220424671	0.00306158143747	0.000326905544727	946.293937219	761	0.129806778049	293.550356943	31.4165571616	1917.08085713	4	0	0					
14	10	1	0	1964	9.6150712831	0.37983706721	0.00273231585871	0.000384253600998	946.086827437	819	0.125850676754	247.86528413	25.2271062271	1696.32669827	4	0	0					
14	11	1	0	2033	162.689621249	5.48057058534	0.0617953672887	0.0064892004731	2099.11238555	12345	0.143811352152	612.981020171	29.8062373431	3877.43395779	4	0	0					
14	12	1	0	1916	46.4796450939	1.51200417537	0.0131714087228	0.00165806227975	1138.68254981	3169	0.127447309137	321.226101717	31.0703692016	2259.6645335	4	0	0					
14	13	1	0	2007	14.9671150972	0.499750871948	0.00424331930406	0.000521012472314	1073.5798506	1132	0.125945175379	294.246464864	29.7906360424	1992.98414509	4	0	0					
14	14	1	0	1936	9.12448347107	0.282024793388	0.00297850296454	0.000294370613157	974.363654682	607	0.131091149496	319.03384131	32.5700164745	1975.82573388	4	0	0					
14	15	1	0	1891	9.32839767319	0.338974087784	0.00266569343561	0.00034518028	971.115883524	736	0.125018121687	268.394906869	28.1589673913	1812.8372217	4	0	0					
14	16	1	0	1921	9.29307652264	0.299323269131	0.00267526715742	0.000307224609814	928.476207898	645	0.128283876147	285.143722024	30.807751938	1800.77662683	4	0	0					
14	17	1	0	1701	145.597295708	5.22633744856	0.0583691804378	0.00679348266932	1889.95527319	9981	0.145358665987	539.596671929	27.8511171225	3428.25650728	4	0	0					
14	18	1	0	1749	96.7489994282	4.3299028016	0.0262246531509	0.00475616944231	1194.08546171	8397	0.132724758578	295.584139352	22.3725139931	2075.14844592	4	0	0					
14	19	1	0	1965	20.4	0.877353689567	0.00440867440095	0.000903083795519	901.188372189	1899	0.118244037219	190.003189047	23.3675618747	1452.79337138	4	0	0					
14	20	1	0	2000	11.1195	0.486	0.00286919069623	0.000476206471605	872.249246102	1084	0.121909161114	216.599556205	22.8763837638	1524.96747168	4	0	0					
14	21	1	0	2135	10.3484777518	0.414519906323	0.00288172051664	0.000419183976908	891.29081854	969	0.124374688993	246.323223426	24.8286893705	1699.43608257	4	0	0					
14	22	1	0	2053	9.93375547979	0.422308816366	0.00248535924325	0.000423739165586	875.414743851	946	0.119804792833	220.377166969	23.8509513742	1585.50118207	4	0	0					
14	23	1	0	1659	174.515973478	6.93128390597	0.0734931441754	0.00844090868118	2045.2759673	12793	0.153965701559	611.559327206	25.4064722895	3702.61422243	4	0	0					
14	24	1	0	2014	93.682224429	3.95680238332	0.0240981929367	0.00449516872197	1206.05923379	8642	0.126124485242	260.067191042	23.9273316362	1947.83307458	4	0	0					
15	1	1	0	1729	12.2307692308	0.409485251591	0.00413419082538	0.000377795973383	922.153609995	801	0.135908631781	333.025174925	29.5405742821	1983.64212985	4	0	0					
15	2	1	0	1852	153.981641469	5.82073434125	0.0507485785731	0.00665319528882	1606.35322338	11726	0.144249948988	449.183192034	26.5893740406	2880.68752219	4	0	0					
15	3	1	0	1881	46.3072833599	1.71823498139	0.00943864237522	0.00181773540756	1040.14336146	3519	0.116401967889	207.289408303	27.0753054845	1673.62425388	4	0	0					
15	4	1	0	1881	18.0590111643	0.702817650186	0.00389961003886	0.000698769168529	938.581734471	1478	0.115753451913	196.030140496	25.6454668471	1561.41271045	4	0	0					
15	5	1	0	1919	10.359562272	0.368421052632	0.00254705116747	0.000375365198223	917.426628225	814	0.120684266481	213.945884459	28.5651105651	1577.87225845	4	0	0					
15	6	1	0	2126	8.82878645343	0.285512699906	0.00236913626543	0.000294226576992	1005.54899153	694	0.123969484071	258.186124153	31.2824207493	1787.09984104	4	0	0					
15	7	1	0	2009	8.57839721254	0.244897959184	0.00251410660355	0.000267164227369	983.439641583	571	0.129297158743	265.56275187	34.8616462347	1775.58256122	4	0	0					
15	8	1	0	2124	158.361581921	7.13041431262	0.0669853731278	0.00922870505902	2247.63210454	16427	0.152566990469	677.914237503	22.2560418823	4116.97017663	4	0	0					
15	9	1	0	1822	135.799121844	5.58671789243	0.0463979524464	0.0064314012218	1574.90399375	11203	0.144639876115	472.376751412	24.4197090065	2986.20934509	4	0	0					
15	10	1	0	1954	62.4872057318	2.30040941658	0.0149478252753	0.00251600206493	1142.13681187	4955	0.12414510219	265.088763111	26.96629667	1959.24525102	4	0	0					
15	11	1	0	2101	22.2122798667	0.840552118039	0.00509524151142	0.000894329445883	1026.35908165	1959	0.119939022341	234.600552468	26.7958141909	1768.47071631	4	0	0					
15	12	1	0	2152	9.23280669145	0.312267657993	0.00224912073474	0.000322501900997	966.011629335	746	0.120330081798	236.336288404	30.0509383378	1675.13932464	4	0	0					
15	13	1	0	2301	7.54932637983	0.280312907432	0.00222627961656	0.00029261508963	980.790793412	720	0.126803651666	266.814476574	27.3319444444	1748.58736118	4	0	0					
15	14	1	0	1798	179.262513904	5.80867630701	0.0860534929213	0.00731437710799	2724.33468654	11450	0.152690871189	824.074195027	31.027510917	5050.85036734	4	0	0					
15	15	1	0	1878	171.740149095	7.05644302449	0.0649661724482	0.00809315634321	2114.59418919	14500	0.145457212186	596.691367543	24.4868965517	3858.37527604	4	0	0					
15	16	1	0	1995	83.3498746867	3.01203007519	0.0201792482537	0.00328719085694	1185.72550309	6628	0.123422103892	263.081900314	27.8827700664	1994.48086417	4	0	0					
15	17	1	0	1955	30.2966751918	1.28030690537	0.00614856517487	0.00135352089814	1044.21367298	2785	0.115674324649	201.641958269	23.923518851	1635.28369358	4	0	0					
15	18	1	0	2059	23.8164157358	0.91792132103	0.00503771875255	0.000971815335004	969.710038917	2109	0.11545657769	193.83304082	25.924134661	1544.4243685	4	0	0					
15	19	1	0	2133	16.1073605251	0.661509610877	0.0036826072268	0.000691200134819	929.650165133	1560	0.117567573198	193.033465618	24.5173076923	1502.4460153	4	0	0					
15	20	1	0	2048	140.774902344	5.64990234375	0.0783201242961	0.00705253639643	2954.07382961	12653	0.15564553856	1143.27943703	25.0897810796	6901.8224134	4	0	0					
15	21	1	0	1909	111.533787323	4.26872708224	0.0401534899944	0.00485350709554	1620.66605002	8900	0.138696623068	499.536554999	26.322247191	3334.30754931	4	0	0					
15	22	1	0	1977	42.2903388973	1.47850278199	0.00980109568581	0.00155171755063	1069.4837569	3232	0.119493994826	243.140732505	28.8889232673	1865.45385264	4	0	0					
15	23	1	0	1653	160.730187538	6.98850574713	0.0571369876662	0.00792573283888	1721.18453291	12861	0.147615321242	486.532154798	23.1174869761	3077.09571684	4	0	0					
15	24	1	0	2023	9.83489866535	0.361344537815	0.00281927053584	0.000367783720453	912.500376136	787	0.127899305655	247.545254712	27.2820838628	1649.0069797	4	0	0					
16	1	1	0	1986	8.49748237664	0.219033232628	0.00267609854774	0.000216679305144	1023.86241994	493	0.136322170716	333.768521467	39.1379310345	2044.41285586	4	0	0					
16	2	1	0	2052	12.3411306043	0.394736842105	0.00441240801905	0.000414632175374	978.725442994	893	0.134533220436	351.330542734	31.5240761478	2149.90614048	4	0	0					
16	3	1	0	1981	8.40333165068	0.308934881373	0.002140520455	0.000297148283502	954.874021963	669	0.123267899664	247.260090751	27.6606875934	1764.22028114	4	0	0					
16	4	1	0	1873	8.82594767752	0.313400961025	0.00202977929108	0.000299157345361	904.856587528	644	0.120536324387	215.736392851	28.2468944099	1566.65915745	4	0	0					
16	5	1	0	1964	107.190427699	4.67871690428	0.0338449925895	0.00495027337584	1451.09730971	10223	0.139494762708	440.814086406	23.1377286511	2821.5911976	4	0	0					
16	6	1	0	1848	41.4783549784	1.34307359307	0.00922673384092	0.00128743733118	1110.89096217	2762	0.123131243559	280.183023353	30.8367125272	2061.47251053	4	0	0					
16	7	1	0	1905	15.1737532808	0.530708661417	0.00335871513756	0.000485529446825	993.013531787	1119	0.119436193387	244.632144521	29.0125111707	1768.12953135	4	0	0					
16	8	1	0	1994	8.69909729188	0.304413239719	0.00239824281405	0.000300841453628	997.85877147	676	0.124533677986	270.023624768	28.4659763314	1855.15322807	4	0	0					
16	9	1	0	2003	8.36495257114	0.244633050424	0.00220498359796	0.000232164472783	985.197207091	544	0.130625089362	287.256633472	33.9246323529	1902.38784245	4	0	0					
16	10	1	0	1918	7.77737226277	0.255474452555	0.00234152680992	0.00024098963283	996.691194339	550	0.129296103855	323.818381469	30.3890909091	2137.91308208	4	0	0					
16	11	1	0	1919	128.386659719	5.14643043252	0.0461121959271	0.00678059121404	1631.56655027	10901	0.138879853781	432.080136895	25.1096229704	2899.03930461	4	0	0					
16	12	1	0	2027	58.2747903305	2.09422792304	0.0137581232017	0.002384537466	1227.88404293	4659	0.12017641811	266.215985398	28.065464692	2069.97266601	4	0	0					
16	13	1	0	2058	14.9834791059	0.504373177843	0.00337296835549	0.000509321745606	1086.15423795	1132	0.1199923936	252.187451956	30.1651943463	1866.83475344	4	0	0					
16	14	1	0	2008	11.4337649402	0.349103585657	0.00308617066691	0.000352099986472	988.630611394	758	0.121150085593	245.906339097	33.2810026385	1736.80000984	4	0	0					
16	15	1	0	2062	10.7216294859	0.341416100873	0.00303244487556	0.000359794397467	956.580041775	783	0.125388764757	283.786214376	31.6462324393	1888.77958326	4	0	0					
16	16	1	0	2024	9.79940711462	0.271739130435	0.00271738000287	0.000266652672431	992.150409507	615	0.128579716273	278.307745384	36.0601626016	1811.9947045	4	0	0					
16	17	1	0	2214	49.3044263776	1.74661246612	0.0111097729812	0.00193560609493	1131.38082232	4192	0.118542813505	238.244013097	28.5057251908	1861.24408048	4	0	0					
16	18	1	0	2005	17.1341645885	0.634912718204	0.00406152450529	0.00066547090473	949.968257293	1392	0.118267921258	215.276162419	26.9439655172	1601.608114	4	0	0					
16	19	1	0	2076	10.8670520231	0.356454720617	0.00265763455106	0.000373893100812	996.92693667	801	0.122764217694	254.348256447	31.1585518102	1746.32569583	4	0	0					
16	20	1	0	1928	8.82624481328	0.328838174274	0.00200753114615	0.000334944782582	962.207285624	695	0.119298209042	211.311825598	27.2604316547	1567.34039479	4	0	0					
16	21	1	0	2130	8.64178403756	0.369953051643	0.00209599150755	0.000369885378743	920.210230974	864	0.119288493989	208.704466838	23.7546296296	1530.74978413	4	0	0					
16	22	1	0	2024	8.71245059289	0.308794466403	0.00227880575505	0.000307575917205	930.644655782	688	0.122785582749	225.246285501	28.2674418605	1585.49195035	4	0	0					
16	23	1	0	2010	157.237313433	6.03731343284	0.0538782323655	0.00663232613466	2111.79354217	13130	0.142647334879	603.052514784	26.3109672506	3897.74782317	4	0	0					
16	24	1	0	1926	10.0498442368	0.343717549325	0.00344302444227	0.000329497169156	1012.18108399	735	0.138520005793	365.389829941	29.5782312925	2199.87951108	4	0	0					
