Database Name	Phenix ODA 2
Database Location	http://opera2.dyn.scilifelab.se/ODA/OdaService.asmx
Evaluation Signature	f709da7e-4a67-40b6-9eae-8c2039cce1ca
Plate Name	P103636
Measurement	Measurement 1
Evaluation	Evaluation1

[Data]
Row	Column	Plane	Timepoint	Cell Selected - Number of Objects	Cell Selected - Total Spot Area - Mean per Well	Cell Selected - Number of Spots - Mean per Well	Cell Selected - Relative Spot Intensity - Mean per Well	Cell Selected - Number of Spots per Area of Cytoplasm - Mean per Well	Cell Selected - Intensity Cytoplasm Mean - Mean per Well	Spots Selected - Number of Objects	Spots Selected - Relative Spot  Intensity - Mean per Well	Spots Selected - Corrected Spot  Intensity - Mean per Well	Spots Selected - Spot Area [px²] - Mean per Well	Spots Selected - Intensity Spot Mean - Mean per Well	Number of Analyzed Fields	Height [µm]	Time [s]	Compound	Concentration	Cell Type	Cell Count	
1	1	1	0	2090	11.0200956938	0.309090909091	0.00354107894764	0.000317377520656	1106.32892061	728	0.131400957153	431.306117228	36.0274725275	2685.0042319	4	0	0					
1	2	1	0	2076	42.8868015414	1.80298651252	0.00875006875404	0.00188150027831	1118.31943106	4118	0.116171644403	220.125784467	23.806945119	1798.30345912	4	0	0					
1	3	1	0	2187	28.4339277549	1.03886602652	0.00615818884406	0.00113626585674	1025.65464089	2480	0.11482828513	201.863269639	27.3891129032	1642.65565588	4	0	0					
1	4	1	0	2243	13.6277307178	0.482835488185	0.00348955410344	0.000525476208868	965.58178472	1207	0.117492229465	225.037799777	28.0886495443	1705.18862854	4	0	0					
1	5	1	0	2268	10.3549382716	0.322751322751	0.00295222680473	0.000362485798974	1006.27726782	808	0.121126699706	250.385483789	32.2722772277	1807.63474179	4	0	0					
1	6	1	0	2080	125.715865385	4.89951923077	0.041179342367	0.005801673915	1834.21062602	11128	0.139662195228	498.123114289	25.8742810927	3273.81494431	4	0	0					
1	7	1	0	2081	51.0937049495	1.94617972129	0.0125459135376	0.00216849957145	1203.76012823	4417	0.122943395286	270.305854589	26.4197419063	2026.45047982	4	0	0					
1	8	1	0	2367	9.57836924377	0.301225179552	0.00246703076292	0.000324044839487	1001.7124265	765	0.119932214417	233.959753321	32.0183006536	1729.00388144	4	0	0					
1	9	1	0	2099	10.2772748928	0.295855169128	0.00318067717314	0.000317338974659	1031.93945768	670	0.126127872523	279.929232797	35.1701492537	1898.38898329	4	0	0					
1	10	1	0	2087	7.85960709152	0.240057498802	0.00212055103969	0.000279844871506	1023.77249406	569	0.119464998628	254.080936191	33.1195079086	1877.43064838	4	0	0					
1	11	1	0	2109	8.89947842579	0.225699383594	0.00284669788514	0.000232696266397	1094.72913675	521	0.133013935922	349.638217369	39.9500959693	2197.47905954	4	0	0					
1	12	1	0	2030	182.8408867	7.03201970443	0.0840485666762	0.00904310122345	3690.4282819	15665	0.152302552007	1057.94212791	26.2561123524	6672.97129813	4	0	0					
1	13	1	0	1973	181.844906234	7.61023821591	0.0744403755886	0.00879701331723	3219.8744311	16232	0.150270817233	902.37300345	24.0279694431	5758.91795405	4	0	0					
1	14	1	0	2079	53.810966811	1.54785954786	0.0123984609725	0.00167517918701	1520.75410818	3547	0.117005973899	298.319919878	35.0465181844	2382.83511102	4	0	0					
1	15	1	0	2203	12.1121198366	0.419428052655	0.00314911191562	0.000432627863262	1420.26911052	1010	0.121816754797	341.844445803	29.4405940594	2447.54046748	4	0	0					
1	16	1	0	2142	10.0532212885	0.330065359477	0.00270775622371	0.000346161080889	1219.11448638	769	0.121630947194	309.177146878	31.33289987	2182.6367949	4	0	0					
1	17	1	0	2247	9.57187360926	0.336893635959	0.00272092415134	0.000406401705553	1070.48218681	858	0.119925195406	246.584245345	28.9766899767	1812.69195689	4	0	0					
1	18	1	0	2146	179.539142591	6.83876980429	0.0683943567725	0.00818479256725	2655.31622715	15909	0.143669084612	697.391990102	26.5411402351	4621.09854116	4	0	0					
1	19	1	0	1985	145.99093199	5.81813602015	0.0461882242305	0.00659663034568	1957.50426885	12748	0.135611274902	469.749012219	25.3235017258	3273.11066714	4	0	0					
1	20	1	0	1951	80.6145566376	3.14812916453	0.0208590103689	0.00354935775681	1324.54843025	6727	0.124309169991	302.573276919	25.9481195184	2246.63800356	4	0	0					
1	21	1	0	2119	31.8376592732	1.14063237376	0.00786717322136	0.00121655934279	1100.47219756	2633	0.120852691263	263.731953951	28.2673756172	1956.99215345	4	0	0					
1	22	1	0	2112	16.1439393939	0.504734848485	0.00390179705302	0.000537190966133	979.000139867	1165	0.118842122566	222.279958901	32.2824034335	1653.40888508	4	0	0					
1	23	1	0	2180	14.4788990826	0.519266055046	0.00398912458603	0.000616822051437	979.628209211	1230	0.117363955977	221.347012385	28.093495935	1666.0653238	4	0	0					
1	24	1	0	2233	7.34930586655	0.258844603672	0.00196596548067	0.000296869790784	975.023563572	634	0.123194406457	231.303327262	29.2870662461	1650.34838606	4	0	0					
2	1	1	0	2293	10.4757959006	0.379415612734	0.00259426883346	0.000390821146409	945.19212447	960	0.117768700667	215.787264538	28.0114583333	1614.061258	4	0	0					
2	2	1	0	2295	11.0274509804	0.360348583878	0.00315594768004	0.000401924937038	903.88114938	914	0.121941445941	220.844228993	30.6575492341	1580.11870958	4	0	0					
2	3	1	0	2415	11.0645962733	0.339130434783	0.00348257869787	0.000387581598085	947.569939075	882	0.123973969306	275.70564624	32.6712018141	1890.73233358	4	0	0					
2	4	1	0	2372	12.1058178752	0.440556492411	0.00422209276429	0.000514230557029	1010.23846847	1160	0.130449878306	309.638423688	27.6913793103	2039.23503172	4	0	0					
2	5	1	0	2232	10.2163978495	0.379928315412	0.00260275088587	0.000385995856522	986.817635792	912	0.12310159156	254.144139518	27.0328947368	1799.48164196	4	0	0					
2	6	1	0	2368	11.0236486486	0.382179054054	0.00302511106698	0.000416462464033	989.786465178	988	0.124375259655	269.000884501	29.3957489879	1913.74216096	4	0	0					
2	7	1	0	2275	12.0523076923	0.449230769231	0.00352533359826	0.000463395186185	990.989595551	1098	0.12902585812	278.285994418	27.1857923497	1848.44233793	4	0	0					
2	8	1	0	2449	8.98489179257	0.277256022866	0.00269364800874	0.000308869906088	1010.42502989	737	0.12451751853	268.195238402	32.394843962	1902.67631958	4	0	0					
2	9	1	0	2347	8.60971452919	0.279931827865	0.00249030005111	0.000298181143576	987.92452281	735	0.127143928672	275.107137055	31.2993197279	1865.55602561	4	0	0					
2	10	1	0	2273	11.7153541575	0.400791904971	0.00400536030005	0.000415794642693	1039.90047176	982	0.137045614612	352.711605356	29.7403258656	2130.18369351	4	0	0					
2	11	1	0	2292	9.46378708551	0.270942408377	0.00297682477987	0.00030626862684	1010.83991245	686	0.131499935862	301.77882925	35.3017492711	1926.36846657	4	0	0					
2	12	1	0	2326	8.13370593293	0.268271711092	0.00208396674962	0.000286525699327	1019.738629	699	0.122110883712	247.999982062	31.0271816881	1783.20227832	4	0	0					
2	13	1	0	2204	9.30172413793	0.266333938294	0.00301388219309	0.00028513302123	1024.67358562	652	0.130130248414	313.116621545	35.1733128834	2080.04555473	4	0	0					
2	14	1	0	2243	8.90905037896	0.304502897905	0.00275436790197	0.000339294224069	1014.27358156	757	0.125907513058	290.936864975	29.8758256275	1950.34219045	4	0	0					
2	15	1	0	2337	9.94993581515	0.297817715019	0.0030973461966	0.00031839866434	1057.34015642	778	0.132408912044	324.299261504	33.5925449871	2085.43872976	4	0	0					
2	16	1	0	2277	10.8445322793	0.331137461572	0.00370348008366	0.000372400450649	1076.79248463	832	0.134103581729	351.124061736	32.9627403846	2270.1452925	4	0	0					
2	17	1	0	2517	17.645609853	0.49066348828	0.00521163213484	0.000548723436124	1414.48649074	1405	0.132229654255	386.179846658	36.5964412811	2609.76511265	4	0	0					
2	18	1	0	2499	13.8331332533	0.360144057623	0.00511079998225	0.000457495298079	1098.05315817	999	0.136275053375	386.742490749	39.3373373373	2449.34644393	4	0	0					
2	19	1	0	2361	9.26937738247	0.298178737823	0.00242653093549	0.000299889191967	954.292198482	781	0.121670773339	246.151365314	31.4199743918	1710.49592391	4	0	0					
2	20	1	0	2319	10.2026735662	0.297542043984	0.00260210934676	0.000301890797133	975.197470189	768	0.127417036907	265.584184108	34.6575520833	1773.59190189	4	0	0					
2	21	1	0	2445	8.65398773006	0.276891615542	0.00245164000245	0.000307563322287	964.210807243	752	0.120452220522	246.821412612	31.5864361702	1730.93156938	4	0	0					
2	22	1	0	2201	9.88368923217	0.307133121308	0.00240609840996	0.000330219231203	931.085517476	755	0.118263684116	210.473784406	32.7841059603	1572.54743061	4	0	0					
2	23	1	0	2246	11.2809439003	0.359305431879	0.00327149756309	0.000366040436195	886.52016034	900	0.127226740283	251.543152652	31.6766666667	1675.92014439	4	0	0					
2	24	1	0	2300	10.1834782609	0.379565217391	0.00280710972351	0.000440914579107	878.417903104	942	0.120301837584	208.149677739	27.1369426752	1517.44397338	4	0	0					
3	1	1	0	2205	14.0680272109	0.507936507937	0.0039839106285	0.000540143123328	904.090362313	1230	0.125919135961	243.482991557	28.0048780488	1689.11472771	4	0	0					
3	2	1	0	1985	10.1909319899	0.373299748111	0.00264118778217	0.000373101340864	908.009156688	803	0.122396268222	222.410034915	28.1083437111	1597.53646954	4	0	0					
3	3	1	0	2145	9.65641025641	0.342657342657	0.00216494908241	0.00035982494415	932.032909986	807	0.115112784447	205.857417102	28.1982651797	1625.99738709	4	0	0					
3	4	1	0	2137	10.1824988301	0.351427234441	0.00295659223355	0.000376625249352	988.497284235	851	0.126193757122	282.254268504	29.5722679201	1909.55426979	4	0	0					
3	5	1	0	2347	7.1806561568	0.225394120153	0.00222290735263	0.000234291627274	1201.11626398	601	0.132933685054	356.835767882	31.6788685524	2293.26217322	4	0	0					
3	6	1	0	2395	9.70897703549	0.356993736952	0.00257402091952	0.000374992993697	1029.41150174	945	0.119986819036	252.448100811	27.3873015873	1841.24289804	4	0	0					
3	7	1	0	2162	9.84366327475	0.300647548566	0.00279069909256	0.000328231175128	1031.62722529	716	0.12600979413	299.26840398	33.1536312849	2035.97174403	4	0	0					
3	8	1	0	2215	11.8275395034	0.421218961625	0.00362543499936	0.000431132643322	1021.68627319	1019	0.127647782394	310.225581087	28.3886162905	2095.17493452	4	0	0					
3	9	1	0	2179	9.20009178522	0.312528682882	0.00313845413428	0.000340139672688	1026.2870588	758	0.130500630757	317.343270164	29.598944591	2030.57252649	4	0	0					
3	10	1	0	2171	9.34039613082	0.329341317365	0.00302098201226	0.000344534046556	1033.15833426	785	0.132690540382	323.93824985	28.7324840764	2083.96135407	4	0	0					
3	11	1	0	2314	8.97796024201	0.292134831461	0.0026461792848	0.000307132136989	1028.76503795	733	0.127334834856	279.633650549	30.8581173261	1863.45342525	4	0	0					
3	12	1	0	2269	7.73953283385	0.254737769943	0.00220574598803	0.000282046657916	1005.26766887	630	0.120523490679	229.681091434	30.646031746	1698.33293121	4	0	0					
3	13	1	0	2307	9.32249674902	0.294755093195	0.00315148740897	0.000307559677966	1043.92862693	751	0.134950655067	344.789828374	31.8308921438	2124.49011422	4	0	0					
3	14	1	0	2353	10.4696132597	0.276668083298	0.00337105264828	0.000297780775074	1052.32093494	704	0.133558441907	349.537496325	37.828125	2171.05001888	4	0	0					
3	15	1	0	2318	8.33908541846	0.264452113891	0.00243773900815	0.000268454969058	1037.68048643	678	0.128985983772	286.491240069	32.2876106195	1916.25230383	4	0	0					
3	16	1	0	2399	9.93122134223	0.340141725719	0.00294107262097	0.000352445570665	1037.05093358	900	0.131116751638	310.541840907	29.2466666667	2052.59033563	4	0	0					
3	17	1	0	2263	9.19619973487	0.293857711003	0.00256033527297	0.000295620025436	1030.18513979	745	0.126459212676	274.469518154	31.4348993289	1862.77703946	4	0	0					
3	18	1	0	2290	10.3165938865	0.338427947598	0.00335068731003	0.000328340409415	1048.33359159	836	0.13198956198	339.941609092	30.5131578947	2179.3544698	4	0	0					
3	19	1	0	2191	11.03514377	0.323596531264	0.00345513855926	0.000335278621575	1003.64828635	781	0.136281257486	303.594070095	34.4199743918	1863.37291953	4	0	0					
3	20	1	0	2204	11.5376588022	0.394283121597	0.00338491719795	0.000447862072875	1007.14831298	942	0.122381295291	253.282779202	29.4501061571	1820.44328113	4	0	0					
3	21	1	0	2291	10.3505019642	0.325621999127	0.00349917204246	0.000347720940268	986.279211611	828	0.13225244402	338.818084166	32.3128019324	2102.95359379	4	0	0					
3	22	1	0	2112	12.2613636364	0.401515151515	0.00299702330301	0.000397296672257	918.602855486	948	0.121337285231	219.090617639	30.7436708861	1586.04512815	4	0	0					
3	23	1	0	1999	12.8289144572	0.466233116558	0.00295121721832	0.000454394656774	905.576575982	1040	0.119913965652	227.695926217	27.7759615385	1606.14866503	4	0	0					
3	24	1	0	2040	13.2161764706	0.455882352941	0.00364051994736	0.000454488605026	897.867913489	1007	0.125792973355	253.684063725	29.2095332671	1677.06869678	4	0	0					
4	1	1	0	2232	119.907706093	4.80465949821	0.0341402376948	0.00547956251055	1633.91974815	11774	0.136499057104	403.147999064	24.8444878546	2745.07598075	4	0	0					
4	2	1	0	2039	12.1059342815	0.39234919078	0.00337123279613	0.000416093520664	923.213931867	867	0.122669457377	245.02482954	30.7508650519	1714.20551916	4	0	0					
4	3	1	0	2063	10.4125060591	0.349006301503	0.0029646185071	0.000362136711606	950.085477761	803	0.124694861309	238.563022062	29.7733499377	1659.14532908	4	0	0					
4	4	1	0	2088	12.6618773946	0.371647509579	0.00394741616305	0.000391837941937	943.35671515	855	0.12880592916	266.699464473	34.1099415205	1746.88943477	4	0	0					
4	5	1	0	2219	12.1275349256	0.444794952681	0.00382803865701	0.00045004526662	982.924412989	1103	0.129611720764	280.433042997	27.4433363554	1858.56316914	4	0	0					
4	6	1	0	2470	8.73117408907	0.296761133603	0.00253280754935	0.000340005941428	989.79066557	799	0.12198991702	248.962392	29.9186483104	1783.87725147	4	0	0					
4	7	1	0	2261	10.5559486953	0.37859354268	0.00318421085175	0.000387500687348	1032.739629	960	0.126949536439	294.27481554	27.884375	1972.28574438	4	0	0					
4	8	1	0	2161	10.56362795	0.366034243406	0.00316830181029	0.000391929557014	1034.19395093	885	0.124427047803	281.75180935	29.7548022599	1910.15820564	4	0	0					
4	9	1	0	2186	9.82982616651	0.38472095151	0.00277803312816	0.000433125762605	1023.61558753	931	0.124022320957	259.443983487	25.8120300752	1870.96762204	4	0	0					
4	10	1	0	2231	10.7606454505	0.340654415061	0.00326815369821	0.000367435708061	1046.5809634	847	0.130059733559	299.835733953	31.8476977568	2011.62776337	4	0	0					
4	11	1	0	2429	9.62247838617	0.329765335529	0.00310981705888	0.000363239805419	1070.19446987	878	0.133909391226	322.231564701	29.1924829157	2074.74736244	4	0	0					
4	12	1	0	2430	8	0.238271604938	0.00215940458365	0.000252991093529	1049.62402788	641	0.128843330385	282.199860126	33.9079563183	1911.6317381	4	0	0					
4	13	1	0	2305	10.0451193059	0.311496746204	0.00343186754556	0.000335793501608	1112.17941285	766	0.137343875606	372.384564835	32.3864229765	2302.7293809	4	0	0					
4	14	1	0	2341	7.95429303716	0.265271251602	0.00250859913468	0.000288668818887	995.38659046	685	0.129991496991	283.999963091	30.795620438	1876.61612122	4	0	0					
4	15	1	0	2368	10.1566722973	0.296030405405	0.00340708960132	0.000314624561505	1034.53347448	764	0.135782151982	324.952458572	34.4515706806	2032.15635699	4	0	0					
4	16	1	0	2383	10.2559798573	0.399076793957	0.00373616076068	0.000455725167816	1049.82866084	1028	0.136753029615	339.87791144	26.0719844358	2121.46680366	4	0	0					
4	17	1	0	2320	10.4474137931	0.341379310345	0.00343490252352	0.000353669619694	1014.89582056	877	0.133540315541	322.674740252	30.9167616876	2049.41710418	4	0	0					
4	18	1	0	2048	9.705078125	0.2861328125	0.00241077337559	0.000278348287959	982.068791975	639	0.124034997857	249.52377305	34.1909233177	1742.45779133	4	0	0					
4	19	1	0	2192	12.2691605839	0.414689781022	0.00396087125944	0.000430087824606	995.596515525	993	0.129649211126	311.336923451	29.8157099698	2036.84600506	4	0	0					
4	20	1	0	2213	13.1323994577	0.43289652056	0.00402195038966	0.000440998529005	964.934400712	1062	0.130802269606	300.639674619	30.4096045198	1930.1433248	4	0	0					
4	21	1	0	2123	13.9910504004	0.445595854922	0.00350907813327	0.000426800267039	952.71909433	1036	0.127602185929	267.183341154	31.6882239382	1736.71148648	4	0	0					
4	22	1	0	2006	14.9750747757	0.499002991027	0.00358734499693	0.000513174486355	899.043001437	1099	0.122914637032	213.6688441	29.9253867152	1527.46768512	4	0	0					
4	23	1	0	2042	12.0822722821	0.373653281097	0.00309313521614	0.000368111023708	878.517950813	847	0.121676815293	238.96585991	32.4085005903	1637.2262942	4	0	0					
4	24	1	0	2106	88.16334283	3.50094966762	0.0217584751079	0.00392101075809	1291.66190729	8082	0.126646970328	285.635289962	25.4450631032	2106.18393911	4	0	0					
5	1	1	0	1962	154.650356779	6.02650356779	0.0549558477979	0.00723020555434	1818.24816548	13158	0.146116124473	508.476937695	25.6848305214	3202.26474789	4	0	0					
5	2	1	0	2158	12.6367006487	0.436515291937	0.0029912417032	0.000438044606249	893.046711274	1034	0.119125477452	207.070529396	28.9941972921	1564.30930235	4	0	0					
5	3	1	0	2175	9.80597701149	0.313103448276	0.00271981667232	0.000321659516332	949.293779646	781	0.119141581388	245.282776552	30.9551856594	1721.22975484	4	0	0					
5	4	1	0	2215	8.50970654628	0.268623024831	0.00194178842558	0.000268897991558	968.924057183	667	0.118869567159	221.356533937	32.2683658171	1626.75474478	4	0	0					
5	5	1	0	2458	11.3291293735	0.381611065907	0.00306044262491	0.00038979164964	979.915199812	1007	0.122632497871	261.567146107	29.6603773585	1861.49577763	4	0	0					
5	6	1	0	2557	11.1384434885	0.391474384044	0.00383916023327	0.000470892542912	1050.6669945	1094	0.128620589981	327.750224654	28.5621572212	2160.6254755	4	0	0					
5	7	1	0	2447	9.30404577033	0.311810380057	0.00254921823677	0.000347854976972	1010.25340643	830	0.117707256759	245.798714697	30.3903614458	1815.05216183	4	0	0					
5	8	1	0	2161	8.82276723739	0.31281813975	0.00284952225332	0.000311443475391	1081.26571327	747	0.132513493503	326.290396846	28.4082998661	2063.40165366	4	0	0					
5	9	1	0	2138	8.46024321796	0.27549111319	0.00214947745419	0.000290847753669	1021.50344214	632	0.120199971871	249.263075147	31.1882911392	1823.84023535	4	0	0					
5	10	1	0	2333	7.28975567938	0.229318474068	0.00218346712569	0.000251885080203	1045.84977209	590	0.125650188192	295.844338251	32.0050847458	1964.2280595	4	0	0					
5	11	1	0	2207	8.8187584957	0.289080199366	0.00265996191157	0.000298627558652	1051.27272421	705	0.129384332673	307.182675688	30.7489361702	2007.48209691	4	0	0					
5	12	1	0	2281	9.1363437089	0.312582200789	0.00260467328632	0.000322278468155	1025.87667441	788	0.125990553973	269.633222362	29.2703045685	1819.89250461	4	0	0					
5	13	1	0	2339	9.06156477127	0.317657118427	0.00260147739366	0.000323653881577	1061.38886482	808	0.126842901926	301.991281657	28.5346534653	2068.23429511	4	0	0					
5	14	1	0	2309	9.25378951927	0.282373321784	0.0029009192669	0.000288579001606	1057.88067525	727	0.133234385294	341.417024658	33.6561210454	2127.64729745	4	0	0					
5	15	1	0	2328	7.73711340206	0.231529209622	0.00215619823148	0.00023731992563	1075.94876857	593	0.129362167446	304.561928578	33.5362563238	2112.54461215	4	0	0					
5	16	1	0	2461	8.52661519707	0.275497765136	0.00297628782011	0.000343231059743	1068.96820093	758	0.12833029832	320.45364613	31.2163588391	2140.55583341	4	0	0					
5	17	1	0	2603	10.6235113331	0.289281598156	0.00336642026597	0.000317103985702	1086.31735283	838	0.130979921669	346.181646953	37.1527446301	2250.96689578	4	0	0					
5	18	1	0	2286	9.4208223972	0.323709536308	0.00251145992488	0.000328951856492	1008.23552492	816	0.12216318826	255.217105752	29.175245098	1782.39181852	4	0	0					
5	19	1	0	2098	12.6777883699	0.377502383222	0.00392321202032	0.000360122725644	997.136092844	872	0.129528792571	324.522093339	33.9724770642	1988.73198225	4	0	0					
5	20	1	0	2413	12.4131786158	0.366348943224	0.00405357466572	0.000393902446993	980.569709036	967	0.131593997468	335.445536864	34.2430196484	2077.36427674	4	0	0					
5	21	1	0	2343	12.0119504908	0.354246692275	0.00390209542791	0.000371807743586	950.026843863	892	0.134146537467	307.645738967	34.1625560538	1880.90740304	4	0	0					
5	22	1	0	2293	12.5276929786	0.405146096816	0.00347798616405	0.00040268015123	906.259708471	1017	0.126483332004	249.176294841	31.1179941003	1652.96406634	4	0	0					
5	23	1	0	2061	15.0087336245	0.510917030568	0.00340992059918	0.000511242598303	873.482595592	1185	0.119458371949	198.259061148	29.8464135021	1442.17287273	4	0	0					
5	24	1	0	2117	157.916863486	6.0075578649	0.054303060387	0.00722302501553	2066.94121086	13898	0.143709727642	541.823858353	26.5059720823	3478.03801336	4	0	0					
6	1	1	0	2270	12.9057268722	0.481057268722	0.00298746866046	0.000497262532849	879.600346052	1203	0.11773550728	194.58060319	26.6134663342	1487.95537701	4	0	0					
6	2	1	0	1941	163.111282844	6.81607418856	0.0658728533191	0.00857224930187	2246.7662086	14347	0.151839571877	667.741544329	24.0828047675	4111.69233155	4	0	0					
6	3	1	0	2204	11.5530852995	0.439201451906	0.00277530218619	0.000433671157721	926.204702994	1062	0.119233029899	224.516271794	26.3945386064	1622.28826563	4	0	0					
6	4	1	0	2351	10.472564866	0.382815823054	0.00288513819539	0.000412826673226	976.646703181	997	0.120785647634	267.893392101	27.8826479438	1905.0312301	4	0	0					
6	5	1	0	2159	11.9212598425	0.403890690134	0.00341398916563	0.000401795601983	992.581851652	968	0.1290871016	278.425425916	29.7747933884	1854.33217856	4	0	0					
6	6	1	0	2203	11.4094416704	0.394916023604	0.00343507980247	0.000407316681026	1025.51918282	985	0.128881982688	316.488201848	29.0578680203	2079.68345892	4	0	0					
6	7	1	0	2262	10.1485411141	0.354995579134	0.00304555443205	0.000376703214959	1040.91812329	908	0.129554677177	288.228997676	28.7015418502	1925.9942167	4	0	0					
6	8	1	0	2128	11.0827067669	0.351033834586	0.0038672819791	0.000365698353082	1040.85450042	816	0.133697529993	351.464895405	31.5759803922	2170.75137845	4	0	0					
6	9	1	0	2422	8.81750619323	0.310487200661	0.0025694476541	0.000342909136204	1047.73586212	819	0.124939036382	272.621417094	28.5506715507	1891.6786271	4	0	0					
6	10	1	0	2235	8.60223713647	0.244295302013	0.00233673086756	0.000260376717728	1037.6832995	595	0.123350497255	271.515172174	35.3210084034	1907.99417645	4	0	0					
6	11	1	0	2280	8.70921052632	0.259649122807	0.00273886109601	0.00026348817819	1042.80206074	652	0.130706875782	317.491425619	33.8512269939	2056.86763801	4	0	0					
6	12	1	0	2221	9.08239531742	0.285457001351	0.00245575845415	0.000289620817948	1040.72960572	710	0.12524069992	308.296226532	31.9971830986	2091.60900331	4	0	0					
6	13	1	0	2265	8.35629139073	0.313465783664	0.00224677456498	0.000322231848168	1021.32504679	804	0.122163621603	268.974007007	26.9365671642	1883.61494217	4	0	0					
6	14	1	0	2226	10.2596585804	0.358490566038	0.00285163945901	0.000378443464212	1067.04631524	889	0.126953519172	288.794259395	29.2542182227	1974.92369435	4	0	0					
6	15	1	0	2060	10.5694174757	0.311165048544	0.00319338201797	0.000317647829922	1027.97880696	717	0.134856203453	315.993302641	34.1394700139	1991.21522021	4	0	0					
6	16	1	0	2349	8.30481055768	0.281396338868	0.00229669083105	0.000286089685473	1002.47683036	738	0.130789365258	287.425138451	29.8875338753	1878.28290361	4	0	0					
6	17	1	0	2085	11.7774580336	0.389448441247	0.00440412176241	0.000404366612327	1010.34477022	916	0.138315741015	386.732726459	30.4661572052	2275.80075224	4	0	0					
6	18	1	0	2140	10.1341121495	0.306074766355	0.00319858223804	0.000313171099725	1000.69696893	704	0.132468792543	301.814924081	33.4886363636	1903.31484545	4	0	0					
6	19	1	0	2147	12.7224033535	0.463903120633	0.00361337397141	0.000472539763462	961.535630838	1089	0.127807894515	274.210558729	27.6932966024	1836.59823411	4	0	0					
6	20	1	0	2061	11.4279475983	0.398835516739	0.0030746206363	0.000394249188493	935.139722879	912	0.129627649893	256.349992363	28.9769736842	1696.61357687	4	0	0					
6	21	1	0	2158	13.4240037071	0.467099165894	0.00366687776995	0.000463330094894	929.219655714	1117	0.129072050883	272.76692761	29.3052820054	1802.16709103	4	0	0					
6	22	1	0	2088	14.0785440613	0.480363984674	0.0036641093235	0.00048104462801	922.441141461	1104	0.125044443844	241.476506442	29.7844202899	1641.35515928	4	0	0					
6	23	1	0	1939	168.175348118	7.15420319752	0.0654258659095	0.00890082535389	2464.99809301	15133	0.151387400626	696.475430644	23.5871935505	4293.16132167	4	0	0					
6	24	1	0	2158	13.406858202	0.394810009268	0.0032345446233	0.000399876064268	864.889173576	934	0.120009068858	203.787247576	34.2794432548	1454.9636242	4	0	0					
7	1	1	0	2217	12.0829950383	0.389715832206	0.00326202059213	0.000400502329587	887.915433586	965	0.123339783448	236.583556574	31.1139896373	1657.60861112	4	0	0					
7	2	1	0	1765	117.363739377	4.49178470255	0.0333246672164	0.00499867076477	1546.64566185	8762	0.13578198221	393.582847447	26.2496005478	2678.04230952	4	0	0					
7	3	1	0	2112	11.8953598485	0.395833333333	0.00296744226929	0.000392181048224	945.907772813	936	0.119557670833	241.80739915	29.9967948718	1736.70367422	4	0	0					
7	4	1	0	2417	10.4228382292	0.301613570542	0.00289752335318	0.000308503001472	984.450462472	797	0.124120150947	267.332090617	35.0062735257	1831.23359226	4	0	0					
7	5	1	0	2465	10.8283975659	0.330223123732	0.00330169155451	0.000356513359302	999.767483818	884	0.127201458101	298.910375825	33.1108597285	1961.14070885	4	0	0					
7	6	1	0	2408	9.97176079734	0.289867109635	0.00268615797165	0.000292210057972	1023.25868037	777	0.12464026888	271.407508065	34.4028314028	1830.27775524	4	0	0					
7	7	1	0	2419	8.78627532038	0.312525837123	0.00237783065729	0.000335787046774	1054.72719716	815	0.126877279861	284.457719062	28.1398773006	1938.61656449	4	0	0					
7	8	1	0	2337	7.78562259307	0.25459991442	0.00237603321098	0.000270406845007	1025.87683734	663	0.125537963539	301.870379303	30.6470588235	1974.78288123	4	0	0					
7	9	1	0	2185	7.4233409611	0.222883295195	0.00199515694747	0.000225925287916	1107.53123598	546	0.123275959059	322.46615918	34.0402930403	2267.72540413	4	0	0					
7	10	1	0	2067	8.57087566522	0.283018867925	0.00271482030956	0.000292851781896	1061.50613421	639	0.130510612245	327.138298797	30.985915493	2112.71657141	4	0	0					
7	11	1	0	2052	11.4200779727	0.432748538012	0.00321799312108	0.000438692579754	1020.20797938	966	0.130019244415	290.606089778	26.6583850932	1916.58589616	4	0	0					
7	12	1	0	2261	8.91640866873	0.325961963733	0.00261502938146	0.00035372326233	1047.71382057	833	0.126571903561	288.54924222	27.7322929172	1941.70191515	4	0	0					
7	13	1	0	2305	9.14013015184	0.327114967462	0.00275279572712	0.000325265081141	1096.41394666	842	0.129600485678	325.879444345	28.1401425178	2092.45257679	4	0	0					
7	14	1	0	2404	9.05074875208	0.251247920133	0.00301402452664	0.000257727454063	1088.81888489	647	0.132968939812	353.473742478	36.1051004637	2187.45465353	4	0	0					
7	15	1	0	2390	9.68242677824	0.314225941423	0.00318761667123	0.000331747625251	1130.5312446	812	0.130067689434	357.370115276	30.8608374384	2301.87038399	4	0	0					
7	16	1	0	2258	9.66829052259	0.30115146147	0.00295305404556	0.000305194164692	1036.61978211	741	0.130398261454	316.824422676	32.2968960864	2013.59813123	4	0	0					
7	17	1	0	2183	9.73018781493	0.31424644984	0.00267975495284	0.000338983810291	1009.6074643	766	0.127391577242	277.674785623	31.0274151436	1874.16675197	4	0	0					
7	18	1	0	2051	9.90053632374	0.29205265724	0.00301868150046	0.000306948969357	1015.78710576	658	0.127933193954	290.641900616	34.2310030395	1898.65078725	4	0	0					
7	19	1	0	2279	10.8894251865	0.405440982887	0.0030821923676	0.000396685153339	982.091171646	1008	0.126135073355	277.250482389	27.0535714286	1781.28237526	4	0	0					
7	20	1	0	2254	10.9236912156	0.340727595386	0.00304444440513	0.000366796850498	943.46347394	836	0.126124558819	247.270950383	32.3827751196	1729.83948889	4	0	0					
7	21	1	0	2362	11.3298052498	0.339966130398	0.003190646407	0.000351228705901	955.195388357	889	0.126441613163	258.279003666	33.3228346457	1694.75907321	4	0	0					
7	22	1	0	2334	11.8461868038	0.383890317052	0.00331432418415	0.000400653459561	911.528588456	1008	0.124174606871	236.979690577	31.0763888889	1639.82349562	4	0	0					
7	23	1	0	1774	165.687147689	6.49210822999	0.0560952584847	0.00742583888615	2178.18758194	12838	0.146655701638	583.067997962	25.620735317	3691.08220265	4	0	0					
7	24	1	0	2252	11.3001776199	0.363676731794	0.00258945375525	0.000384823342099	859.68487863	917	0.115891641519	192.15647034	31.3380588877	1462.92914793	4	0	0					
8	1	1	0	2207	11.4594472134	0.467603081106	0.00287290701347	0.000496758618861	898.289214267	1166	0.117564444132	206.893126915	24.4751286449	1544.75248324	4	0	0					
8	2	1	0	2235	12.8322147651	0.456823266219	0.00348552733513	0.000467332780218	921.114179008	1108	0.123348789497	248.380912229	28.083032491	1683.54562343	4	0	0					
8	3	1	0	2235	11.544966443	0.418344519016	0.00336430800185	0.000425283295705	943.814514475	1025	0.126114660865	251.6701756	27.7443902439	1721.35350162	4	0	0					
8	4	1	0	2249	11.7123165851	0.379724321921	0.00329772777226	0.000399008407026	994.353462427	963	0.125635265823	265.589530231	31.3187954309	1831.90639667	4	0	0					
8	5	1	0	2375	9.82736842105	0.306526315789	0.00268797067291	0.000340213319135	991.854917632	859	0.126799792443	281.697731849	32.3399301513	1908.76217805	4	0	0					
8	6	1	0	2353	12.405439864	0.454738631534	0.00410274518092	0.000468268927316	1034.819855	1183	0.133386250302	340.446467629	27.5274725275	2143.88636059	4	0	0					
8	7	1	0	2300	12.4769565217	0.396086956522	0.00408631906827	0.000403026554937	1094.62673407	985	0.13431528361	364.22241423	31.7350253807	2329.62820958	4	0	0					
8	8	1	0	2386	10.448030176	0.331517183571	0.00331795765115	0.000346242406455	1033.93316349	871	0.130603847153	310.974811468	31.5177956372	2078.05776252	4	0	0					
8	9	1	0	2309	11.2728453876	0.353832828064	0.00374409307578	0.000361231773945	1075.12678337	901	0.133815799605	373.366284789	31.6725860155	2307.16563297	4	0	0					
8	10	1	0	2273	11.7699076111	0.478222613286	0.00363630143848	0.000486239724733	1068.55684783	1198	0.131635718124	307.679087355	24.6711185309	2020.29885473	4	0	0					
8	11	1	0	2334	8.60539845758	0.26263924593	0.00255840996895	0.000280462435285	1039.62720853	668	0.128990059935	309.032545138	33.6886227545	2018.69678623	4	0	0					
8	12	1	0	2564	9.44539781591	0.333073322933	0.00326488346587	0.000372242418531	1059.41048329	945	0.130853741652	314.684851602	28.6306878307	2048.32899909	4	0	0					
8	13	1	0	2265	11.114790287	0.412803532009	0.00356649702222	0.000420739573036	1042.06298711	1057	0.1307117759	305.877615297	27.3226111637	1942.25891673	4	0	0					
8	14	1	0	2341	10.7184963691	0.369500213584	0.00307117142307	0.000379320051947	1048.53249292	942	0.131005680666	310.02688778	29.8152866242	2017.80847607	4	0	0					
8	15	1	0	2261	9.6329057939	0.268022998673	0.00320414363987	0.000274539988139	1043.73646358	658	0.136054631922	353.100060242	36.1139817629	2163.13503808	4	0	0					
8	16	1	0	2397	11.5202336254	0.347934918648	0.00348728324142	0.000366000604605	1066.71657271	930	0.135689511005	351.67051387	33.8978494624	2229.26547161	4	0	0					
8	17	1	0	2456	11.2149837134	0.366449511401	0.00386335569673	0.00037607529372	1062.57013422	988	0.138674401851	393.279880781	31.3562753036	2354.18296455	4	0	0					
8	18	1	0	2284	9.80516637478	0.390105078809	0.00276988818593	0.000405534376732	1007.58124054	970	0.125472582223	258.465413712	25.4072164948	1782.65641148	4	0	0					
8	19	1	0	2239	12.826261724	0.421170165252	0.00419833537624	0.000416144418567	1026.81870065	1050	0.137839312268	369.783163348	31.0552380952	2138.59898692	4	0	0					
8	20	1	0	2220	13.4162162162	0.481081081081	0.00388227975734	0.00046622548456	974.272339374	1146	0.131665419934	281.570301226	28.3385689354	1788.04306148	4	0	0					
8	21	1	0	2332	11.4532590051	0.345197255575	0.00327320692443	0.000357033676624	939.897663799	876	0.130741482133	263.628916168	33.2054794521	1699.81207029	4	0	0					
8	22	1	0	2371	13.1961197807	0.463517503163	0.00412042766399	0.000484564663369	928.180021572	1197	0.13142561589	280.420551549	28.8111946533	1821.73778318	4	0	0					
8	23	1	0	2091	16.2424677188	0.447154471545	0.0039941517317	0.000431989994827	911.490901379	1024	0.126279049956	253.524749917	36.7548828125	1708.85189667	4	0	0					
8	24	1	0	2303	9.24359531046	0.293530178029	0.00256944174728	0.000345046114909	947.098663559	752	0.121763676468	222.60690124	31.5731382979	1622.4828681	4	0	0					
9	1	1	0	2137	12.9372952737	0.465605989705	0.00316898362536	0.000472179972295	881.93565969	1082	0.118366570553	219.986943229	27.4676524954	1627.46388075	4	0	0					
9	2	1	0	2150	12.3390697674	0.456744186047	0.00322490286168	0.000458269221198	949.002033492	1068	0.121421592296	241.173690983	26.9859550562	1699.22489785	4	0	0					
9	3	1	0	2134	10.2099343955	0.333645735708	0.00266354119202	0.000341497576848	947.262091338	806	0.120458381314	251.053776838	30.6389578164	1751.482015	4	0	0					
9	4	1	0	2167	9.64605445316	0.263959390863	0.00303268655917	0.0002732005909	959.30493528	629	0.126572442849	271.384335105	36.079491256	1785.90725754	4	0	0					
9	5	1	0	2361	10.5307073274	0.346886912325	0.00321633286863	0.000363356874986	991.649438212	918	0.124136107587	303.441780129	30.3267973856	2089.20482711	4	0	0					
9	6	1	0	2299	9.97172683776	0.33840800348	0.00273189285509	0.000353777003643	996.180480972	884	0.120573028912	262.307349639	29.5871040724	1879.29558664	4	0	0					
9	7	1	0	2267	10.8531098368	0.455668284076	0.00280768782049	0.000460764598184	996.780413589	1147	0.120706034991	253.247170752	23.9546643418	1801.44404593	4	0	0					
9	8	1	0	2168	10.0216789668	0.345018450185	0.00282604637856	0.000350289518895	1020.50004736	829	0.126411656702	281.492668616	29.476477684	1868.30636726	4	0	0					
9	9	1	0	2154	8.94661095636	0.347725162488	0.00213442699193	0.000348658317085	1046.11918273	812	0.120096366011	230.504213369	25.6736453202	1709.8216546	4	0	0					
9	10	1	0	2168	8.71448339483	0.300276752768	0.00233956517052	0.000300426613916	1016.76756541	723	0.123252763031	263.176428061	29.3347164592	1812.68329038	4	0	0					
9	11	1	0	2289	8.92223678462	0.321100917431	0.00249808238685	0.000343194508831	1026.47059456	779	0.122704049289	274.880611954	27.7265725289	1967.17913598	4	0	0					
9	12	1	0	2349	8.02554278416	0.274159216688	0.00229953556377	0.000285305446546	1042.03315521	708	0.124068126661	276.832537663	29.6271186441	1927.56114695	4	0	0					
9	13	1	0	2425	7.39298969072	0.23381443299	0.00234279576014	0.00025219974527	1035.35373065	618	0.126915368387	355.135822113	31.925566343	2279.03531889	4	0	0					
9	14	1	0	2321	8.4088754847	0.244722102542	0.00290846951173	0.000257938759191	1040.92520689	632	0.134087054937	373.289436479	34.9287974684	2277.64491345	4	0	0					
9	15	1	0	2238	7.58936550492	0.231903485255	0.00196801654655	0.000242799034655	1008.56799723	580	0.12234893055	251.761297687	32.9913793103	1773.61103877	4	0	0					
9	16	1	0	2329	8.96865607557	0.314727350794	0.00271881794871	0.000335651410082	1024.7751489	791	0.126101760971	279.863675257	28.8571428571	1881.04735553	4	0	0					
9	17	1	0	2256	9.42375886525	0.310726950355	0.00263959047383	0.000328651183791	996.207205823	785	0.124826651469	264.980265734	31.0101910828	1796.76094249	4	0	0					
9	18	1	0	2254	8.18145519077	0.26397515528	0.00228752606772	0.000265473706438	1019.25638934	650	0.127416526972	284.991376363	31.2092307692	1858.83753785	4	0	0					
9	19	1	0	2042	11.1542605289	0.393241919687	0.00285754912107	0.000391123978097	989.251255685	866	0.122579513954	256.454042449	28.5404157044	1772.08521376	4	0	0					
9	20	1	0	2215	16.9607223476	0.470428893905	0.00502794670976	0.000552932801179	1061.12705891	1132	0.127271247482	349.602945597	35.4628975265	2391.6504132	4	0	0					
9	21	1	0	2138	10.9700654818	0.362956033676	0.00287001335947	0.0003769615634	916.666339671	849	0.122744877172	221.57712404	30.74204947	1561.96484909	4	0	0					
9	22	1	0	2133	12.7210501641	0.475855602438	0.00327330074951	0.000491811561127	914.732442659	1113	0.12032661922	233.557721391	26.6549865229	1651.03124919	4	0	0					
9	23	1	0	2089	13.0148396362	0.399712781235	0.00337380461444	0.000383399459613	897.574165632	910	0.12367135044	248.043138731	32.4593406593	1687.13318425	4	0	0					
9	24	1	0	1983	8.53353504791	0.271306101866	0.00278961765962	0.000293427321668	1077.25127107	586	0.126718592138	334.251799634	31.6467576792	2192.87397636	4	0	0					
10	1	1	0	2313	11.6191093818	0.400345871163	0.0031206989761	0.000425495356245	915.862404763	1043	0.121915518683	249.316963549	29.3720038351	1805.09363668	4	0	0					
10	2	1	0	2216	11.4160649819	0.388989169675	0.00324601004831	0.000418662003878	904.227576319	965	0.124684002495	241.921887262	29.4176165803	1654.2804151	4	0	0					
10	3	1	0	2162	12.1517113784	0.40795559667	0.00298455456235	0.000416472174106	936.456208907	970	0.123494552031	225.249326233	29.8845360825	1628.59778523	4	0	0					
10	4	1	0	2243	10.3196611681	0.322781988408	0.0030962218837	0.000341993495982	974.970614761	785	0.128786375736	277.53860749	32.0292993631	1861.62276375	4	0	0					
10	5	1	0	2221	12.6479063485	0.410625844214	0.00423248976675	0.000449925300985	995.918668663	1009	0.131769003958	311.617778078	31.3310208127	2026.30961381	4	0	0					
10	6	1	0	2240	11.2625	0.364285714286	0.00290158289531	0.000381275100694	994.046560272	906	0.124642232192	258.830238803	31.559602649	1812.07956658	4	0	0					
10	7	1	0	2183	11.8282180486	0.384333486028	0.00369465842096	0.000410241046177	1001.65255449	917	0.130101337261	308.642728243	30.8702290076	2021.13894843	4	0	0					
10	8	1	0	2100	10.0847619048	0.358095238095	0.00289117089912	0.000349540783444	1020.92610698	837	0.133246373324	299.761030063	28.1959378734	1945.44892761	4	0	0					
10	9	1	0	2220	10.5463963964	0.35	0.002663879477	0.000361975059621	1021.03968957	859	0.121994509896	242.120150982	30.2479627474	1754.03995763	4	0	0					
10	10	1	0	2231	9.9376961004	0.355445988346	0.00287621965547	0.000365476301887	1023.81223278	866	0.125791710479	277.461773389	28.4757505774	1844.12318322	4	0	0					
10	11	1	0	2251	8.2678809418	0.252332296757	0.00258325611018	0.000273680965155	1013.4262117	641	0.131608555812	308.383152616	33.8580343214	2044.04682227	4	0	0					
10	12	1	0	2234	8.76230975828	0.297672336616	0.00240439935733	0.000305554937378	1018.72058689	757	0.125009633583	289.021886625	29.7741083223	1969.32030952	4	0	0					
10	13	1	0	2264	9.35070671378	0.325088339223	0.00253290988578	0.000333037682898	984.323586666	818	0.127111446957	263.889057275	29.141809291	1768.2742733	4	0	0					
10	14	1	0	2080	9.42355769231	0.284134615385	0.0024923175945	0.000297183332358	1006.33273565	648	0.125303188025	271.107484985	33.2901234568	1860.98738959	4	0	0					
10	15	1	0	2214	9.0162601626	0.280487804878	0.00244394639303	0.000299660563419	1012.20184969	684	0.128163312986	258.933299713	32.2967836257	1806.06446618	4	0	0					
10	16	1	0	2217	10.7419936852	0.346865133063	0.00335296717997	0.000353205006989	1005.5998181	848	0.131010231018	309.831941156	31.0731132075	2018.01548489	4	0	0					
10	17	1	0	2448	14.550245098	0.418709150327	0.00484787923781	0.000467575895132	1172.15297203	1103	0.135550936499	376.885328587	34.5113327289	2356.95202632	4	0	0					
10	18	1	0	2244	8.97237076649	0.307486631016	0.00250588095348	0.000308206275168	1058.85573419	779	0.122193508174	290.879289549	29.648267009	1990.37000415	4	0	0					
10	19	1	0	2316	10.0600172712	0.346718480138	0.00267012327204	0.000364088213164	975.786850391	861	0.124329968002	250.878700915	29.1962833914	1753.91418552	4	0	0					
10	20	1	0	2077	12.288396726	0.402985074627	0.00331773837541	0.000416690564949	945.848968994	904	0.12402701572	260.745155442	30.6692477876	1771.171349	4	0	0					
10	21	1	0	2163	10.6662043458	0.350439204808	0.00265190590436	0.000365448467129	892.19672372	840	0.120707328318	219.867517274	31.0428571429	1534.69834675	4	0	0					
10	22	1	0	2085	11.9366906475	0.408153477218	0.0030197991525	0.000422417781732	877.560485506	954	0.124625681561	216.72192746	29.2798742138	1523.42566799	4	0	0					
10	23	1	0	2109	11.106685633	0.372214319583	0.00270729610783	0.000382455522801	847.519057785	891	0.121505824115	200.774553165	30.2828282828	1444.44912483	4	0	0					
10	24	1	0	2057	13.3257170637	0.520661157025	0.00346621545989	0.000527250937082	841.542732632	1182	0.122170357704	203.690989911	25.9458544839	1459.07597455	4	0	0					
11	1	1	0	1994	14.8731193581	0.526579739218	0.00477658199302	0.000539669189326	966.455367416	1180	0.133757132019	308.237824583	28.1228813559	1934.5577125	4	0	0					
11	2	1	0	1874	10.9455709712	0.417289220918	0.00245148193942	0.000426613495812	879.603540076	891	0.116252306097	199.434664775	26.6711560045	1505.3644452	4	0	0					
11	3	1	0	2115	9.47186761229	0.323877068558	0.00215484467569	0.000334549027889	929.534649292	751	0.117989537809	215.395378423	29.3209054594	1648.74006682	4	0	0					
11	4	1	0	2196	8.71994535519	0.289617486339	0.00217580370694	0.00031460347556	949.504174712	688	0.118974566768	227.918073007	31.0247093023	1681.87997028	4	0	0					
11	5	1	0	2349	11.4614729672	0.385696040868	0.0032673664323	0.000447685449278	979.844682058	999	0.122436490027	266.359446938	29.7297297297	1877.02889767	4	0	0					
11	6	1	0	2418	8.64888337469	0.325889164599	0.00231712993945	0.000363256700127	990.371294762	865	0.117381022208	237.322520548	27.1213872832	1764.15019262	4	0	0					
11	7	1	0	2290	7.76200873362	0.231004366812	0.00196352885257	0.000246310724136	998.167338321	584	0.119081831684	234.687084281	33.227739726	1748.7671925	4	0	0					
11	8	1	0	2170	8.24423963134	0.298617511521	0.00202893041441	0.000300562977086	1012.83093802	731	0.120791695103	240.639315505	27.3584131327	1735.32512535	4	0	0					
11	9	1	0	1994	8.94583751254	0.329488465396	0.00231632062793	0.000329407521012	1049.36638571	744	0.122826803162	287.822638077	27.7970430108	2009.76241089	4	0	0					
11	10	1	0	2214	9.49141824752	0.298554652213	0.00272894184878	0.000327046833909	1037.43790088	729	0.12715372104	281.362805479	31.9945130316	1945.8843815	4	0	0					
11	11	1	0	2186	8.08828911253	0.25571820677	0.00228976175967	0.000267456423822	1012.29864582	640	0.125786489584	274.841991565	32.4375	1873.8303766	4	0	0					
11	12	1	0	2141	9.70200840729	0.306398879028	0.00295788702239	0.000296913709102	1124.89762879	716	0.130832501408	360.077510683	32.3212290503	2350.88295381	4	0	0					
11	13	1	0	2274	8.94283201407	0.325857519789	0.00251482865852	0.000344578761976	1005.9442256	817	0.124943501843	267.123267085	28.0244798042	1850.56011311	4	0	0					
11	14	1	0	2276	9.55667838313	0.349736379613	0.00249696834259	0.000369110062736	1021.70471064	873	0.122672163045	246.449418186	27.206185567	1748.98767661	4	0	0					
11	15	1	0	2311	11.9545651233	0.34054521852	0.00368175991102	0.000407775938301	1065.46479785	866	0.127259334831	301.12334841	34.9896073903	2054.74532077	4	0	0					
11	16	1	0	2083	8.70139222276	0.340374459914	0.001938627875	0.000345893503963	957.914113734	790	0.115644941215	200.812803512	25.8759493671	1566.58614798	4	0	0					
11	17	1	0	2289	8.16688510266	0.273481869812	0.00236707367479	0.000282239384644	983.725864704	709	0.129837423169	280.368000118	30.2581100141	1835.02080446	4	0	0					
11	18	1	0	2115	8.86241134752	0.30401891253	0.00220767401504	0.000303379507	1014.25618393	697	0.125432364774	267.247700763	29.3629842181	1848.81499208	4	0	0					
11	19	1	0	2151	9.66294746629	0.289167828917	0.00252778262727	0.000275585081684	992.699306795	687	0.127886658729	280.712696261	34.2270742358	1880.27169733	4	0	0					
11	20	1	0	2084	12.0729366603	0.362284069098	0.00359090219267	0.000372925328356	956.188401224	810	0.12933318548	285.672479645	33.4567901235	1839.46274566	4	0	0					
11	21	1	0	2260	12.492920354	0.411504424779	0.00385296093437	0.000472164904518	940.52638067	1010	0.125472738598	265.857060915	30.3930693069	1812.89271768	4	0	0					
11	22	1	0	2036	14.3482318271	0.456777996071	0.00353546443899	0.00043894632305	892.694673803	1016	0.123930386215	222.133141064	31.437992126	1521.03804763	4	0	0					
11	23	1	0	1983	12.784165406	0.387291981846	0.00333967072225	0.000431972611044	862.734690052	843	0.117960486818	195.568054405	32.9489916963	1463.54803133	4	0	0					
11	24	1	0	1957	15.4828819622	0.514563106796	0.00422521776867	0.000514452947843	879.207572612	1111	0.126462107099	244.978031057	30.0486048605	1647.77900796	4	0	0					
12	1	1	0	1753	148.431831147	6.38619509412	0.0499679483276	0.00740252106608	1964.2426644	12272	0.144796781747	545.985173421	23.3860006519	3504.91752308	4	0	0					
12	2	1	0	2101	9.03474535935	0.280342693955	0.00194922729357	0.000290947170038	935.324200795	668	0.115811244995	205.619861376	32.0479041916	1602.08632879	4	0	0					
12	3	1	0	2162	11.6905642923	0.382978723404	0.00338601384593	0.000422619128204	937.920685508	906	0.122503162993	231.268230712	30.0927152318	1648.14060313	4	0	0					
12	4	1	0	2119	13.3010854176	0.391694195375	0.00370606182517	0.000390595082453	966.273817733	915	0.125355763081	267.863228595	34.0054644809	1808.6088627	4	0	0					
12	5	1	0	2162	11.1295097132	0.368177613321	0.00271814833774	0.000379025689325	975.838857154	876	0.121553338567	240.705916159	30.397260274	1747.00837783	4	0	0					
12	6	1	0	2250	10.4084444444	0.355555555556	0.00276430557485	0.000377197928384	1016.43664678	899	0.122847486671	264.940147455	30.0244716352	1883.04003952	4	0	0					
12	7	1	0	2358	9.71034775233	0.302374893978	0.00296802414922	0.00032160631546	1027.08438317	808	0.131348249559	330.801673786	32.0086633663	2106.4312888	4	0	0					
12	8	1	0	2324	11.6213425129	0.404475043029	0.00374470670327	0.000448272343259	1033.54038424	1018	0.130276002175	309.948961982	28.5923379175	2006.48592626	4	0	0					
12	9	1	0	2231	11.1577767817	0.338861497087	0.00384668314269	0.000347147280151	1045.44946239	826	0.132803707522	343.518550708	32.9709443099	2178.69541387	4	0	0					
12	10	1	0	2171	10.5789958544	0.263012436665	0.00352980633454	0.000293874871023	1091.66501651	628	0.131155368151	371.884364448	39.9936305732	2409.67526315	4	0	0					
12	11	1	0	2145	8.64428904429	0.306293706294	0.00249893899492	0.000327171084124	1015.12874589	734	0.126923847955	277.254179654	28.6757493188	1846.87330611	4	0	0					
12	12	1	0	2095	9.07207637232	0.286873508353	0.00221358012396	0.000296748068469	1025.52883317	674	0.124757601405	254.054987893	32.2151335312	1805.14619024	4	0	0					
12	13	1	0	2182	10.2236480293	0.372593950504	0.00298728245619	0.000387759708797	1032.03213858	900	0.131467703784	292.333423881	27.6611111111	1908.6521545	4	0	0					
12	14	1	0	2212	9.42631103074	0.314647377939	0.00274481985149	0.000317919004416	1022.85586449	762	0.127267609618	306.975913359	30.4343832021	2032.82924817	4	0	0					
12	15	1	0	2265	8.50684326711	0.248565121413	0.00237225075594	0.00026004090423	984.647538747	630	0.127384568657	272.102245971	34.5952380952	1806.81817701	4	0	0					
12	16	1	0	2251	10.0981785873	0.322523322968	0.00286701308455	0.000329388072047	990.646544779	806	0.126433683584	272.29508781	31.0719602978	1849.60597419	4	0	0					
12	17	1	0	2349	9.94806300553	0.311621966794	0.0026571314502	0.000318634523499	986.610939172	792	0.12645993046	261.54481507	32.4393939394	1797.91905724	4	0	0					
12	18	1	0	2231	10.7812640072	0.330793366203	0.0033029035672	0.000322136469789	1009.1502291	816	0.133409638529	336.384523867	33.0955882353	2113.39667099	4	0	0					
12	19	1	0	2181	13.3828519028	0.411279229711	0.00449947051043	0.000427778419686	1006.13213189	979	0.134837987319	315.140808847	32.3319713994	1986.09855383	4	0	0					
12	20	1	0	2165	11.1949191686	0.368129330254	0.00299810803833	0.000386322560983	936.728385877	878	0.125083229782	235.208730941	30.437357631	1642.18411893	4	0	0					
12	21	1	0	2251	12.0595290982	0.364282541093	0.00329215163839	0.000377725488338	924.011329179	907	0.122128228293	237.12227769	33.3307607497	1681.28702426	4	0	0					
12	22	1	0	2216	12.9851083032	0.420577617329	0.00380980586499	0.000435405341825	928.284596059	1020	0.128003745447	254.05150076	30.9274509804	1716.2500866	4	0	0					
12	23	1	0	2129	12.3485204321	0.386096759042	0.00297131567165	0.00040736700751	934.141469265	882	0.121418099549	217.28740791	32.1530612245	1581.30747311	4	0	0					
12	24	1	0	2073	115.810902074	4.52966714906	0.0315369588377	0.00512440166076	1999.03711855	10217	0.134721249066	423.559724767	25.7567779192	2938.33677641	4	0	0					
13	1	1	0	1994	119.853059178	4.57221664995	0.0352689778795	0.00488562101866	1908.08220732	9952	0.140416581524	534.812630943	26.1783561093	3499.70117801	4	0	0					
13	2	1	0	1988	12.4129778672	0.430080482897	0.00334715430803	0.000390529351613	1061.93122997	930	0.129407274618	307.475102672	28.964516129	2030.23910812	4	0	0					
13	3	1	0	2131	10.3505396527	0.379164711403	0.00243403593793	0.000411287095548	948.878493702	888	0.115077527414	204.594541821	27.2511261261	1614.69242614	4	0	0					
13	4	1	0	2251	9.48245224345	0.292758773878	0.00250728059944	0.000322498620817	980.591321478	737	0.11888759403	272.656214542	32.4857530529	1989.04726441	4	0	0					
13	5	1	0	2250	7.89688888889	0.233777777778	0.00195621807671	0.000246912081514	1025.76887336	580	0.121950819359	248.798709563	33.6931034483	1805.28355049	4	0	0					
13	6	1	0	2324	9.49440619621	0.320137693632	0.00234806555093	0.000321349824975	947.568998473	818	0.117864771489	218.069336755	29.9388753056	1637.22540829	4	0	0					
13	7	1	0	2204	7.83257713249	0.233212341198	0.00180075325554	0.000247669003078	968.743418906	588	0.116583437692	207.184848393	33.9710884354	1586.85453325	4	0	0					
13	8	1	0	2221	11.0031517335	0.40162089149	0.00260644839457	0.000396911270729	959.800099119	971	0.121085562644	228.692645418	27.1967044284	1616.08307323	4	0	0					
13	9	1	0	2025	10.1955555556	0.333333333333	0.00271500777931	0.00033769263148	1000.29894204	753	0.124771351563	271.410646998	30.6958831341	1851.92096195	4	0	0					
13	10	1	0	1998	9.07407407407	0.286286286286	0.00288082610174	0.000296842457166	1014.18852319	631	0.125229468276	286.739638098	31.7004754358	1891.03319997	4	0	0					
13	11	1	0	2146	9.325722274	0.31174277726	0.00259684862741	0.000328262980091	979.592576068	737	0.122059680526	253.802379408	30.4002713704	1782.514642	4	0	0					
13	12	1	0	2012	10.4130218688	0.3175944334	0.00302531800515	0.000317004049105	1075.81147974	697	0.127390398055	327.595502315	33.2654232425	2195.40363802	4	0	0					
13	13	1	0	2105	9.01710213777	0.294536817102	0.00241297109665	0.000319369224613	1019.40617353	684	0.121855811512	247.576686188	30.5043859649	1806.93305618	4	0	0					
13	14	1	0	2245	9.98530066815	0.309576837416	0.00379020009799	0.000344425176063	1024.00449351	786	0.136003320032	355.639891311	31.9567430025	2221.64902877	4	0	0					
13	15	1	0	2009	9.65107018417	0.367844698855	0.00246742732415	0.000358573298873	1029.24471943	795	0.122932939171	259.712343783	26.2603773585	1854.40120903	4	0	0					
13	16	1	0	2081	11.4521864488	0.33974050937	0.00321928743012	0.00034513666725	983.896528521	784	0.125993203975	298.478933262	33.7193877551	1955.53779566	4	0	0					
13	17	1	0	2101	10.9676344598	0.369347929557	0.00338135353864	0.000380681843991	993.006830459	846	0.126730922762	300.964665462	30.4834515366	1933.20334301	4	0	0					
13	18	1	0	2068	9.95357833656	0.347195357834	0.00295491019757	0.000378484917527	989.488242854	785	0.124307295294	283.435099086	28.7936305732	2000.00662184	4	0	0					
13	19	1	0	2031	12.7774495323	0.400295420975	0.00405638482756	0.00041135327973	974.981745616	898	0.134442431867	336.749305805	32.0534521158	2057.08891946	4	0	0					
13	20	1	0	2161	12.1864877372	0.447015270708	0.00390868414986	0.000452857508761	1015.48030721	1032	0.132200643296	315.682631942	27.5717054264	2039.8963006	4	0	0					
13	21	1	0	2113	11.133932797	0.281590156176	0.00322273149085	0.000306296906088	957.599780627	647	0.128771563917	278.698295553	39.544049459	1819.98629678	4	0	0					
13	22	1	0	2192	12.348540146	0.438412408759	0.00280673794531	0.000451666962199	909.143715867	1071	0.118025459797	192.207687047	28.324929972	1457.2865004	4	0	0					
13	23	1	0	2080	14.9644230769	0.533653846154	0.00469754744008	0.000532995743807	918.062457107	1225	0.128479371474	267.046634583	28.0571428571	1740.53261284	4	0	0					
13	24	1	0	2032	162.565452756	6.10826771654	0.0576925650159	0.00735788391188	2498.98330763	13281	0.145634641964	661.91967812	26.6941495369	4231.31453586	4	0	0					
14	1	1	0	2095	12.430071599	0.410978520286	0.00339853305129	0.000404994725708	999.008230849	960	0.125006001349	264.240495828	30.2447916667	1826.56764048	4	0	0					
14	2	1	0	1850	170.27027027	6.46216216216	0.0663629908361	0.00786708480266	2181.21772661	13179	0.151422880707	631.309731813	26.486455725	3888.82841512	4	0	0					
14	3	1	0	2195	17.932118451	0.515717539863	0.00418032376653	0.000488645804847	1015.66792006	1340	0.126312855872	303.211274776	35.7388059701	1959.9921577	4	0	0					
14	4	1	0	2124	12.711393597	0.430320150659	0.00350564950543	0.000444806097152	944.383590831	1005	0.124840718127	280.391178072	29.5771144279	1910.58924421	4	0	0					
14	5	1	0	2031	9.02609551945	0.26243229936	0.00244764549027	0.000274840425926	975.425516977	596	0.123336805026	246.526373665	34.4110738255	1736.54876593	4	0	0					
14	6	1	0	2065	11.3510895884	0.390799031477	0.00341307413313	0.000400175796603	1009.16133543	884	0.126452697947	303.427757684	29.17760181	1987.54168798	4	0	0					
14	7	1	0	2097	10.4592274678	0.324749642346	0.00281585450421	0.000331703842967	1006.87612838	756	0.122709918889	329.832435863	32.119047619	2171.32323412	4	0	0					
14	8	1	0	2116	8.70982986767	0.262287334594	0.00226009886839	0.000271095617454	972.387620614	617	0.12274581445	293.53892649	33.2009724473	1964.51997273	4	0	0					
14	9	1	0	2264	9.21245583039	0.274293286219	0.0022484144007	0.000284679676401	1006.17873988	691	0.122439311602	247.680332153	33.1534008683	1770.95938185	4	0	0					
14	10	1	0	2106	10.3433048433	0.314339981007	0.00302116776355	0.000341299305278	988.498682857	743	0.129244375004	289.566529292	33.4872139973	1877.63367149	4	0	0					
14	11	1	0	2059	10.7561923264	0.363283147159	0.00300926292489	0.000367904686963	998.151126705	817	0.12782622736	311.022480139	29.758873929	2030.97788634	4	0	0					
14	12	1	0	2242	9.38001784121	0.28233719893	0.00283166651434	0.0003188542013	1013.79276546	695	0.12399030466	292.098377249	33.0330935252	1939.27402353	4	0	0					
14	13	1	0	2185	10.2260869565	0.378947368421	0.00273301006871	0.00040642781242	1007.43028491	927	0.12480316893	259.401275657	27.1553398058	1823.31453205	4	0	0					
14	14	1	0	2218	10.6519386835	0.366095581605	0.00301735041981	0.000393704781089	967.139362351	902	0.128079209055	266.019778686	29.1862527716	1779.83583531	4	0	0					
14	15	1	0	1997	12.4291437156	0.41912869304	0.00379592418074	0.000429935732065	1017.45132778	910	0.130058606382	323.91771414	29.9538461538	2034.93997567	4	0	0					
14	16	1	0	2010	12.1517412935	0.442288557214	0.00396021158294	0.000445661085105	995.589648532	980	0.129817415391	298.149625674	27.7714285714	1942.32764582	4	0	0					
14	17	1	0	2029	11.3587974372	0.372104484968	0.00325541157489	0.000387213509103	986.640684538	849	0.129100825263	267.184829694	30.1967020024	1793.27630877	4	0	0					
14	18	1	0	1979	11.1040929763	0.403233956544	0.0026010772619	0.000412425676725	938.824007633	886	0.118935069698	222.989803166	27.8735891648	1664.40975179	4	0	0					
14	19	1	0	2099	11.7689375893	0.406383992377	0.00338051717731	0.000412738903746	941.880138489	943	0.126853373011	267.117734707	29.1081654295	1831.55964787	4	0	0					
14	20	1	0	2106	11.4202279202	0.397435897436	0.00282395643194	0.000436764572367	916.506321702	932	0.118706741927	208.088151738	28.767167382	1547.58068245	4	0	0					
14	21	1	0	2173	11.4072710538	0.381500230097	0.0029175309685	0.000403575306095	908.508299003	921	0.123198611243	226.423171392	29.8306188925	1591.121379	4	0	0					
14	22	1	0	2045	12.2655256724	0.457701711491	0.00347444041616	0.000486972653089	893.62983997	1024	0.120609217563	214.96410109	26.802734375	1552.35517262	4	0	0					
14	23	1	0	1615	177.149845201	7.1040247678	0.0683462036561	0.00841416186778	2297.944389	12437	0.152414537978	656.877541605	25.1916860979	3996.52030962	4	0	0					
14	24	1	0	2221	13.221521837	0.467357046376	0.00305568100679	0.000490109089042	835.587399658	1146	0.117864835769	190.170146558	28.2539267016	1435.18576036	4	0	0					
15	1	1	0	1977	9.70713201821	0.302478502782	0.00321912316944	0.000274643463846	1220.00671446	662	0.140338179482	475.462485367	32.7356495468	2829.40013797	4	0	0					
15	2	1	0	1845	154.140379404	6.28130081301	0.0538363948396	0.00749719187666	1929.02731001	12585	0.146665831112	549.284826726	24.6523639253	3450.58708957	4	0	0					
15	3	1	0	2085	12.5309352518	0.437410071942	0.00345772464738	0.000450852248079	948.064385236	1008	0.122946437414	236.00282715	28.8055555556	1673.77926199	4	0	0					
15	4	1	0	2115	10.6326241135	0.397635933806	0.00272205137235	0.000427322282845	941.612636655	937	0.118355013511	214.904278697	26.8249733191	1600.87299324	4	0	0					
15	5	1	0	2013	11.1361152509	0.356681569796	0.00321434510239	0.000367316562727	939.227326555	806	0.125654296052	276.319175327	31.3957816377	1828.64235693	4	0	0					
15	6	1	0	2229	9.63660834455	0.294751009421	0.00263316303343	0.000317621837149	959.296365987	729	0.123856666308	243.28135175	32.8998628258	1721.02358599	4	0	0					
15	7	1	0	2211	11.9909543193	0.397557666214	0.00373014300852	0.000447520880219	1029.88119204	980	0.129181682981	316.065406003	30.7102040816	2123.82083552	4	0	0					
15	8	1	0	2044	12.0293542074	0.404109589041	0.00396481464078	0.000427639318337	980.603640923	907	0.133248045785	324.178814587	29.7640573319	2011.01152124	4	0	0					
15	9	1	0	2113	10.5281590156	0.31377188831	0.00347001723872	0.000320386187586	997.939141834	729	0.132010137768	340.533751152	33.9862825789	2203.77637531	4	0	0					
15	10	1	0	2068	10.7833655706	0.352998065764	0.00301647684348	0.000366954594591	989.896422383	809	0.124904820818	254.839795966	30.5290482077	1802.76183123	4	0	0					
15	11	1	0	2241	10.7242302544	0.344935296743	0.00331424058665	0.000368388837454	997.409792144	851	0.12813739383	283.419235009	31.7027027027	1909.38491554	4	0	0					
15	12	1	0	2199	8.35379718054	0.25011368804	0.00225022711402	0.000269203790684	1000.24977311	628	0.124070007165	253.026234523	33.199044586	1783.26406351	4	0	0					
15	13	1	0	2049	7.67593948267	0.259638848219	0.00254150812827	0.000272524168404	1325.73979678	594	0.139163625237	430.284703954	29.8063973064	2643.32226667	4	0	0					
15	14	1	0	2251	9.80808529542	0.323856063972	0.00295897095315	0.000360070994892	983.558836667	792	0.123770770945	274.051168366	30.3573232323	1910.65292687	4	0	0					
15	15	1	0	1331	18.1532682194	0.563486100676	0.0037400971385	0.000451256401412	1244.39662606	957	0.133559671579	366.348921302	36.2298850575	2374.83483581	4	0	0					
15	16	1	0	2111	10.1539554713	0.317385125533	0.00284690098301	0.000332945801869	971.121675817	747	0.128638372639	282.328781618	32.40562249	1920.36458729	4	0	0					
15	17	1	0	2269	9.68003525782	0.315557514323	0.00289959413145	0.000342558452117	997.020623851	799	0.127039290994	284.210655952	30.5556946183	1911.44863457	4	0	0					
15	18	1	0	2111	9.84178114638	0.300805305542	0.00268366039926	0.000322097751098	953.539694661	712	0.129148696882	249.670274413	33.3244382022	1717.86919358	4	0	0					
15	19	1	0	2538	10.0965327029	0.321118991332	0.00377371496065	0.000384795434511	1268.08702528	883	0.138073842257	410.268114789	31.6489241223	2529.57139165	4	0	0					
15	20	1	0	2581	14.680356451	0.419992251065	0.00396093151467	0.000477114859189	1035.34749215	1196	0.128367143136	296.799198296	34.7984949833	2021.06247981	4	0	0					
15	21	1	0	2203	12.2864275987	0.423059464367	0.00321808539671	0.000447392694054	908.382592959	1052	0.124566103458	226.573382852	29.5646387833	1578.63677759	4	0	0					
15	22	1	0	2141	11.4250350304	0.336758524054	0.00340511906311	0.000365478465825	921.501834651	801	0.126053082289	270.070428121	33.8339575531	1782.01950241	4	0	0					
15	23	1	0	1979	139.841839313	5.40373926225	0.0431051098186	0.00614833806162	1864.50968301	11566	0.140584370308	488.077243264	26.0155628566	3210.60526552	4	0	0					
15	24	1	0	2220	11.527027027	0.381531531532	0.00316005544634	0.000396239804904	875.895961634	918	0.123550259555	229.374163653	30.0511982571	1593.91711164	4	0	0					
16	1	1	0	1838	12.3476605005	0.366158868335	0.00317498062296	0.000284594900581	1203.4582137	728	0.136412367328	416.415815261	34.1978021978	2628.31238491	4	0	0					
16	2	1	0	2114	13.729422895	0.464522232734	0.00407439611186	0.000485599597708	1011.46844344	1086	0.129426392213	295.072264551	29.3554327808	1967.23512307	4	0	0					
16	3	1	0	2256	11.6320921986	0.402925531915	0.00287564646466	0.000403788899159	927.166621401	996	0.123750392369	231.448569082	29.3674698795	1635.62699949	4	0	0					
16	4	1	0	2158	10.984708063	0.36468952734	0.00290582423352	0.000369459837445	947.652917809	864	0.124317019805	240.729690061	30.005787037	1715.30817378	4	0	0					
16	5	1	0	2298	11.3546562228	0.419495213229	0.00317642003837	0.000463138195088	943.320004813	1076	0.121167342743	236.191793819	27.3559479554	1698.36283816	4	0	0					
16	6	1	0	2249	11.5518008004	0.349933303691	0.00300985545269	0.000384446892433	965.990636562	868	0.124843625854	249.331221227	33.2442396313	1756.27238802	4	0	0					
16	7	1	0	2265	15.2326710817	0.532450331126	0.00443163328617	0.000572445570145	1128.92805406	1300	0.127569174668	329.14077842	28.7661538462	2323.05243299	4	0	0					
16	8	1	0	2399	11.0312630263	0.332221759066	0.00355339949424	0.000406530415196	1019.75782891	876	0.123590667693	281.120538574	33.2876712329	1974.08888075	4	0	0					
16	9	1	0	2118	13.7870632672	0.432483474976	0.00438524021413	0.000462253949548	994.200198544	994	0.128878266483	292.012963086	32.0442655936	1927.6368264	4	0	0					
16	10	1	0	2061	10.0465793304	0.285783600194	0.00296765688262	0.0003064868038	972.577349854	648	0.129612250365	288.371591292	34.9027777778	1827.49454719	4	0	0					
16	11	1	0	2201	12.7796456156	0.438437074057	0.00357193866945	0.000471089273164	961.670275208	1063	0.123713066874	255.675749614	29.2144873001	1792.29667832	4	0	0					
16	12	1	0	1999	12.0315157579	0.332666333167	0.00366808687283	0.000352357144141	991.515625453	717	0.128672070707	296.386767061	36.549511855	1971.61185419	4	0	0					
16	13	1	0	1983	11.9218356026	0.361069087242	0.00319734722067	0.000375040562317	971.758381859	797	0.12558048933	264.485438276	33.6010037641	1840.18084007	4	0	0					
16	14	1	0	2109	12.7349454718	0.411095305832	0.00385123676548	0.000457454448391	956.824419861	980	0.126372870357	257.410523947	31.0081632653	1747.42220496	4	0	0					
16	15	1	0	2220	11.5099099099	0.376576576577	0.00352168127485	0.000390529350399	968.054680728	938	0.128556066674	291.576933161	30.89445629	1939.53233855	4	0	0					
16	16	1	0	2147	10.9040521658	0.36050302748	0.00276687400301	0.000370527957928	961.955908204	895	0.12385502183	251.074994674	30.8592178771	1720.97483831	4	0	0					
16	17	1	0	2186	11.0013723696	0.314272644099	0.00308986584084	0.0003257612041	983.102963855	759	0.127366218113	264.469945491	35.2424242424	1783.02392361	4	0	0					
16	18	1	0	2112	11.6742424242	0.410511363636	0.0032594159335	0.000431957400369	972.575527546	956	0.12410921721	261.497515819	28.4236401674	1803.57520901	4	0	0					
16	19	1	0	2084	11.5307101727	0.34980806142	0.00334884300017	0.000369949449854	939.321498596	788	0.125985483534	259.0288488	33.0355329949	1715.83254603	4	0	0					
16	20	1	0	2189	13.3567839196	0.427592507995	0.00356134562261	0.00044912920892	925.371588328	1014	0.121523097075	225.764734695	31.073964497	1631.91553118	4	0	0					
16	21	1	0	2107	13.6592311343	0.414807783579	0.00378981994016	0.000430525624591	924.763723669	967	0.126489245778	261.368650203	33.1789038263	1743.55519312	4	0	0					
16	22	1	0	2242	12.0205173952	0.417484388938	0.00297332605785	0.000457954155886	898.173915044	1026	0.120296663648	201.222170708	28.8216374269	1510.96074164	4	0	0					
16	23	1	0	2227	13.9173776381	0.50516389762	0.00441656153141	0.000536326980947	918.142811604	1236	0.125902920315	271.815372054	27.4741100324	1802.2027575	4	0	0					
16	24	1	0	1966	12.8387589013	0.461342828077	0.00368744412491	0.000462107700176	1024.64716775	1001	0.127967429416	291.21368833	27.6823176823	1922.85071544	4	0	0					
