Database Name	Phenix ODA 2
Database Location	http://opera2.dyn.scilifelab.se/ODA/OdaService.asmx
Evaluation Signature	ec521682-1244-43ac-be92-cf8bd359fd87
Plate Name	P103632
Measurement	Measurement 1
Evaluation	Evaluation1

[Data]
Row	Column	Plane	Timepoint	Cell Selected - Number of Objects	Cell Selected - Total Spot Area - Mean per Well	Cell Selected - Number of Spots - Mean per Well	Cell Selected - Relative Spot Intensity - Mean per Well	Cell Selected - Number of Spots per Area of Cytoplasm - Mean per Well	Cell Selected - Intensity Cytoplasm Mean - Mean per Well	Spots Selected - Number of Objects	Spots Selected - Relative Spot  Intensity - Mean per Well	Spots Selected - Corrected Spot  Intensity - Mean per Well	Spots Selected - Spot Area [px²] - Mean per Well	Spots Selected - Intensity Spot Mean - Mean per Well	Number of Analyzed Fields	Height [µm]	Time [s]	Compound	Concentration	Cell Type	Cell Count	
1	1	1	0	2125	13.4414117647	0.339294117647	0.00490575546841	0.00037321417068	1035.18113728	783	0.142811222029	391.560602289	40.0446998723	2333.44890606	4	0	0					
1	2	1	0	2060	46.0097087379	1.68300970874	0.0110529056157	0.00170106487792	1070.73351579	3771	0.125550143648	272.668283128	27.4531954389	1962.73387186	4	0	0					
1	3	1	0	2273	13.7395512538	0.41179058513	0.00378150021425	0.000447976102387	944.544066579	1037	0.123485235662	244.925716187	34.0530376085	1728.44208265	4	0	0					
1	4	1	0	2420	11.2954545455	0.368595041322	0.00363617471772	0.000409949920334	975.489938538	974	0.127310207606	283.629120966	30.6190965092	1909.93078692	4	0	0					
1	5	1	0	2356	11.0386247878	0.383701188455	0.00346236641448	0.000418231149012	986.403496179	1010	0.131459961565	318.559169843	29.202970297	2059.04580085	4	0	0					
1	6	1	0	2307	10.1582141309	0.328565236238	0.00291532812387	0.000331764257606	991.346461785	837	0.129622670733	276.984859173	31.3679808841	1869.28511125	4	0	0					
1	7	1	0	2278	79.2216856892	2.84591747147	0.0196608358819	0.00300679724412	1353.62165339	7138	0.125210011859	335.626819405	28.0748108714	2450.22171352	4	0	0					
1	8	1	0	2389	35.3302637087	1.2641272499	0.00921061050078	0.00136558865011	1118.8788021	3274	0.122185619769	267.996743683	28.1456933415	1994.74329833	4	0	0					
1	9	1	0	2464	9.97118506494	0.29586038961	0.00370809711128	0.000323001035199	1033.69856885	797	0.136923134819	365.888213097	34.7013801757	2218.45966412	4	0	0					
1	10	1	0	2252	9.01687388988	0.267761989343	0.002990455046	0.000276316430209	1036.99715842	648	0.132845182085	342.157704227	33.8070987654	2180.09852641	4	0	0					
1	11	1	0	2258	8.29362267493	0.261736049601	0.00282523074666	0.000279901059424	1024.95535967	653	0.132748732566	340.172963564	32.4977029096	2206.34917411	4	0	0					
1	12	1	0	2299	8.41278816877	0.234884732492	0.0025731629063	0.000257041180808	1009.57218854	572	0.132891836039	301.184594258	36.4755244755	1969.08878504	4	0	0					
1	13	1	0	2056	111.464007782	3.87110894942	0.0373819491947	0.00484069940242	1556.72594927	8577	0.138750615208	417.663688487	28.8982161595	2769.79911236	4	0	0					
1	14	1	0	2269	44.408550022	1.64830321728	0.0128545374517	0.00192099222864	1187.15556084	4057	0.12916864909	298.058203896	27.2161695834	2085.67531832	4	0	0					
1	15	1	0	2339	13.9551090209	0.525438221462	0.00425996182868	0.000553790021214	1172.3655138	1352	0.129313602129	327.715727982	26.8860946746	2182.98142995	4	0	0					
1	16	1	0	2386	8.30301760268	0.255238893546	0.00263125819844	0.000271174994994	1043.22818492	684	0.133668518491	317.039402476	33.1359649123	2021.24177414	4	0	0					
1	17	1	0	2430	8.14444444444	0.216872427984	0.0030410052874	0.000250716998078	1021.09535322	581	0.134897412471	342.485228838	38.5197934596	2148.26947204	4	0	0					
1	18	1	0	2264	8.83613074205	0.266784452297	0.00315692438875	0.00029257435209300003	1019.04980048	672	0.138205920968	348.516211009	33.6949404762	2096.04854004	4	0	0					
1	19	1	0	1864	53.5396995708	1.93830472103	0.0194507584387	0.00272995582899	1343.77992918	3881	0.131488692708	356.023599081	27.8812161814	2393.44771452	4	0	0					
1	20	1	0	2216	9.77752707581	0.279783393502	0.0036096490191	0.000323792029675	1441.80681781	694	0.135555761306	466.305391756	35.0677233429	2987.17930271	4	0	0					
1	21	1	0	2332	11.410806175	0.335334476844	0.00358326515096	0.000386401931145	966.165142043	857	0.126567910211	271.962647648	34.0175029172	1860.89185687	4	0	0					
1	22	1	0	2396	10.7600166945	0.36101836394	0.00329383824892	0.000378726436984	942.89279743	938	0.124655968909	294.856845414	29.9754797441	1893.46192972	4	0	0					
1	23	1	0	2392	11.6400501672	0.450668896321	0.0033998905992	0.000472432919757	925.907235071	1186	0.122407466746	247.276519304	26.0337268128	1721.96521506	4	0	0					
1	24	1	0	2439	11.4054940549	0.361213612136	0.00375419247753	0.000395693144576	918.56256393	969	0.132584764147	315.404661255	31.8338493292	1962.98432468	4	0	0					
2	1	1	0	2457	10.6601546602	0.29711029711	0.0029215701513	0.000307638523136	911.2311539	784	0.128649263166	253.332659805	35.674744898	1716.19740842	4	0	0					
2	2	1	0	2568	10.9306853583	0.417834890966	0.00374245691794	0.000452832076561	921.698738798	1169	0.129076843664	284.881681026	26.3088109495	1825.20785695	4	0	0					
2	3	1	0	2346	113.728047741	4.27536231884	0.0353381839599	0.004774431463	1542.33326413	11008	0.132853528548	397.506281513	26.7602652616	2760.8322584	4	0	0					
2	4	1	0	2319	52.7102199224	1.87365243639	0.0129375845484	0.00206778587333	1210.49947256	4782	0.119855267758	269.354968776	28.3074027604	2064.54695687	4	0	0					
2	5	1	0	2374	23.2278854254	0.859730412805	0.00554149000427	0.000920624099622	1002.00412873	2204	0.118070944257	230.805836417	27.3375680581	1769.32635099	4	0	0					
2	6	1	0	2388	15.2742881072	0.512144053601	0.00440123064427	0.000540190877891	1009.27809843	1355	0.126001987962	293.70899206	30.1837638376	2008.53533398	4	0	0					
2	7	1	0	2296	12.5104529617	0.473432055749	0.00389708094891	0.000483266571242	1007.19303433	1180	0.131243527394	299.458145415	26.6110169492	1953.25087863	4	0	0					
2	8	1	0	2228	112.774236984	5.08258527828	0.0407967277625	0.00579623012687	1717.89239178	12285	0.146977206652	547.70568048	22.4126984127	3329.69624125	4	0	0					
2	9	1	0	2311	58.793595846	2.6369536997	0.0170527883906	0.00301820064438	1225.14320827	6590	0.131242100605	321.327592337	22.5962063733	2197.85537897	4	0	0					
2	10	1	0	2628	17.650304414	0.573439878234	0.00621117334026	0.00069044851723	1174.2238447	1652	0.129523870775	329.532017024	30.8547215496	2184.33371612	4	0	0					
2	11	1	0	2306	10.4176062446	0.339115351258	0.00389616934325	0.000413913958275	1076.00166997	858	0.136261291864	368.030318981	30.8286713287	2405.39565416	4	0	0					
2	12	1	0	2197	8.10923987255	0.277196176604	0.00317068194874	0.000299191110096	1227.39844645	659	0.144812431972	492.005057008	29.5113808801	2950.9773775	4	0	0					
2	13	1	0	2383	8.56399496433	0.252203105329	0.00258827684104	0.000269990715222	1003.81354772	663	0.130826228866	292.743715825	33.9713423831	1912.62368025	4	0	0					
2	14	1	0	2054	98.8344693281	3.95423563778	0.0326602266879	0.00444605264471	1834.87027162	8845	0.138372520995	542.658561909	25.2798191068	3534.45456287	4	0	0					
2	15	1	0	2344	39.002559727	1.49146757679	0.0146798678454	0.00170749600304	1420.99717732	3833	0.143555084124	518.487765654	26.5076963214	3080.74075088	4	0	0					
2	16	1	0	2365	9.00972515856	0.292600422833	0.00307084050776	0.000315905821512	1080.75757917	765	0.130248782672	330.418121538	31.6496732026	2148.9229494	4	0	0					
2	17	1	0	2341	7.89833404528	0.25843656557	0.00265131061019	0.000283668215262	1044.82748384	661	0.136515703062	335.74454702	31.2405446293	2077.61777528	4	0	0					
2	18	1	0	2258	10.9140832595	0.344109831709	0.00305387161158	0.000385751883321	962.638567307	876	0.126290893831	241.993120852	32.6324200913	1712.71154448	4	0	0					
2	19	1	0	2265	9.57262693157	0.298896247241	0.00291881167365	0.000343743325853	970.00880217	732	0.127952156564	256.05287232	32.3155737705	1765.84098694	4	0	0					
2	20	1	0	1961	142.629780724	5.78735339113	0.0657043494151	0.00742645981697	2991.57347006	12313	0.150955705252	920.751796712	24.8818322099	5682.8095967	4	0	0					
2	21	1	0	2071	60.4027040077	2.34138097537	0.015923534123	0.00255256002613	1267.55853224	5262	0.125881597689	310.785469279	25.9483086279	2233.209598	4	0	0					
2	22	1	0	2126	43.9595484478	1.36782690499	0.0107250441389	0.00144561503754	1090.39761671	3151	0.120826938812	248.675481617	32.4255791812	1865.13107951	4	0	0					
2	23	1	0	2378	13.0201850294	0.46047098402	0.00360262341587	0.000489668221858	982.181973857	1184	0.120956595783	261.932845348	28.7601351351	1829.41668882	4	0	0					
2	24	1	0	2315	14.7239740821	0.611663066955	0.00380899699451	0.0006630815584	876.416619551	1562	0.119071301395	203.220454899	24.0992317542	1509.74390254	4	0	0					
3	1	1	0	2370	9.73797468354	0.308016877637	0.00259037756831	0.000321654184923	937.5480787	812	0.121250976617	236.858945458	31.5455665025	1718.44636616	4	0	0					
3	2	1	0	2269	8.06346408109	0.278536800353	0.00201446475829	0.000286307175999	906.063039852	690	0.123161643099	230.987958765	29.4347826087	1640.03323914	4	0	0					
3	3	1	0	2121	8.95238095238	0.30645921735	0.00288262448324	0.000340789706081	940.807522654	719	0.130718324074	273.962681138	29.5744089013	1809.66615429	4	0	0					
3	4	1	0	2000	154.478	5.7225	0.0566378400537	0.00658680057386	2020.04522743	12409	0.144365278383	592.074777095	27.2341848658	3816.92503544	4	0	0					
3	5	1	0	2408	27.6648671096	0.993355481728	0.00684553037913	0.00104772853839	1038.66461399	2625	0.118528437137	244.614912774	28.0906666667	1842.37811067	4	0	0					
3	6	1	0	2106	11.1096866097	0.38603988604	0.0032799897657	0.000417486636647	960.56522413	888	0.126419255584	270.84164137	28.9572072072	1817.51428386	4	0	0					
3	7	1	0	2212	8.47151898734	0.280741410488	0.00287121618302	0.00029941877152	974.720501618	710	0.133549411787	318.545599939	30.5154929577	1924.82591464	4	0	0					
3	8	1	0	2148	8.40689013035	0.263500931099	0.00278257147093	0.000275416708565	978.899716767	635	0.139521022137	309.619247024	32.0850393701	1896.97502692	4	0	0					
3	9	1	0	2429	8.82873610539	0.325236722931	0.0035548964325	0.000340323729473	1023.23715462	861	0.141384133904	385.649239565	27.4761904762	2260.42490055	4	0	0					
3	10	1	0	1926	161.576843198	6.78037383178	0.0819467781247	0.00960162290479	2965.56276708	14163	0.157363576656	938.980477708	24.0715243945	5669.73335145	4	0	0					
3	11	1	0	2377	63.6638620109	2.23264619268	0.0198300080813	0.00272919849733	1716.25471146	5792	0.133427311725	439.285868358	28.7686464088	2941.05714259	4	0	0					
3	12	1	0	2394	20.0956558062	0.791562238931	0.00534551058723	0.00089547540235	1042.61171496	2047	0.121481022422	255.214566111	25.6800195408	1850.79485765	4	0	0					
3	13	1	0	2341	8.25202904742	0.256300726185	0.00280998822967	0.000279805803846	1004.01147274	666	0.134593768711	308.848296264	32.3768768769	1953.74673265	4	0	0					
3	14	1	0	2333	8.7003857694	0.267895413631	0.00336243393084	0.000297917485591	1049.98751977	680	0.142327994454	396.087798616	32.7720588235	2309.21486758	4	0	0					
3	15	1	0	2466	6.95052716951	0.237631792376	0.002606846563	0.000259577698451	990.917634036	665	0.138418774452	344.459976231	29.5187969925	2162.17355966	4	0	0					
3	16	1	0	2241	108.657742079	3.5890227577	0.0329355022559	0.0045545796127	1581.76722062	8671	0.125832320206	353.174873825	30.5074385884	2623.2027866	4	0	0					
3	17	1	0	2370	47.6628691983	1.79873417722	0.0123335532488	0.00209433497067	1237.92481478	4660	0.120755135447	280.907537697	26.7092274678	2123.83070742	4	0	0					
3	18	1	0	2273	9.27584689837	0.298724153102	0.00345955018008	0.000325185478455	976.327527543	742	0.139721084889	349.638359266	31.3787061995	2131.71507806	4	0	0					
3	19	1	0	2180	9.47247706422	0.305504587156	0.00345687800325	0.000337794971789	920.317538381	736	0.141406312737	316.48763036	31.1644021739	1878.5358299	4	0	0					
3	20	1	0	2233	6.96193461711	0.214957456337	0.00202731344816	0.000216892308824	952.440407863	532	0.132896974358	278.937283432	32.6597744361	1835.41071807	4	0	0					
3	21	1	0	2509	8.83220406536	0.265842965325	0.00398050966455	0.000331541415847	985.012878263	745	0.14175234139	405.781288991	33.7543624161	2419.30499233	4	0	0					
3	22	1	0	1961	118.40336563	4.54054054054	0.0369496165163	0.00483657560638	1501.93589547	9605	0.141084028904	447.351381318	26.2894325872	2845.33531524	4	0	0					
3	23	1	0	2215	9.61896162528	0.339051918736	0.00255391837137	0.00034673341551	894.258231651	834	0.126913578457	224.248452287	28.5431654676	1554.58435144	4	0	0					
3	24	1	0	2177	34.4579696831	1.35048231511	0.00805176696491	0.00136434728484	1025.04106863	3249	0.12410327395	239.156842235	25.7771622038	1728.42154689	4	0	0					
4	1	1	0	2212	159.59358047	5.86708860759	0.056879610852	0.00685204098598	1777.10129996	14000	0.148332527667	521.829143694	27.4064285714	3214.77539178	4	0	0					
4	2	1	0	2379	8.8377469525	0.288776796974	0.00256263869864	0.000292413616635	896.685287511	765	0.128989167279	254.212932429	30.7581699346	1683.81576659	4	0	0					
4	3	1	0	2314	10.5155574762	0.343993085566	0.00319547279488	0.000354009269527	996.417597669	870	0.128853484806	282.406367024	31.0379310345	1845.82689522	4	0	0					
4	4	1	0	2395	8.2509394572	0.258455114823	0.002851830634	0.000271701579811	948.312880167	682	0.135213736352	313.544160045	32.1788856305	1968.10423871	4	0	0					
4	5	1	0	2226	8.15184186882	0.260107816712	0.00266395411203	0.000264447437265	939.367511679	642	0.134372866622	316.929118928	31.6292834891	1953.93901571	4	0	0					
4	6	1	0	2315	8.08725701944	0.298920086393	0.00260797857482	0.000297651727693	949.888104014	766	0.132188594871	289.379713332	27.2075718016	1841.1231362	4	0	0					
4	7	1	0	1869	124.840021402	4.42108079187	0.0403538742062	0.00496086951791	1543.28028423	8890	0.13948532255	433.23133713	28.4346456693	2835.14986814	4	0	0					
4	8	1	0	2188	104.503199269	3.79936014625	0.032231016439	0.00451901452453	1533.40948686	9080	0.134219574647	389.802071911	27.75	2674.78022289	4	0	0					
4	9	1	0	2101	52.986197049	1.92670157068	0.012426528066	0.00205255835327	1208.30748587	4410	0.123892226727	271.303541893	27.6501133787	2039.14779459	4	0	0					
4	10	1	0	1986	11.3066465257	0.373111782477	0.00311903420086	0.000398108470625	1016.84735487	811	0.12427993394	257.289700328	30.6547472256	1852.61979132	4	0	0					
4	11	1	0	2184	8.41208791209	0.258241758242	0.00292610577154	0.000268509086831	1028.58984111	625	0.145269845797	400.837854733	32.9808	2398.5201144	4	0	0					
4	12	1	0	2104	7.9572243346	0.25427756654	0.00310920403044	0.000280230018498	1029.85157194	587	0.141165983519	383.921836157	31.6303236797	2303.93356422	4	0	0					
4	13	1	0	2235	79.2554809843	2.60492170022	0.0213156395406	0.00292687625355	1437.62744572	6383	0.124712020208	336.15622759	30.5536581545	2497.38751987	4	0	0					
4	14	1	0	2375	30.1435789474	1.23663157895	0.00757249455789	0.00141522231703	1126.8359373	3157	0.119340841802	254.865543005	24.6822933164	1934.3568688	4	0	0					
4	15	1	0	2138	13.4298409729	0.484097287184	0.00345488705514	0.000545531166061	1072.98050788	1135	0.122124966485	258.864018664	28.1629955947	1911.88335082	4	0	0					
4	16	1	0	2224	9.04901079137	0.291816546763	0.00250292962588	0.000304393562162	973.410901527	711	0.127495224461	257.811159239	31.5260196906	1768.58456158	4	0	0					
4	17	1	0	2137	9.35142723444	0.281235376696	0.00299500715198	0.000293011649813	946.462448976	662	0.133949793833	290.998492856	33.4728096677	1853.4842957	4	0	0					
4	18	1	0	2304	7.24782986111	0.205729166667	0.00181657056345	0.000213793755688	1006.48703255	506	0.124670102726	255.408472424	35.2944664032	1813.293825	4	0	0					
4	19	1	0	1820	143.272527473	5.51978021978	0.0654304762467	0.0067965249814	2314.0532863	10855	0.153526206772	814.802404047	26.0965453708	4686.99510527	4	0	0					
4	20	1	0	2228	82.0300718133	3.38734290844	0.0275205852534	0.00378742659453	1661.4497581	8121	0.138642070351	495.404562006	24.3962566186	3115.77800052	4	0	0					
4	21	1	0	2358	23.6611535199	0.899915182358	0.00598094933195	0.000987918362898	1102.02187483	2322	0.121948517517	256.758015069	26.4237726098	1896.21187903	4	0	0					
4	22	1	0	2179	13.1468563561	0.46902248738	0.00324150338734	0.000487790261893	955.125119516	1095	0.121686281995	233.365510025	28.4136986301	1679.59571198	4	0	0					
4	23	1	0	2219	11.3154574132	0.363677332132	0.00266798225783	0.000374883604502	936.763635342	879	0.121058638615	213.998012508	31.2980659841	1544.87853187	4	0	0					
4	24	1	0	1882	153.460680128	6.99202975558	0.0578940379535	0.00814196211787	2274.42011035	14607	0.152391864308	691.50213603	22.1181625248	4152.90567162	4	0	0					
5	1	1	0	1981	152.677435639	5.3851590106	0.0523823830451	0.0062932071794	1607.32560908	11683	0.145353724714	461.064030127	28.4935376188	2894.78734986	4	0	0					
5	2	1	0	2228	10.2410233393	0.347396768402	0.00271325710541	0.000354363649426	881.651394061	865	0.124868436178	241.990340845	29.4809248555	1704.12750893	4	0	0					
5	3	1	0	2110	12.4075829384	0.394312796209	0.00406992734011	0.000390977714266	942.90341387	916	0.137767029949	329.466454716	31.7412663755	1976.54435021	4	0	0					
5	4	1	0	2152	182.821096654	6.38057620818	0.0892928687238	0.00780982322223	3330.55134558	14921	0.156712526966	1091.64199364	28.6790429596	6530.62052599	4	0	0					
5	5	1	0	2437	139.594993845	6.03487894953	0.055736199463	0.00697465009452	2147.38441899	16008	0.143502945198	649.576364901	23.2356946527	4164.15276365	4	0	0					
5	6	1	0	2288	69.1875	3.02272727273	0.0185616364864	0.00326965570343	1250.42408649	7492	0.126025512374	317.448850836	23.1521623065	2260.08077816	4	0	0					
5	7	1	0	2228	15.526481149	0.531867145422	0.00381464374836	0.000569626542236	1014.68960223	1308	0.121123020311	250.946279062	29.7308868502	1813.3430399	4	0	0					
5	8	1	0	2208	9.66802536232	0.294384057971	0.00314205160192	0.000305852209367	1080.59470172	709	0.132338045568	329.615274374	33.509167842	2123.9170875	4	0	0					
5	9	1	0	2089	9.13738630924	0.299664911441	0.00303701592542	0.000310159388353	1007.98842627	690	0.13678483889	352.438355602	30.7202898551	2164.29033998	4	0	0					
5	10	1	0	1757	145.960159363	5.72908366534	0.0930331415778	0.00780029225927	3750.32904906	10933	0.160891928328	1451.33189338	25.706119089	8355.12517069	4	0	0					
5	11	1	0	2133	131.662447257	5.36896390061	0.0601918182951	0.0066122743357	2316.49086764	12545	0.145570541208	767.741342547	24.8190514149	4857.46345838	4	0	0					
5	12	1	0	2019	58.1852402179	2.05844477464	0.0148640254725	0.00211537882429	1289.46886132	4565	0.123087766626	322.315867884	28.6265060241	2421.89843581	4	0	0					
5	13	1	0	2152	9.18169144981	0.308085501859	0.00324216765842	0.000328010835903	1024.11209055	748	0.13992360432	385.414527471	30.5454545455	2335.44210559	4	0	0					
5	14	1	0	2278	7.79806848112	0.216856892011	0.0030884247651	0.000238318587573	1051.17412795	544	0.143936499899	396.678270393	36.1213235294	2357.0395421	4	0	0					
5	15	1	0	2345	7.56119402985	0.21236673774	0.00283927027798	0.000222281431604	1030.1907054	549	0.146241566456	407.961936726	36.0127504554	2347.04598106	4	0	0					
5	16	1	0	2219	107.980621902	3.50788643533	0.0269341478119	0.00386946640635	1463.48696203	8521	0.122944269443	308.410727724	30.974064077	2365.71513025	4	0	0					
5	17	1	0	2274	46.798592788	1.4709762533	0.0115847178045	0.00156926310046	1195.61312315	3624	0.12155954473	285.08081611	32.1536975717	2092.5562821	4	0	0					
5	18	1	0	2308	11.1321490468	0.377816291161	0.00361634470748	0.000424885201953	990.612803996	963	0.131517771651	314.281513429	30.0581516096	2033.14374439	4	0	0					
5	19	1	0	2230	9.67892376682	0.315695067265	0.0033564387408	0.000339512160542	949.372243209	787	0.136433017161	311.847774133	31.0787801779	1979.48205675	4	0	0					
5	20	1	0	2190	10.3356164384	0.326484018265	0.00342987055908	0.000314797260728	923.993411189	788	0.137100070046	318.208849869	31.7576142132	1934.70690169	4	0	0					
5	21	1	0	2261	11.4878372402	0.333038478549	0.00442046308369	0.000336089052274	989.926693916	843	0.143631949992	435.219445934	34.4045077106	2538.74817518	4	0	0					
5	22	1	0	2021	70.4344383968	2.36813458684	0.0181070111561	0.00248532836682	1145.43741535	5301	0.122592392754	263.690116451	29.9226561026	2011.00405913	4	0	0					
5	23	1	0	2034	28.2782694199	0.719764011799	0.00698070684462	0.000770594658643	985.810342418	1604	0.119522019591	245.684529844	39.6851620948	1820.49373991	4	0	0					
5	24	1	0	2231	156.364410578	8.19811743613	0.0563432160904	0.00941962743501	1658.9769339	19796	0.150761258404	483.973441382	19.1770054556	2942.3229832	4	0	0					
6	1	1	0	2041	15.2944634983	0.42969132778	0.00388180089834	0.000445929118093	934.81437505	993	0.121727906648	240.448083234	35.1500503525	1730.02833481	4	0	0					
6	2	1	0	1978	167.576845298	6.18756319515	0.0665910081548	0.00777091600932	2058.50618305	13246	0.150710526238	606.771373877	27.3009965273	3739.50543345	4	0	0					
6	3	1	0	2287	11.7634455619	0.368167905553	0.00340764642237	0.000400855056069	944.006335491	937	0.125676181511	260.733868255	31.7470651014	1786.22275041	4	0	0					
6	4	1	0	2155	11.3303944316	0.313689095128	0.00347837217532	0.00031924638291	944.879999159	765	0.129644090157	293.1030079	36.137254902	1904.29075985	4	0	0					
6	5	1	0	2310	9.49653679654	0.321645021645	0.0029845309879	0.000336593825789	983.901107057	815	0.133582683487	306.042202082	29.6969325153	1950.88529041	4	0	0					
6	6	1	0	2227	125.535249214	4.56937584194	0.0420394943942	0.00530968673945	1693.43678872	11008	0.135778847095	466.206503387	27.5856649709	3174.41292707	4	0	0					
6	7	1	0	1826	48.5547645126	1.80065717415	0.0117186434536	0.00199790051867	1158.01229459	3615	0.118919920881	257.120869161	26.9222683264	1983.53507583	4	0	0					
6	8	1	0	2202	13.4582198002	0.445049954587	0.00375980095635	0.000478647115758	1008.73006127	1074	0.123415914291	269.748841937	30.4134078212	1934.16144621	4	0	0					
6	9	1	0	2241	7.63319946452	0.23114680946	0.00305370613167	0.000251607282735	1002.0362841	572	0.14247155695	383.296313611	33.6905594406	2281.17979007	4	0	0					
6	10	1	0	2288	9.05332167832	0.328671328671	0.00310766448639	0.000370463383544	1018.77238227	832	0.135623690428	342.345807072	27.6021634615	2208.8994913	4	0	0					
6	11	1	0	2257	8.06380150642	0.301284891449	0.00284865488217	0.000310048089945	1023.6942956	737	0.137640713478	359.868234886	27.2700135685	2258.82725194	4	0	0					
6	12	1	0	2094	102.600764088	4.19723018147	0.0260349948129	0.00454543065244	1442.18275025	9573	0.128162836596	333.880984928	24.5439256242	2444.25415534	4	0	0					
6	13	1	0	2209	25.9298325034	0.926210955183	0.00655088503165	0.000978646845115	1092.87201846	2247	0.121886825043	266.073845422	28.2283044059	1955.76124866	4	0	0					
6	14	1	0	2313	7.75097276265	0.224383916991	0.00230662197143	0.000250916565328	1027.37535052	565	0.123169351304	269.856489245	34.5415929204	1845.11686854	4	0	0					
6	15	1	0	2192	8.54197080292	0.308850364964	0.00238785209057	0.000311511917105	1037.04051019	738	0.126113674714	288.70124416	28.5474254743	1974.64933155	4	0	0					
6	16	1	0	2130	7.88544600939	0.254460093897	0.00210805740898	0.000275907915244	984.067895043	590	0.125085682029	244.486582908	31.0847457627	1734.58777077	4	0	0					
6	17	1	0	2182	8.60769935839	0.242438130156	0.00285892619932	0.000280301180854	1052.19348117	576	0.133820207557	342.096161931	35.8975694444	2132.38834152	4	0	0					
6	18	1	0	2180	69.8816513761	2.35779816514	0.0222713133601	0.00276430204146	1530.94756367	5593	0.127436390832	413.069620011	29.8526729841	2929.28894608	4	0	0					
6	19	1	0	2299	20.573292736	0.600260983036	0.00649558279964	0.000706049367334	1454.73250637	1517	0.129161452392	387.662783866	34.1219512195	2592.85109619	4	0	0					
6	20	1	0	2253	14.4420772304	0.435419440746	0.00487453438968	0.000586327592156	1154.57956224	1075	0.128610094996	327.283643909	33.5711627907	2216.62459555	4	0	0					
6	21	1	0	2165	10.4272517321	0.350115473441	0.00290066493269	0.00037959665191	995.149222578	832	0.126103123059	260.75210562	30.207932692299998	1821.14143295	4	0	0					
6	22	1	0	2183	11.9473202016	0.442510306917	0.00298384932595	0.000479386173438	920.011063697	1057	0.119591592371	212.774946054	27.4068117313	1564.89656572	4	0	0					
6	23	1	0	1803	155.410427066	6.15418746534	0.0608060298241	0.00720450145361	2440.83791662	12106	0.152341350394	751.565084962	25.4616718982	4525.26576256	4	0	0					
6	24	1	0	2142	12.7661064426	0.43370681606	0.0033385622104	0.000459756386768	920.261795743	1007	0.121255786105	246.984998688	29.5491559086	1721.56074599	4	0	0					
7	1	1	0	2049	120.018057589	4.66129819424	0.0475175954971	0.00541104575333	1534.49593903	10532	0.155142111057	581.79996442	25.6823965059	3338.66046414	4	0	0					
7	2	1	0	2042	137.898628795	5.60381978452	0.0440348783117	0.006418289069	1395.8761937	12454	0.143344181282	397.107100612	24.9214710133	2534.97148394	4	0	0					
7	3	1	0	2183	38.9005955108	1.59734310582	0.0112244689909	0.00171179648722	1046.08086113	3853	0.133165069109	313.483268376	24.4988320789	2070.16172743	4	0	0					
7	4	1	0	2025	14.452345679	0.530864197531	0.00395380847509	0.000523473989096	959.287550752	1220	0.128530572853	285.19228173	27.1040983607	1880.99935678	4	0	0					
7	5	1	0	2110	7.41611374408	0.210426540284	0.00219848827454	0.000228740792682	946.476231893	504	0.132545512887	305.033506832	35.7222222222	2020.14469446	4	0	0					
7	6	1	0	2397	6.86858573217	0.222778473091	0.00252296353018	0.000236216024595	933.243567767	598	0.137201504716	317.650870473	30.6421404682	1959.27140628	4	0	0					
7	7	1	0	2161	6.34289680703	0.204534937529	0.0019660400413	0.000210318732382	973.373017231	493	0.134632581238	306.50928708	30.9574036511	1858.67500148	4	0	0					
7	8	1	0	2025	166.750123457	6.68691358025	0.0572293286273	0.00707158107342	1760.22462347	14864	0.151877626353	537.496850048	25.1006458558	3259.39253583	4	0	0					
7	9	1	0	1965	60.6804071247	2.24885496183	0.0129172627058	0.00216208824994	1208.24937989	4860	0.124369289456	282.96664217	27.2242798354	2097.90099346	4	0	0					
7	10	1	0	2054	13.1041869523	0.484907497566	0.00317161117986	0.000450553232424	1020.70495615	1118	0.126381708943	275.132425449	27.1887298748	1886.66720842	4	0	0					
7	11	1	0	2089	6.51699377693	0.228338918143	0.00252096131328	0.00023315548658	975.741229707	539	0.144722566736	376.652083587	28.6270871985	2252.5116517	4	0	0					
7	12	1	0	2117	6.08644307983	0.20075578649	0.00186860161051	0.000200371748407	1005.65045276	494	0.135829605637	321.551200167	30.1153846154	2113.63687199	4	0	0					
7	13	1	0	2187	7.25788751715	0.225422953818	0.00291437595115	0.000233363702972	1017.39878895	542	0.147873372355	422.126205006	32.352398524	2423.71942824	4	0	0					
7	14	1	0	2117	104.596126594	4.13131790269	0.0342336535098	0.00451780996424	1584.82961251	9491	0.143483421264	488.099404162	25.6017279528	3076.8320816	4	0	0					
7	15	1	0	2298	39.7075718016	1.61966927763	0.0130748693195	0.00184366501541	1193.2629747	4189	0.140489121716	376.48792712	24.8068751492	2356.42914881	4	0	0					
7	16	1	0	2286	12.4566929134	0.536307961505	0.00339020736139	0.000586751199963	971.698343409	1370	0.122033588985	233.909765379	23.400729927	1684.27693531	4	0	0					
7	17	1	0	2081	7.36761172513	0.236905333974	0.00218335434054	0.000238756302062	933.777699929	546	0.129478753041	268.398606454	31.4102564103	1751.27614341	4	0	0					
7	18	1	0	2056	8.22324902724	0.244649805447	0.00299433163168	0.000253625911147	982.801895382	554	0.138733557655	347.600363672	33.6516245487	2095.01918765	4	0	0					
7	19	1	0	2195	8.24874715262	0.286104783599	0.0031562458275	0.000302401924193	976.657567305	715	0.13785384157	359.559578017	29.1412587413	2198.82217801	4	0	0					
7	20	1	0	1931	156.757638529	5.94769549456	0.0615120974427	0.00771109883735	1966.68871791	12420	0.146026128298	537.357346523	26.4690821256	3441.50330565	4	0	0					
7	21	1	0	2210	113.37918552	4.50226244344	0.0318661136901	0.0051452528532	1345.50913314	10954	0.131390363342	316.634961098	25.3523826913	2265.77620144	4	0	0					
7	22	1	0	2123	35.0296749882	1.42204427697	0.00822314058424	0.0014589941086	955.026589396	3294	0.121654313297	217.424256877	24.7462052216	1646.28483463	4	0	0					
7	23	1	0	1697	167.591632292	7.0347672363	0.0632869165463	0.00822625418489	1769.84446952	13176	0.150546326952	505.317916999	23.8801608986	3101.35380491	4	0	0					
7	24	1	0	2092	14.4340344168	0.555927342256	0.00337966705874	0.00056325887961	855.584119976	1291	0.11942950238	192.75867991	26.2455460883	1449.00190316	4	0	0					
8	1	1	0	2264	7.77075971731	0.229240282686	0.0022569447522	0.000236227268654	933.456463532	574	0.130122278185	255.909915317	33.93728223	1733.43367875	4	0	0					
8	2	1	0	2322	7.96856158484	0.269595176572	0.00248107046938	0.000296114205931	909.711830199	709	0.126665981996	264.091464917	29.6135401975	1771.94611195	4	0	0					
8	3	1	0	2272	7.57790492958	0.275528169014	0.00260720366463	0.000299162465587	932.668994704	716	0.129974949763	259.44920688	27.9567039106	1725.10562507	4	0	0					
8	4	1	0	2040	164.707352941	6.35882352941	0.0659540172113	0.0069653103481	2015.86531244	14294	0.154455512749	684.9067473	26.1538407724	4082.33369281	4	0	0					
8	5	1	0	2226	112.357592093	3.70889487871	0.0300737591405	0.00377353673716	1438.00739687	9195	0.13364276471	388.33144314	30.3747688961	2663.54403007	4	0	0					
8	6	1	0	2019	22.882615156	0.829618623081	0.00499112860975	0.000765547344493	1010.15614474	1841	0.122080256588	246.579777568	27.5828354155	1800.94536135	4	0	0					
8	7	1	0	2296	8.00566202091	0.306620209059	0.00233408367002	0.000319405585094	966.768330207	772	0.128668165297	269.285464699	26.7810880829	1812.96042525	4	0	0					
8	8	1	0	2217	7.71132160577	0.272891294542	0.00282699837303	0.000273753183633	1024.38296055	679	0.138333648295	369.677303935	28.8070692194	2210.4878807	4	0	0					
8	9	1	0	2280	7.13157894737	0.233333333333	0.00249196631706	0.000234094908139	986.639199286	580	0.136969949209	334.189049527	30.4465517241	2038.0196044	4	0	0					
8	10	1	0	2132	25.4324577861	1.02063789869	0.00665139257682	0.00113301534313	1074.95037825	2376	0.124599620009	267.167413083	25.029040404	1916.61206076	4	0	0					
8	11	1	0	2063	8.31410567135	0.280174503151	0.00248791442331	0.000301714553448	975.325918715	657	0.128903049216	267.953530043	29.8919330289	1790.52911363	4	0	0					
8	12	1	0	2045	7.26112469438	0.234718826406	0.00252266572621	0.000254398792576	1018.75288922	545	0.132031694227	329.230279166	31.2256880734	2111.96197135	4	0	0					
8	13	1	0	2117	6.98393953708	0.224846480869	0.0027342689067	0.0002383276297	1007.5530159	529	0.136596734124	412.302508684	31.0888468809	2405.60589721	4	0	0					
8	14	1	0	2078	110.837824832	4.6135707411	0.0451265501354	0.00609815649149	1640.14514555	10216	0.145060289097	513.052867801	24.1619028974	3079.74114769	4	0	0					
8	15	1	0	2133	39.8377871542	1.55227379278	0.0120836954787	0.0017775332977	1178.39653484	3613	0.133908583853	341.638339129	25.7680597841	2242.86516557	4	0	0					
8	16	1	0	1853	125.276848354	4.78035617917	0.0551808151259	0.00647826976085	1979.69834202	9650	0.147539468927	617.934330352	26.3633160622	3792.98322764	4	0	0					
8	17	1	0	1971	96.2592592593	3.67529173009	0.0382659928053	0.00434342131974	1666.64625065	7909	0.148455460926	580.89748757	26.4034644076	3395.2096081	4	0	0					
8	18	1	0	1983	62.7256681795	2.84316691881	0.0186213611259	0.00306172526789	1215.98910901	6183	0.135557658526	352.847658678	22.2983988355	2313.20017464	4	0	0					
8	19	1	0	2051	10.4861043393	0.374451487079	0.0026777071267800002	0.000385673125578	931.208029577	860	0.123679660396	236.530872699	28.2488372093	1604.77324469	4	0	0					
8	20	1	0	2386	6.95725062867	0.21332774518	0.00192824885044	0.000220681990414	1017.17603623	556	0.127802347488	287.731621013	33.0539568345	1903.18317785	4	0	0					
8	21	1	0	2113	9.08471367724	0.243256034075	0.00217092522139	0.00024219590227	928.861448993	567	0.125048952598	260.152965088	37.6578483245	1755.30815221	4	0	0					
8	22	1	0	1922	81.249219563	3.17689906348	0.0251501405993	0.00369550463938	1263.16164666	6630	0.137674994317	361.304626696	25.7573152338	2379.19007476	4	0	0					
8	23	1	0	2125	50.3816470588	2.02023529412	0.0117590201118	0.00202889368347	1052.10200202	4640	0.125042643577	245.09156733	25.2502155172	1793.14702449	4	0	0					
8	24	1	0	2113	11.8324656886	0.458116422149	0.00245950796036	0.000426301439927	923.59379437	1080	0.120099410126	210.36681242	25.7916666667	1557.9315049	4	0	0					
9	1	1	0	2145	11.6941724942	0.358974358974	0.00321971035046	0.000366336959175	857.531448746	856	0.12883073759	249.071453389	32.535046729	1651.12929766	4	0	0					
9	2	1	0	1981	15.8626956083	0.560323069157	0.00419276703918	0.000576555459191	862.254419027	1218	0.12278551337	217.259161327	28.4597701149	1562.68101072	4	0	0					
9	3	1	0	2184	7.87912087912	0.229853479853	0.00245549570478	0.000235715518405	868.422339116	565	0.13399269614	282.690334687	35.1274336283	1762.11352967	4	0	0					
9	4	1	0	2272	8.05501760563	0.25176056338	0.00247342668207	0.000253219796281	902.046689014	619	0.13015903974	279.545606899	31.859450727	1850.47118649	4	0	0					
9	5	1	0	2194	7.93664539654	0.229261622607	0.00250134795602	0.000239903570254	926.080769829	568	0.132222538932	289.328100973	34.8274647887	1863.23234721	4	0	0					
9	6	1	0	2063	82.1541444498	2.87348521571	0.0206678537644	0.0032252070674	1196.62703285	6600	0.124316763966	272.114846414	28.5551515152	2055.20253888	4	0	0					
9	7	1	0	2094	23.6189111748	0.650429799427	0.00563058915631	0.000730152750035	1022.987659	1550	0.119894060671	227.261351758	36.4967741935	1736.78594286	4	0	0					
9	8	1	0	2091	9.88139646102	0.345767575323	0.00350661568841	0.000358502101744	1004.20871131	822	0.139671682908	361.420934046	28.7238442822	2141.78589253	4	0	0					
9	9	1	0	2021	8.87926768926	0.337951509154	0.00288143270688	0.000353934940243	962.776380711	779	0.132298230321	284.58189041	26.1681643132	1862.15723192	4	0	0					
9	10	1	0	1977	7.99342438037	0.272635306019	0.00250477618817	0.000283343402937	973.626136416	615	0.135236676338	297.098022087	29.1918699187	1868.18986106	4	0	0					
9	11	1	0	1982	7.73562058527	0.243188698285	0.00252432826515	0.00025286819247	959.979308617	548	0.138524207332	332.720307375	32.2427007299	2105.91146578	4	0	0					
9	12	1	0	2070	109.752657005	4.24106280193	0.0328904985481	0.00482469347292	1618.20764344	9593	0.133649253356	430.430349713	26.01323882	2947.11613244	4	0	0					
9	13	1	0	2284	16.6611208406	0.567863397548	0.00466873795961	0.000648563527883	1056.01978944	1428	0.122372355243	263.141785321	29.7058823529	1901.15119806	4	0	0					
9	14	1	0	2220	9.79189189189	0.348648648649	0.00313870512178	0.000367607158209	1009.91554167	853	0.134012184308	307.143929904	28.5545134818	1948.25284386	4	0	0					
9	15	1	0	2117	8.94000944733	0.260273972603	0.0024927967172	0.000293718642331	971.302698367	616	0.130814419272	292.348525359	35.1331168831	1977.37412808	4	0	0					
9	16	1	0	2201	7.97455701954	0.25215810995	0.00288882606051	0.00026362574862	1018.65389698	621	0.143521261289	363.295333759	32.3381642512	2168.15414359	4	0	0					
9	17	1	0	2103	8.48739895388	0.290537327627	0.00286452811263	0.000301118819144	956.655114864	674	0.135513151019	296.076297355	29.3456973294	1913.15954299	4	0	0					
9	18	1	0	2097	149.424415832	5.73152122079	0.0554111457113	0.00687867574754	2042.76434257	13006	0.143139285771	578.729301159	26.286406274	3747.73752352	4	0	0					
9	19	1	0	2095	79.4181384248	3.20572792363	0.0199578150654	0.00356130924077	1144.7253487	7373	0.125291366293	262.262322137	24.9518513495	1946.42408362	4	0	0					
9	20	1	0	2114	17.8831598865	0.562440870388	0.00461872333814	0.000588683030803	937.986251771	1337	0.12243592642	234.251012613	31.7621540763	1649.96218123	4	0	0					
9	21	1	0	1985	10.6841309824	0.326952141058	0.0030982155643	0.000337153815187	882.093086393	729	0.12923706871	264.65024957	32.3593964335	1728.88091149	4	0	0					
9	22	1	0	2228	10.5852782765	0.362208258528	0.00360497621646	0.000374833089891	928.619591822	892	0.132260255577	321.130440929	29.2522421525	1984.58344929	4	0	0					
9	23	1	0	2131	11.6213045519	0.374941342093	0.00373439421358	0.000381926200477	872.214038029	878	0.134958595347	281.484245579	30.9498861048	1759.2187907	4	0	0					
9	24	1	0	2063	10.5671352399	0.356761997092	0.00331385486491	0.000342659739396	957.01606738	825	0.132709334511	299.365213642	29.5212121212	1880.8159217	4	0	0					
10	1	1	0	1705	133.365982405	4.75131964809	0.0398789309503	0.00511437312316	1350.15723159	8826	0.142405401098	388.136486067	28.3073872649	2486.06037934	4	0	0					
10	2	1	0	2085	58.6541966427	2.49304556355	0.0131349350885	0.00267826865924	987.09372823	5777	0.12472516305	217.745656466	23.6887657954	1630.57260141	4	0	0					
10	3	1	0	2199	14.9781718963	0.542974079127	0.00400669127863	0.000565084525148	910.269091421	1327	0.124313088409	236.793366767	27.4204973625	1665.04553702	4	0	0					
10	4	1	0	2323	7.97890658631	0.24192854068	0.00279203211172	0.000252978446112	925.061866291	631	0.134753174073	320.627982104	32.2868462758	1942.57209674	4	0	0					
10	5	1	0	2183	9.2620247366	0.291342189647	0.00341453779088	0.000316456237747	1021.24934985	708	0.140784113527	391.613292927	31.7316384181	2379.97530379	4	0	0					
10	6	1	0	2237	7.74027715691	0.246759052302	0.00244982140247	0.000265294291443	965.28510995	609	0.136246050753	318.162557166	32.0229885057	1959.19921809	4	0	0					
10	7	1	0	1915	117.898172324	4.85274151436	0.0358015232542	0.0053710757631	1674.55726419	10035	0.133936416245	441.608751905	24.4090682611	3082.85012491	4	0	0					
10	8	1	0	2072	48.2277992278	1.92084942085	0.0112399835066	0.00206397956924	1149.6387007	4393	0.120454246216	254.704542416	25.0974277259	1944.73345141	4	0	0					
10	9	1	0	2200	14.2977272727	0.481818181818	0.00406662410564	0.000522939550222	1018.23590693	1183	0.126713577969	301.000874634	29.7937447168	1985.51108464	4	0	0					
10	10	1	0	2068	8.74564796905	0.235493230174	0.0030686855554	0.000267000631017	1003.12855904	543	0.142612455015	356.187821214	38.1104972376	2143.74011535	4	0	0					
10	11	1	0	2130	9.45915492958	0.270422535211	0.00328946774919	0.00028934196341	979.27072039	659	0.136332160516	319.453177875	34.746585736	1958.52463849	4	0	0					
10	12	1	0	2036	6.90422396857	0.230353634578	0.00281693176501	0.000244878783594	983.069145771	523	0.139438055638	340.430118503	29.948374761	2033.73179555	4	0	0					
10	13	1	0	1973	90.4581855043	3.10947795236	0.0289330961258	0.0036283373828	1613.44884254	6659	0.131665371425	437.717378178	29.3254242379	2996.15912072	4	0	0					
10	14	1	0	2024	29.1422924901	0.997529644269	0.00731027142861	0.00111503314202	1106.98296129	2252	0.119064621217	260.535718423	29.7402309059	1940.70890134	4	0	0					
10	15	1	0	2185	10.3638443936	0.335926773455	0.00258696526466	0.000343295030319	1033.97682225	819	0.124850537169	257.009544714	31.1721611722	1811.50767873	4	0	0					
10	16	1	0	2133	7.4711673699	0.242381622128	0.00201183255346	0.000271273023682	982.105676553	587	0.126698121708	248.818365827	30.8756388416	1720.94429638	4	0	0					
10	17	1	0	2054	9.8417721519	0.30282375852	0.00286285002419	0.000299550484956	1015.93247098	678	0.133277940815	313.966934699	32.5899705015	2059.38481899	4	0	0					
10	18	1	0	2153	8.05991639573	0.271249419415	0.00210204321004	0.000271065292561	1002.08139482	628	0.126045246412	272.534863642	29.9140127389	1852.11732425	4	0	0					
10	19	1	0	2078	101.475938402	4.08469682387	0.0355910069061	0.00451157988045	1777.07371164	9243	0.138935061405	572.515032614	25.0476035919	3485.13914493	4	0	0					
10	20	1	0	2034	52.0452310718	1.94149459194	0.0153071443234	0.00208203623281	1266.52062971	4292	0.132098943957	382.296251794	26.9328984157	2497.02150931	4	0	0					
10	21	1	0	2186	9.24428179323	0.284080512351	0.00246710448001	0.000316189079513	939.309635416	684	0.122165353192	224.279110694	32.850877193	1625.49914026	4	0	0					
10	22	1	0	2212	10.5569620253	0.341320072333	0.00290569910893	0.00035779573915	899.569013181	826	0.121437116797	226.586912385	31.4322033898	1596.57973762	4	0	0					
10	23	1	0	2095	11.0381861575	0.364677804296	0.00271717536506	0.000374575915769	893.27787456	836	0.121513828734	240.321458489	30.2392344498	1707.09671551	4	0	0					
10	24	1	0	2231	11.001792918	0.384580905424	0.00243509401648	0.000389215616981	913.681851631	955	0.116520192259	189.777438556	28.7267015707	1478.4453768	4	0	0					
11	1	1	0	1835	175.382561308	7.14877384196	0.0772536221225	0.00727581657471	2229.49858855	14360	0.171315115609	897.08479598	24.6810584958	4863.68153621	4	0	0					
11	2	1	0	1981	8.64664310954	0.303886925795	0.00219202285941	0.000295249998424	911.781027486	708	0.124879627963	250.101512001	28.5028248588	1712.54301931	4	0	0					
11	3	1	0	1918	150.565172054	5.45203336809	0.0729039512934	0.00645795286601	2224.37458511	11407	0.159321129022	858.496319907	27.7593582888	4974.01165406	4	0	0					
11	4	1	0	1944	139.29526749	5.21193415638	0.06129866545	0.00576367471489	1994.28333338	11094	0.153049726518	768.28876289	26.8306291689	4563.49906336	4	0	0					
11	5	1	0	2252	9.96536412078	0.264653641208	0.00293456197127	0.000279499857441	963.344505276	667	0.132613966308	295.09232793	37.6581709145	1911.50889871	4	0	0					
11	6	1	0	2184	7.96611721612	0.2413003663	0.00263281206469	0.000263168010874	945.756384697	574	0.138143261123	304.864988003	33.4303135889	1901.76299191	4	0	0					
11	7	1	0	2069	8.42145964234	0.262928951184	0.00263572324131	0.000274606229766	954.191130051	618	0.132423056649	281.433701958	32.2605177994	1842.66213919	4	0	0					
11	8	1	0	1958	87.7139938713	2.52196118488	0.0246525610003	0.00310403952996	1399.98858032	5373	0.125146549414	330.269610078	34.8181648986	2455.36364405	4	0	0					
11	9	1	0	1753	35.2458642327	1.06674272675	0.00815477461599	0.00115517153946	1105.88561105	2083	0.12030685946	257.540441376	32.9015842535	1944.24041118	4	0	0					
11	10	1	0	2013	5.88375558867	0.185792349727	0.00151945523119	0.000192641837831	1019.95709377	422	0.127543407052	257.972831126	32.3199052133	1763.03999771	4	0	0					
11	11	1	0	2068	6.42117988395	0.189071566731	0.00219264244331	0.0001990460139	991.593598901	450	0.137932299214	345.426758187	33.68	2047.31160009	4	0	0					
11	12	1	0	2065	6.90847457627	0.233898305085	0.00242989501342	0.000248062594879	995.398332371	549	0.141395058582	345.142338012	30.2604735883	2083.87257043	4	0	0					
11	13	1	0	2151	7.25615992562	0.214318921432	0.00250289523198	0.000250848554257	999.998281343	516	0.142133965407	330.236447265	34.0968992248	2035.54111087	4	0	0					
11	14	1	0	1981	7.92932862191	0.302372539122	0.00248391320083	0.000320695060827	972.074197372	666	0.132889832164	304.601552588	26.6021021021	1961.37671343	4	0	0					
11	15	1	0	2107	7.89700996678	0.272425249169	0.00300635232454	0.000296056818017	1029.25478026	664	0.136849827306	402.709515539	29.6957831325	2440.30238179	4	0	0					
11	16	1	0	2193	6.92795257638	0.207478340173	0.00212452044623	0.000237462536068	965.389967843	487	0.13102144937	271.568923679	33.3264887064	1829.57442209	4	0	0					
11	17	1	0	2220	88.0648648649	3.30495495495	0.0224913095165	0.00385914253224	1360.42429733	8067	0.121157115468	276.247808942	26.8562042891	2121.99234442	4	0	0					
11	18	1	0	2017	28.7887952405	1.02280614774	0.00690389387689	0.00105308290896	1086.45598906	2268	0.120909406784	252.353649225	28.3884479718	1866.81589723	4	0	0					
11	19	1	0	2018	14.882061447	0.536669970268	0.00391286165821	0.000548376545128	994.990129794	1183	0.124812088308	273.739986954	28.2299239222	1872.69006816	4	0	0					
11	20	1	0	2028	112.401873767	4.05966469428	0.0288389740894	0.00450120486924	1285.57769067	9018	0.126571144487	280.484375466	27.9282546019	2089.37846598	4	0	0					
11	21	1	0	2031	61.2757262432	2.32496307238	0.0168864996899	0.00238284291178	1081.89277051	5267	0.131402431383	313.456996632	26.6352762483	2073.39657194	4	0	0					
11	22	1	0	2148	14.624301676	0.578677839851	0.0037340757276	0.000619793213369	859.031083628	1377	0.124958374998	213.334631358	25.9404502542	1494.45589782	4	0	0					
11	23	1	0	2129	7.98778769375	0.231564114608	0.00233201262941	0.000232408966665	1155.36971762	545	0.135904887545	358.856840955	35.4	2182.68999472	4	0	0					
11	24	1	0	2038	11.865063788	0.430323846909	0.00290000222001	0.00041963887231	904.751697746	944	0.124345159243	225.855972837	27.8675847458	1601.0389657	4	0	0					
12	1	1	0	1969	147.933976638	5.66226510919	0.0500678268168	0.00633775131771	1749.5674211	12327	0.147436663853	525.78926543	26.2104323842	3256.68224333	4	0	0					
12	2	1	0	2113	10.5792711784	0.325130146711	0.00347657012898	0.000325357005446	920.383982991	756	0.13365717748	319.690700513	32.6666666667	1962.53377587	4	0	0					
12	3	1	0	2294	7.65649520488	0.238884045336	0.00240380012942	0.00025413980191	928.614278067	619	0.133700089791	294.712996556	32.2778675283	1891.20179761	4	0	0					
12	4	1	0	2354	6.97153780799	0.195836873407	0.00204500834237	0.000211779751607	899.742051191	509	0.132049831083	309.402690209	35.742632613	2018.3037875	4	0	0					
12	5	1	0	1955	46.5345268542	1.64040920716	0.0119759470461	0.00169348266943	1088.97722059	3612	0.129384893715	300.964261203	28.5199335548	2022.49888058	4	0	0					
12	6	1	0	1997	24.0340510766	0.898347521282	0.00584167519835	0.000927993585522	1017.24625368	1997	0.12530368311	255.674513822	26.8863294942	1781.53328619	4	0	0					
12	7	1	0	2248	9.40080071174	0.293149466192	0.00276089122062	0.000301583173109	1002.88280323	749	0.130817529049	295.815764727	32.1602136182	1929.59570888	4	0	0					
12	8	1	0	2013	8.94287133631	0.27521112767	0.00314082632039	0.000285488209251	1030.921902	615	0.139288140138	377.26528575	32.4943089431	2248.52761038	4	0	0					
12	9	1	0	2052	7.92105263158	0.310916179337	0.00220034402813	0.000309787493678	1008.79660723	698	0.132007969179	293.388734269	25.7277936963	1930.50828585	4	0	0					
12	10	1	0	2147	9.65905915231	0.34140661388	0.00322024695558	0.000363092019922	1046.76099382	801	0.133738539686	345.608365972	28.5805243446	2263.87095835	4	0	0					
12	11	1	0	1744	81.0321100917	3.02809633028	0.031676844861	0.00339289568217	1875.20897533	5888	0.155958094721	745.084790412	26.9746942935	4190.09509742	4	0	0					
12	12	1	0	1819	55.7866959868	1.74106652007	0.0179278243235	0.00185948841662	1367.42149749	3445	0.136848715292	465.870291959	32.242670537	2800.27412469	4	0	0					
12	13	1	0	1864	34.6190987124	1.29881974249	0.00945375702799	0.00127998616526	1274.77532773	2646	0.131996357873	404.106767936	26.7743764172	2498.45934592	4	0	0					
12	14	1	0	1841	9.2216186855	0.305812058664	0.00253648314913	0.000316838254758	1011.8470403	643	0.127036791864	260.329883478	30.1601866252	1760.44212076	4	0	0					
12	15	1	0	1978	8.68503538928	0.280080889788	0.0025891422763	0.000276664722188	993.201785835	606	0.132369110398	297.055637059	30.800330033	1881.96330158	4	0	0					
12	16	1	0	2019	6.89103516592	0.226844972759	0.00218307781306	0.000242658817179	969.87091637	519	0.128223090041	289.320400442	30.7167630058	1838.00269839	4	0	0					
12	17	1	0	1970	92.5654822335	3.50862944162	0.0426464731903	0.00385226381207	2725.93536788	7552	0.162574041335	1182.42457799	26.6046080508	6482.85405397	4	0	0					
12	18	1	0	2039	50.1937224129	1.97645904855	0.0156445082563	0.00208084546177	1548.10326661	4452	0.138296736214	489.792676034	25.6933962264	3107.28349748	4	0	0					
12	19	1	0	1930	30.5958549223	1.03886010363	0.00836976286405	0.00105227671561	1272.52076612	2193	0.130340100915	373.873502823	29.6210670315	2480.13082132	4	0	0					
12	20	1	0	2022	10.5682492582	0.330365974283	0.00271624723018	0.000349672661059	936.993817434	748	0.123099100832	231.988117834	32.0548128342	1628.75275244	4	0	0					
12	21	1	0	2280	9.14122807018	0.280263157895	0.00263532968072	0.000305853634339	973.53543752	689	0.125872024645	273.690333538	33.0478955007	1785.75541904	4	0	0					
12	22	1	0	2150	10.94	0.355813953488	0.00272300368583	0.000363108324899	956.062926792	846	0.120952398877	245.422569627	30.8522458629	1747.89295664	4	0	0					
12	23	1	0	2180	11.0596330275	0.358256880734	0.00278579702907	0.000388359424363	863.055824194	867	0.121798514308	208.821484033	31.1787773933	1521.998321	4	0	0					
12	24	1	0	1368	139.640350877	5.64619883041	0.0485876444022	0.00580679182861	2390.40574825	8418	0.150921594032	767.918915054	24.9303872654	4591.38314373	4	0	0					
13	1	1	0	2164	149.212107209	6.10073937153	0.054193449954	0.00726140498629	1724.86950254	14564	0.149581944669	515.619549497	24.4837956605	3137.81082954	4	0	0					
13	2	1	0	1979	12.2597271349	0.399191510864	0.00415965272012	0.000336481768881	1037.24813871	869	0.145675300534	484.978573304	30.2071346375	2758.80894379	4	0	0					
13	3	1	0	2078	8.65158806545	0.256496631376	0.00241882423473	0.000251019691653	911.894289365	600	0.130193815949	275.77311197	33.3183333333	1793.55044219	4	0	0					
13	4	1	0	2083	7.41862698032	0.258761401824	0.00216902125944	0.000273504715405	914.471848494	602	0.128384107283	265.748888783	28.9186046512	1787.82831285	4	0	0					
13	5	1	0	1719	97.2501454334	3.67597440372	0.0267470049325	0.00352640131546	1263.46936372	7065	0.136933470227	390.351357165	26.5977353149	2507.91054239	4	0	0					
13	6	1	0	1873	35.4191137213	1.29578216765	0.00869162477277	0.00124283280696	1026.24435211	2632	0.127885764817	284.64720641	27.3867781155	1939.42614346	4	0	0					
13	7	1	0	2102	12.1793529971	0.403425309229	0.00394276174985	0.000404167701996	974.154587552	952	0.132853314723	338.758226466	30.5945378151	2152.90497004	4	0	0					
13	8	1	0	1395	125.743369176	4.13189964158	0.0467120363417	0.00517763931984	1674.96111608	6351	0.143203908611	505.286947574	30.439143442	3198.3362438	4	0	0					
13	9	1	0	1922	68.7398543184	2.54110301769	0.0167299758243	0.00270771271623	1221.57553836	5351	0.126990375956	287.178133495	27.337507008	2102.76813546	4	0	0					
13	10	1	0	2081	17.7779913503	0.650168188371	0.00426589841684	0.000691795031726	1006.61804093	1493	0.119279301849	231.145916013	27.4755525787	1728.45256588	4	0	0					
13	11	1	0	2054	8.83349561831	0.314995131451	0.00335969573785	0.000330368690759	997.307075749	736	0.139705609113	352.13779386	28.0176630435	2171.0911893	4	0	0					
13	12	1	0	2259	7.48694112439	0.232846392209	0.0027200588686	0.000244516934525	1006.17192451	565	0.140033987863	375.000378246	32.1699115044	2267.06075284	4	0	0					
13	13	1	0	2285	7.91684901532	0.298468271335	0.00317766545368	0.000310398118188	1042.67913214	756	0.142292897695	404.381776156	26.9947089947	2404.01122367	4	0	0					
13	14	1	0	2118	108.533522191	4.38904627007	0.0317802505458	0.00508194774593	1420.6762517	10324	0.129965877127	350.25370579	24.9317125145	2476.62579475	4	0	0					
13	15	1	0	2269	26.4984574703	0.874834728955	0.00642775548354	0.00090472198715	1131.4413164	2173	0.122174294906	292.42481943	30.4565117349	2101.89659673	4	0	0					
13	16	1	0	2378	10.1509671993	0.311606391926	0.00313506550647	0.000338590282603	1030.62159433	817	0.131568035283	349.61600306	33.1297429621	2241.93023376	4	0	0					
13	17	1	0	2079	8.40452140452	0.260221260221	0.00263604416829	0.000295839543557	988.252064155	604	0.131794353272	279.073612414	32.619205298	1855.34786882	4	0	0					
13	18	1	0	2184	9.19597069597	0.282967032967	0.00288352889563	0.000298721326099	939.23998761	684	0.133207615023	301.652767295	32.769005848	1928.82216095	4	0	0					
13	19	1	0	2139	10.04628331	0.324918186068	0.00358198287457	0.000331181263955	972.734562177	767	0.137988055861	352.014990153	31.4106910039	2116.18756283	4	0	0					
13	20	1	0	1763	163.431083381	6.03913783324	0.0677457186929	0.00733230427596	2240.21434771	11679	0.151070809828	687.22868938	27.1213288809	4184.26168734	4	0	0					
13	21	1	0	2124	69.9025423729	2.68220338983	0.0178468883588	0.0028415076953	1306.60682116	6299	0.129082941172	312.950392544	26.1371646293	2205.79775327	4	0	0					
13	22	1	0	2226	12.7735849057	0.488319856244	0.00341810417889	0.00050301387656	886.904992478	1191	0.123217161291	233.813048792	26.3333333333	1622.31053949	4	0	0					
13	23	1	0	2288	11.8256118881	0.394667832168	0.00395044296851	0.000425983128062	900.73458542	995	0.130370459211	285.651375627	30.0663316583	1808.14575238	4	0	0					
13	24	1	0	2289	150.165574487	5.7994757536	0.0531233900052	0.00694169552889	1719.79610465	14502	0.14701230452	479.963165178	26.1012963729	2991.92353407	4	0	0					
14	1	1	0	2299	12.9151805133	0.393649412788	0.00520677000072	0.00037285420049	964.740505393	1000	0.146029855975	416.579831515	32.943	2323.06099003	4	0	0					
14	2	1	0	1699	166.908769865	6.04002354326	0.0677882111987	0.00753346229631	2020.5583709	11148	0.152872508443	620.134684116	27.985737352	3743.33221651	4	0	0					
14	3	1	0	2088	10.6278735632	0.304597701149	0.00275879975643	0.000317271512383	937.074626846	728	0.126425204952	258.213366453	34.8076923077	1742.66749748	4	0	0					
14	4	1	0	1798	170.536707453	5.29977753059	0.0791297083121	0.00697761370326	2282.8672337	10403	0.155445456282	723.573058459	32.0956454869	4329.39180686	4	0	0					
14	5	1	0	2014	147.645978153	4.88977159881	0.0656618877771	0.00598510833072	2284.43476973	10774	0.152573163686	802.206936197	30.2391869315	4707.57016059	4	0	0					
14	6	1	0	2081	58.7707832773	1.85439692456	0.0208937252445	0.00217727122676	1264.6176986	4222	0.135783579203	435.561175491	31.7453813359	2771.55213473	4	0	0					
14	7	1	0	2163	17.049468331	0.557558945908	0.00482861264764	0.000595434465207	1067.1525149	1330	0.128223980701	316.299177592	30.8315789474	2148.86834328	4	0	0					
14	8	1	0	2145	10.5160839161	0.337529137529	0.00305721051706	0.000363912193517	997.436865779	800	0.128185252941	271.013599939	31.39875	1838.64722154	4	0	0					
14	9	1	0	2123	11.2731983043	0.406500235516	0.00295823971415	0.000422140237361	1016.46216001	952	0.124410994303	267.387909585	27.5850840336	1878.69373044	4	0	0					
14	10	1	0	1744	135.240825688	5.51433486239	0.0656480798088	0.00708858423497	2547.43733596	10643	0.157501415332	924.422530444	24.4691346425	5369.20846758	4	0	0					
14	11	1	0	1961	115.233044365	4.71596124426	0.050795187423	0.00544723706356	1960.37644421	10084	0.154709474011	759.886298764	24.569714399	4322.92925274	4	0	0					
14	12	1	0	2174	41.2778288868	1.64949402024	0.01319875481	0.00198072149599	1271.9262957	3861	0.135683666739	381.966110816	25.0621600622	2514.56511572	4	0	0					
14	13	1	0	2057	11.2314049587	0.378220709772	0.00330585739632	0.00043584340801	1036.29741722	851	0.126360015907	300.520779556	29.7696827262	2042.74080567	4	0	0					
14	14	1	0	2211	9.1013116237	0.293532338308	0.00241182169919	0.000320741067237	997.269494153	712	0.126424649403	268.057218554	31.1292134831	1821.25211763	4	0	0					
14	15	1	0	1940	10.0639175258	0.325257731959	0.00302569311159	0.000380082538251	976.882512943	707	0.128223751073	263.163185228	30.8543140028	1785.88717139	4	0	0					
14	16	1	0	820	73.956097561	2.69024390244	0.0140780763627	0.00198431678617	1146.93475392	2456	0.126516595455	307.399151799	27.6453583062	2161.26797434	4	0	0					
14	17	1	0	727	37.1169188446	1.38651994498	0.00640209533021	0.000987828076979	1023.33771498	1129	0.122162771575	257.953720823	26.5039858282	1862.91740471	4	0	0					
14	18	1	0	692	20.9320809249	0.654624277457	0.00462250247777	0.000516866481509	995.952988576	521	0.124705317133	264.334264831	32.207293666	1836.20840137	4	0	0					
14	19	1	0	683	19.0263543192	0.632503660322	0.00396572154584	0.000511623439969	934.42110733	483	0.128506923102	235.592472145	30.5300207039	1650.11732158	4	0	0					
14	20	1	0	715	16.0027972028	0.462937062937	0.00425206931982	0.000393902087026	938.609701392	368	0.129929047813	286.825186199	33.9972826087	1846.79935462	4	0	0					
14	21	1	0	786	20.2290076336	0.655216284987	0.00412020734722	0.000503881919998	884.526334763	583	0.126154157323	219.656984649	31.2041166381	1544.52962596	4	0	0					
14	22	1	0	1943	130.287699434	5.26145136387	0.0379360434296	0.0054705619161	1888.64947449	11226	0.134627105994	490.162577843	24.9705148762	3399.55700918	4	0	0					
14	23	1	0	2020	151.547524752	6.32178217822	0.0599539528458	0.00763471044669	2590.97073385	13978	0.151300466926	784.616825846	24.1141078838	4788.54925271	4	0	0					
14	24	1	0	2123	66.6344795101	2.49740932642	0.0179393358832	0.00261101087102	1340.44362374	5777	0.128151626139	370.179112274	26.9182966938	2505.61000005	4	0	0					
15	1	1	0	2283	15.5628558914	0.438020148927	0.00488176148963	0.000427723377071	1041.62951673	1109	0.138501641264	384.970881263	35.7024346258	2408.32226233	4	0	0					
15	2	1	0	1822	151.253567508	5.06915477497	0.0501047840688	0.00582622587501	1580.2418887	10052	0.144862565392	448.26609009	30.0949064863	2837.95982322	4	0	0					
15	3	1	0	2228	20.8074506284	0.639138240575	0.00469155152282	0.000660678662107	974.990928961	1554	0.117364019567	221.045673718	32.323037323	1709.72508664	4	0	0					
15	4	1	0	2094	17.4092645654	0.508595988539	0.00482645680505	0.000545950177079	982.095350689	1180	0.123046882474	259.314753334	34.2296610169	1814.56463927	4	0	0					
15	5	1	0	2159	9.75636868921	0.254747568319	0.00285976343384	0.000269853898379	920.184100982	619	0.126780442261	285.89199248	37.8222940226	1906.35730757	4	0	0					
15	6	1	0	2216	9.35920577617	0.287906137184	0.00278177378373	0.000299538050371	908.880328978	697	0.129266207839	253.9630316	32.9454806313	1714.71889752	4	0	0					
15	7	1	0	2040	67.4539215686	2.56274509804	0.0196949331173	0.00288423395891	1304.14944032	5702	0.129684369592	356.147533346	26.4836899334	2509.77881981	4	0	0					
15	8	1	0	2235	20.7758389262	0.729306487696	0.00576615959196	0.0008124731463	1010.30348398	1793	0.125438722419	269.46441564	28.7127718907	1896.2703775	4	0	0					
15	9	1	0	2106	8.70275403609	0.259734093067	0.00288489282752	0.000284483298902	966.05771027	612	0.135921353169	317.965066471	33.4444444444	1983.15996595	4	0	0					
15	10	1	0	2095	9.31503579952	0.297374701671	0.00320803123881	0.000323276261817	956.795467292	699	0.137472062228	325.733351681	30.8769670959	2011.95882163	4	0	0					
15	11	1	0	2218	7.27412082958	0.24165915239	0.00253677033894	0.000263840501921	998.570143684	593	0.137350843228	333.381040452	29.8988195616	2106.91104318	4	0	0					
15	12	1	0	2289	6.72258628222	0.231542158148	0.00228761272314	0.00025719330898	974.667103301	597	0.132548010652	295.74781392	29.4807370184	1899.05823367	4	0	0					
15	13	1	0	1948	44.5251540041	1.40965092402	0.0119177047203	0.00142505786716	1112.68586229	3016	0.129808275926	318.771836624	31.6425729443	2123.15611829	4	0	0					
15	14	1	0	2176	19.8409926471	0.558363970588	0.00608064220999	0.000641957743171	1085.01624503	1336	0.128619913765	331.389295799	35.5681137725	2198.63370875	4	0	0					
15	15	1	0	2164	10.0628465804	0.303604436229	0.00371219602929	0.000348745023018	995.171117831	775	0.139130048221	331.384041476	33.5367741935	2060.11768037	4	0	0					
15	16	1	0	2093	11.2689918777	0.333014811276	0.00432595449382	0.000333334719603	983.289302598	775	0.144420898441	411.239187224	33.6103225806	2322.91025946	4	0	0					
15	17	1	0	2335	7.82312633833	0.241113490364	0.00283223252945	0.000263911915942	999.174003961	639	0.138396096643	375.405653726	33.1189358372	2252.12611868	4	0	0					
15	18	1	0	2212	9.04294755877	0.298372513562	0.00319630791352	0.000322515353789	927.282408953	733	0.136403747423	312.183359885	30.3547066849	1938.30724297	4	0	0					
15	19	1	0	2053	126.509498295	4.92596200682	0.0440442920113	0.00560327731494	1498.37150939	11101	0.147963739409	458.466455884	25.7889379335	2810.74607802	4	0	0					
15	20	1	0	1920	74.5369791667	2.63802083333	0.0177618503584	0.00283687451846	1109.36618851	5563	0.12576677201	250.319914277	28.344058961	1846.64812142	4	0	0					
15	21	1	0	2127	39.5782792666	1.41748942172	0.00835667372024	0.00147193304532	1123.42023886	3340	0.115618174549	222.784649732	28.0260479042	1803.27332365	4	0	0					
15	22	1	0	2162	44.2192414431	1.63783533765	0.0102241748424	0.00174716656153	1005.04513639	3927	0.120220516705	219.643423981	27.1311433664	1669.7186579	4	0	0					
15	23	1	0	2211	149.882858435	6.37358661239	0.0512304591996	0.00736355320069	1794.93505778	15290	0.146056154775	497.7570727	23.690647482	3141.93640174	4	0	0					
15	24	1	0	2144	10.0634328358	0.310634328358	0.00295468587627	0.000307887591596	927.106955931	735	0.127307616219	266.658518344	32.4204081633	1780.7918843	4	0	0					
16	1	1	0	2225	10.7460674157	0.261573033708	0.00452285794927	0.000246991258568	1037.57760803	649	0.15494103847	498.989921623	41.2249614792	2731.35625474	4	0	0					
16	2	1	0	2239	31.4743188924	0.98347476552	0.00839809722538	0.000956529723935	1082.39495092	2402	0.126621415136	318.530807905	32.2460449625	2137.54839478	4	0	0					
16	3	1	0	2320	16.1051724138	0.483189655172	0.00416930262744	0.000496335164961	979.45973826	1221	0.124070662335	254.422295805	33.3595413595	1803.63521391	4	0	0					
16	4	1	0	1932	168.314699793	5.71894409938	0.0716328912702	0.0069107621299	2900.45386972	11953	0.150680376236	915.858852221	29.6494603865	5644.61888751	4	0	0					
16	5	1	0	2197	78.714610833	2.62130177515	0.0226443478796	0.00301046515533	1341.45214272	6275	0.128343386134	352.586287815	30.1340239044	2530.93523099	4	0	0					
16	6	1	0	2051	10.6616284739	0.282301316431	0.00280004579277	0.000287401645049	950.397839662	661	0.12822783562	268.274999951	37.7549167927	1801.1050889	4	0	0					
16	7	1	0	2197	10.6627218935	0.318616294948	0.00340002330423	0.000360154198705	919.940524885	792	0.127557831719	275.560103671	33.4949494949	1891.35879456	4	0	0					
16	8	1	0	2157	9.34399629115	0.270282800185	0.00235499424754	0.000302540551336	1017.79038904	652	0.12073402387	257.236298523	34.1150306748	1895.73997091	4	0	0					
16	9	1	0	2189	8.68981269986	0.295568752855	0.00234537077165	0.000324446169128	1010.54478795	714	0.123808042805	239.745175872	29.6050420168	1765.67476981	4	0	0					
16	10	1	0	2127	103.326281147	3.79266572638	0.047376988074	0.00429229225564	2156.3052456	8846	0.156290351239	898.176791652	27.3198055618	5109.8400678	4	0	0					
16	11	1	0	2189	54.7989949749	2.17587939698	0.020347489875	0.00242459797304	1311.1908146	5188	0.145660433744	507.645672335	25.2868157286	3101.4914789	4	0	0					
16	12	1	0	2279	18.8881088197	0.53839403247	0.0054182912975	0.000616790862946	1144.1619884	1345	0.127526106071	324.930454699	34.9397769517	2204.62128755	4	0	0					
16	13	1	0	2476	11.4317447496	0.369143780291	0.00357040446887	0.000445208817885	1115.44982315	990	0.127934541172	326.460098421	31.0777777778	2210.63317976	4	0	0					
16	14	1	0	2334	8.87617823479	0.245072836332	0.00233086971239	0.0002535110245	1065.6377956	636	0.125635452146	308.541771621	36.4339622642	2061.82955572	4	0	0					
16	15	1	0	2194	9.20510483136	0.296262534184	0.00218493577519	0.000316841427698	972.225420794	712	0.11940067978	222.127745956	31.2471910112	1650.4407381	4	0	0					
16	16	1	0	2010	142.031840796	5.55970149254	0.0670084572093	0.00719838858967	3426.70210578	12157	0.160236201506	1215.93935406	25.751665707	6999.59792488	4	0	0					
16	17	1	0	2116	33.8345935728	1.23724007561	0.0101751049832	0.00133467350426	1228.45892079	2848	0.136453294507	389.640368968	27.5361657303	2457.34067416	4	0	0					
16	18	1	0	2122	10.3110273327	0.324222431668	0.00265601167749	0.000347814942084	993.330739436	767	0.123572503508	255.515365135	32.260756193	1806.22135035	4	0	0					
16	19	1	0	2110	9.10568720379	0.297156398104	0.00233143508024	0.000316461322779	928.658283794	688	0.12568690565	231.403352347	30.2790697674	1619.95896834	4	0	0					
16	20	1	0	2297	8.91075315629	0.293426208098	0.00209109616949	0.000314063397617	1008.2960132	741	0.119651012549	231.199956803	30.3414304993	1721.20605088	4	0	0					
16	21	1	0	2507	10.6633426406	0.343837255684	0.0029007089755	0.000369981147523	942.601577599	953	0.122890463639	232.560146294	31.3651626443	1642.57851783	4	0	0					
16	22	1	0	2213	61.8178942612	2.15047446905	0.0175796507661	0.00231440944948	1354.26311035	5204	0.129204824408	381.772067406	28.9377401998	2559.50909299	4	0	0					
16	23	1	0	2152	46.967472119	1.81459107807	0.0129084841068	0.00198571790096	1171.05040127	4248	0.127124858831	311.109419432	26.0313088512	2137.23278122	4	0	0					
16	24	1	0	2175	8.80827586207	0.24091954023	0.00197480010762	0.000187146923811	1098.10347297	574	0.131670086596	315.392807873	36.6759581882	2065.57301177	4	0	0					
